"gene","statistic","p.value","p_adj"
"SLC1A2",0.716030040196477,3.63204274865861e-31,6.78320303739482e-27
"IDS",0.679843588027661,4.06043566572884e-27,3.79163482465759e-23
"ATP1A2",0.671533108512993,2.86744335488805e-26,1.70538257462856e-22
"FBXL16",0.670485113306827,3.65256494887248e-26,1.70538257462856e-22
"NRGN",0.648554195261277,4.65192847753571e-24,1.73758832492914e-20
"CAMK2A",0.632253408390085,1.32932535729398e-22,4.10456385671269e-19
"FAM107A",0.63152033661816,1.53844222515468e-22,4.10456385671269e-19
"NCS1",0.62534608773242,5.18595427718679e-22,1.17567487096275e-18
"RAB6B",0.624891198327407,5.66559961376351e-22,1.17567487096275e-18
"ATRNL1",0.624205365070617,6.47214292526592e-22,1.20873741272266e-18
"PRKAR1B",0.610607671009986,8.47636584685014e-21,1.43913280505248e-17
"DLG4",0.606735862343468,1.72406902045785e-20,2.6832260855059e-17
"DIRAS2",0.599830291260437,5.97285547199795e-20,8.58069606115644e-17
"OLFM1",0.595878002160725,1.20008824383238e-19,1.6009177172724e-16
"DMTN",0.595017211440468,1.39527778985665e-19,1.73721386689085e-16
"NEFL",0.594205408809983,1.60769772745619e-19,1.87658517237324e-16
"ITM2C",0.593027945080852,1.97315705429848e-19,2.1676871262399e-16
"KCNAB2",0.591406089394516,2.61276053130698e-19,2.71088420459385e-16
"ENC1",0.585100622411176,7.66886109885493e-19,7.53808683590603e-16
"PCSK1N",0.582332795339133,1.22128368148661e-18,1.1404347017722e-15
"CAMK2G",0.58113958543829,1.49054639803371e-18,1.30936356384713e-15
"FXYD7",0.580920888608957,1.5458472978161e-18,1.30936356384713e-15
"KIF5A",0.58066720028693,1.61251670424523e-18,1.30936356384713e-15
"PLD3",0.57712081250246,2.89863232222204e-18,2.1961178693274e-15
"CST3",0.572673393781137,5.9878069663708e-18,4.30108780399773e-15
"DKK3",0.570223989292603,8.88732327045708e-18,5.93784371693485e-15
"ATP1B2",0.570213491844795,8.90231441819318e-18,5.93784371693485e-15
"SEPTIN3",0.568540898494054,1.16357741865115e-17,7.49343857611338e-15
"YWHAG",0.564971766239333,2.05003498518039e-17,1.2762151127743e-14
"PSD",0.563055982014373,2.77057472808245e-17,1.66913721360219e-14
"CALM1",0.561848775516453,3.34629752254519e-17,1.93139569512856e-14
"GNB1",0.561722806142756,3.41272531266023e-17,1.93139569512856e-14
"BSCL2",0.561227676521146,3.68655389250151e-17,1.97251272162382e-14
"BEX1",0.561210180774799,3.69661304652139e-17,1.97251272162382e-14
"SLC12A5",0.560491105599951,4.13410721563536e-17,2.11814478091223e-14
"STXBP1",0.560394878995044,4.1963673641975e-17,2.11814478091223e-14
"RGS4",0.557947224081145,6.12768944691154e-17,3.01159810817157e-14
"SLC1A3",0.557121424853582,6.9577116450253e-17,3.33185186365365e-14
"PFKP",0.556442589895332,7.72153253337712e-17,3.60518353983378e-14
"FAM171B",0.555852983243449,8.45105731642081e-17,3.84955966930427e-14
"MAP2",0.555335109151587,9.14712701427061e-17,4.06742247901233e-14
"PACSIN1",0.554946703582691,9.7056777150466e-17,4.15493976932865e-14
"SLC17A7",0.554890717194382,9.78889215305529e-17,4.15493976932865e-14
"CLU",0.554278366072249,1.0745854237257e-16,4.45976830522247e-14
"SNCB",0.5500164022622,2.04591314309936e-16,8.3064073609834e-14
"ANK2",0.549731221596749,2.13529310719791e-16,8.4848370361762e-14
"SPARCL1",0.548289572097784,2.64889428248629e-16,1.03064061707737e-13
"SHC3",0.547122605816461,3.15143122599695e-16,1.2011455015657e-13
"FUT9",0.546078109759565,3.67947078418483e-16,1.37435592730872e-13
"AQP4",0.544531485782519,4.62356944433826e-16,1.69313299887179e-13
"CPE",0.542461738989708,6.26505150871599e-16,2.2501173457073e-13
"CEND1",0.539539949349814,9.58637222052295e-16,3.36882367502134e-13
"PHACTR1",0.53942972614783,9.74065530365991e-16,3.36882367502134e-13
"SREBF2",0.537480700004811,1.29056489128691e-15,4.38228907448624e-13
"LMO4",0.536807113770465,1.42176083050838e-15,4.74157236974544e-13
"SLC8A1",0.53375760518224,2.19794306269176e-15,7.07737666186746e-13
"AGAP2",0.532975545320544,2.45600252607231e-15,7.77428867405534e-13
"STMN2",0.530498147637856,3.48447024763553e-15,1.06681912040723e-12
"MAPK1",0.530011765889418,3.73091265714516e-15,1.12384717394908e-12
"DTNA",0.528090732940554,4.88168953472647e-15,1.44714974207225e-12
"ADGRL1",0.526608843224991,5.99973794521595e-15,1.75079852913833e-12
"SNAP25",0.525228428838239,7.26389738027583e-15,2.05595987634083e-12
"CHGA",0.525053471374772,7.44161520469069e-15,2.07432247108662e-12
"CA11",0.524752544537609,7.75726832377548e-15,2.13051092962986e-12
"EZR",0.524103452348148,8.48327323929744e-15,2.26333730024456e-12
"SEPTIN5",0.52372204507779,8.94037784034898e-15,2.35169713445574e-12
"ALDOC",0.523181426515678,9.62972058862838e-15,2.49784252379477e-12
"SPTBN2",0.522943484365364,9.94931458125146e-15,2.54538902903359e-12
"LMO3",0.522415112825694,1.06964672666756e-14,2.69955706314099e-12
"PIP5K1C",0.520492330302195,1.39065663957946e-14,3.46292045343814e-12
"PDZD4",0.519865982582984,1.51423711900671e-14,3.7210384782328e-12
"RIMS3",0.519682277246344,1.55247215045194e-14,3.76545063400525e-12
"NAPB",0.51951956680532,1.58712304410972e-14,3.80014230407604e-12
"CALY",0.519363854662835,1.62098970101587e-14,3.83210172862942e-12
"TUBA4A",0.518826735249992,1.74330966781832e-14,4.06975641952186e-12
"SPTAN1",0.517280111272947,2.1480267433883e-14,4.95266018018765e-12
"HPCAL4",0.517047417846536,2.21636242163749e-14,5.04790055932947e-12
"KIFC2",0.516723746539123,2.31495402066516e-14,5.20892545661958e-12
"EPB41L1",0.516128891163336,2.50742669065504e-14,5.57484534222303e-12
"BTBD2",0.515387071518237,2.76942150427803e-14,6.08490776634077e-12
"TLE5",0.514909437642973,2.95204880008647e-14,6.41075155702498e-12
"TSPAN7",0.514067892243698,3.3028109822662e-14,7.09003424193143e-12
"RTN1",0.513144116836594,3.73468641675068e-14,7.83696668755457e-12
"VSNL1",0.511943908637213,4.37879854967954e-14,9.08649352375723e-12
"UCHL1",0.511438281567794,4.68149874821396e-14,9.44698884061292e-12
"FXYD1",0.511401540500466,4.70427266104627e-14,9.44698884061292e-12
"PDE4DIP",0.51103937855109,4.93461884983871e-14,9.80414272761571e-12
"RBFOX3",0.51030105805526,5.43878933672637e-14,1.06920873318633e-11
"CDK5R1",0.509149837945649,6.32666958362161e-14,1.21811217673935e-11
"SYT1",0.508896149623623,6.54054578981225e-14,1.23781608782294e-11
"MAPT",0.508871655578737,6.56156525457655e-14,1.23781608782294e-11
"ACO2",0.507575220774449,7.77325019823208e-14,1.44657169630416e-11
"ADCY1",0.507526232684678,7.82307460520028e-14,1.44657169630416e-11
"SNRPN",0.505717172512433,9.89778247520025e-14,1.81226456379255e-11
"MAP3K10",0.505027840106374,1.08219936493047e-13,1.96224809120791e-11
"ST6GALNAC6",0.504140805766598,1.21357821331048e-13,2.15855111540824e-11
"CYFIP2",0.503524955495195,1.31380522096101e-13,2.31477606666678e-11
"NCDN",0.503105057582875,1.38672073233074e-13,2.39799966638972e-11
"REEP5",0.502921352246235,1.419847848628e-13,2.43275948816298e-11
"MT3",0.501731641494662,1.65383647782761e-13,2.78261712251428e-11
"GPI",0.500722136930459,1.88151343099406e-13,3.13742364618259e-11
"CAMK2B",0.500172770495173,2.01796186598271e-13,3.33517308045072e-11
"STMN3",0.498207998180442,2.58948155463219e-13,4.24220679950094e-11
"CADM3",0.497756607924698,2.74154998796131e-13,4.45227718044917e-11
"ATP1A3",0.49527921024201,3.74429815425766e-13,6.02832002835484e-11
"BSN",0.494441163992004,4.15832197764965e-13,6.63343028586078e-11
"PRDX6",0.494378179305156,4.19117998357021e-13,6.63343028586078e-11
"HPCA",0.49425570908073,4.25579601849389e-13,6.67909633961277e-11
"NTRK2",0.492691589357337,5.17140195748876e-13,8.048425246505e-11
"GRIN1",0.491279682627161,6.16072384125636e-13,9.47391382737585e-11
"PDXP",0.491242941559833,6.18878500181973e-13,9.47391382737585e-11
"CAMK2N1",0.490308668704921,6.94566017267725e-13,1.05153611613824e-10
"NRCAM",0.490266678913689,6.98171334338947e-13,1.05153611613824e-10
"CDH2",0.490151206987801,7.08180166560449e-13,1.05807782325464e-10
"SLC8A2",0.488046468702297,9.17096222350228e-13,1.35934040068356e-10
"NPTN",0.487773535059289,9.48238623739147e-13,1.39443342810648e-10
"THY1",0.487488354393838,9.8187775308446e-13,1.43262100910979e-10
"GABRB2",0.487339640549891,9.9987759894159e-13,1.44757473161497e-10
"MAST1",0.486118437454894,1.16035011835987e-12,1.66697683157607e-10
"MAP6",0.486039706596334,1.17151470371532e-12,1.6701685959227e-10
"ZMIZ2",0.485632055706456,1.23101556821464e-12,1.73854996746611e-10
"GJA1",0.48558481719132,1.23809780291814e-12,1.73854996746611e-10
"DDAH1",0.484531573261251,1.40671152229556e-12,1.94646721763838e-10
"NRXN2",0.483926220437656,1.51352423080865e-12,2.07842489224871e-10
"PHYHIP",0.482573799245059,1.781450571381e-12,2.42849422416873e-10
"AKT3",0.482188892825432,1.86578972685395e-12,2.52503543034234e-10
"CAMKV",0.481908960883885,1.9295546170915e-12,2.59254403084898e-10
"PLEKHM2",0.479580277045143,2.54889438967079e-12,3.40022511582083e-10
"ABR",0.479382575111426,2.6095982362498e-12,3.45651465675186e-10
"DNM1",0.477736225380204,3.17278814166316e-12,4.14370568767141e-10
"PLEKHG5",0.47762950132749,3.21312007244745e-12,4.16723822729365e-10
"PDE2A",0.477115126384898,3.41460522321923e-12,4.39801152750637e-10
"SYNPO",0.476114369693868,3.84241327678831e-12,4.91513084639031e-10
"SHANK1",0.475969154999191,3.90866870608004e-12,4.96587052753407e-10
"YWHAH",0.475801195834263,3.98668763835083e-12,5.03076880634055e-10
"FXYD6",0.474156595677676,4.83516207933389e-12,6.06050248279461e-10
"SRI",0.473661466056065,5.12333157074871e-12,6.37888936102019e-10
"PI4KA",0.473469012846252,5.23978979421158e-12,6.48068305938381e-10
"CELF2",0.472510245946454,5.85939484160467e-12,7.10584792609148e-10
"DLGAP3",0.471178819649473,6.83924835664791e-12,8.24063240701654e-10
"SORBS1",0.470555971079531,7.35063374566024e-12,8.80002793807376e-10
"CABP1",0.470361768295083,7.51754867105523e-12,8.9425311452629e-10
"AMPH",0.470080086778902,7.76621414426574e-12,9.17986173153842e-10
"KNDC1",0.4692472892528,8.54906919820709e-12,1.00416614053909e-09
"NGEF",0.46825003171104,9.58775997988785e-12,1.11913128365241e-09
"NELL2",0.46756769760352,1.03680496895203e-11,1.1952697284042e-09
"PLPP3",0.467340252901013,1.06416022014382e-11,1.21330177795961e-09
"SYN2",0.46691160711552,1.11763315910706e-11,1.26502526542324e-09
"SIRPA",0.466750646249131,1.13837959442192e-11,1.28074562080866e-09
"CNRIP1",0.466190782366037,1.21349615959331e-11,1.35708109440506e-09
"TOLLIP",0.465853114461546,1.26110597573783e-11,1.40192947636188e-09
"NSMF",0.465427967825322,1.32363610152811e-11,1.46273537468278e-09
"ALDOA",0.464894347561749,1.40639410775911e-11,1.54504802097113e-09
"GP1BB",0.464691396904128,1.43917076340393e-11,1.57181012732935e-09
"BAIAP3",0.463953076408298,1.56478764739432e-11,1.69906826178699e-09
"RAB3A",0.463716883832618,1.60717586081018e-11,1.73427734127124e-09
"KIF3C",0.463555922966229,1.63669947172724e-11,1.74668567622731e-09
"CNKSR2",0.463324979114453,1.67998140142035e-11,1.78268935527991e-09
"IQSEC1",0.461013791022058,2.17911176867769e-11,2.29927070010308e-09
"EIF4A2",0.460604390557546,2.2814115875128e-11,2.37731567050331e-09
"RAP1GAP",0.460565899915583,2.29126590646067e-11,2.37731567050331e-09
"GABBR1",0.460457426288234,2.31926006427856e-11,2.39306635140698e-09
"ATP2A2",0.460179243921322,2.3925781036407e-11,2.45515322327438e-09
"PPP3R1",0.458704352504297,2.82050391847212e-11,2.84733682061543e-09
"RAB31",0.457498895581012,3.22462753879465e-11,3.21144593415717e-09
"TUBB2A",0.45701076425794,3.40379256274909e-11,3.36345131756095e-09
"PTPRU",0.455933026282985,3.83425125149808e-11,3.76886717752517e-09
"CPLX1",0.454830794263145,4.32899226184918e-11,4.23289316661232e-09
"RASD1",0.454673332546025,4.40454349655991e-11,4.28433616363296e-09
"CHN1",0.454522869127443,4.47793156822687e-11,4.31081700867036e-09
"TPI1",0.453635834787667,4.93531182858499e-11,4.70264712809455e-09
"TNIK",0.452846776627432,5.38002745871277e-11,5.07461579893534e-09
"CTNNA2",0.450829517073661,6.70104997501567e-11,6.22630892205934e-09
"TBR1",0.449568073762067,7.6816835054847e-11,7.05397787491296e-09
"ZBTB7A",0.449517336097661,7.72390703589017e-11,7.05397787491296e-09
"NAP1L3",0.449494591627411,7.7429078194322e-11,7.05397787491296e-09
"NRSN1",0.448695036019368,8.44043861924258e-11,7.65211804140653e-09
"PEA15",0.448033696807464,9.06310090349053e-11,8.17693103737145e-09
"CAMK1D",0.447926972754749,9.16767081972781e-11,8.23151058794406e-09
"SYNGR3",0.447806252104957,9.28736531747545e-11,8.29908299852495e-09
"TMEM130",0.447720522947858,9.37328457375031e-11,8.33597441425528e-09
"BAALC",0.447022442668626,1.01021987996065e-10,8.91616524899387e-09
"PRKCB",0.447004946922279,1.0121155669237e-10,8.91616524899387e-09
"ZNF428",0.446614791778749,1.05529679016129e-10,9.25292152725460e-09
"OAZ1",0.446009438955154,1.12585282539043e-10,9.82543334906155e-09
"CHL1",0.444847721397735,1.27428489199517e-10,1.10690905315823e-08
"ARF3",0.444436571358588,1.33123056604752e-10,1.15102139127331e-08
"BEX2",0.443112143360146,1.53194328127504e-10,1.31845957240059e-08
"ATP2B1",0.442989673135719,1.55191934571123e-10,1.32952503213316e-08
"LZTS3",0.442896945680081,1.56721179689294e-10,1.33649532049189e-08
"NSF",0.442174371355964,1.69148548579144e-10,1.43591740602913e-08
"AHCYL1",0.442065897728615,1.71094740561055e-10,1.44586668539288e-08
"MLLT11",0.441687989607527,1.78045987957439e-10,1.49783192391583e-08
"GRAMD2B",0.440312823944678,2.05726231653507e-10,1.72293412661924e-08
"GABRA2",0.440199101593425,2.08193414343683e-10,1.73438685067601e-08
"MAP1A",0.440141365630481,2.09456932372795e-10,1.73438685067601e-08
"SCG5",0.4401221203095,2.09879753829931e-10,1.73438685067601e-08
"GRIA2",0.439378551089766,2.26864541475224e-10,1.86648554034858e-08
"CHGB",0.439040883185276,2.35010383524236e-10,1.92502365030641e-08
"EVL",0.438904416363771,2.38382271887388e-10,1.94411672915671e-08
"SULT4A1",0.438468772279739,2.4946296781401e-10,2.02563929864976e-08
"PKIA",0.438262322472849,2.54886769031984e-10,2.05408296829203e-08
"RANBP3L",0.438251825025041,2.55165586123234e-10,2.05408296829203e-08
"SUB1",0.437907158822011,2.64485983328762e-10,2.11997434534247e-08
"PRKCA",0.437571240492155,2.73886717695561e-10,2.17664184667331e-08
"EEF1A2",0.437086608318353,2.88021709567209e-10,2.27927688469373e-08
"NPIPA1",0.436862662765115,2.94789697854898e-10,2.3229925726321e-08
"MAPK10",0.436724446368977,2.99043421093048e-10,2.34661131610662e-08
"CYSTM1",0.436633468487974,3.01875721605084e-10,2.35892509485212e-08
"NRXN1",0.434469244664891,3.77450434089133e-10,2.92500593653471e-08
"H4C12",0.433381009242128,4.22077856659336e-10,3.25732481445032e-08
"STX1A",0.4328193957844,4.47066293373361e-10,3.42188938321348e-08
"PALM",0.43271442130632,4.51893295712196e-10,3.44471803702897e-08
"NUDCD3",0.432289274670096,4.7196378259143e-10,3.58308764377136e-08
"ABAT",0.430683165155472,5.55866209654343e-10,4.18603118205827e-08
"GRIA1",0.430625429192527,5.59136514745302e-10,4.19374841340693e-08
"PRRT2",0.430404982788559,5.71795284761132e-10,4.27153949527956e-08
"S100A1",0.430300008310479,5.77920337438288e-10,4.30009570597508e-08
"CBX7",0.429699904210789,6.14173305507392e-10,4.55170660859367e-08
"CKB",0.42961417505369,6.19528692340462e-10,4.57324816527687e-08
"PRXL2A",0.428923093072997,6.64381758896738e-10,4.88503690124232e-08
"MAPK8IP1",0.428595922616314,6.86696835836997e-10,5.00966801019209e-08
"DYNLL1",0.428172525554724,7.16653916993967e-10,5.20787103259896e-08
"SHANK3",0.427602164223823,7.59014982969245e-10,5.49432706276497e-08
"OTUB1",0.427280242491044,7.83983494755535e-10,5.63141374925168e-08
"LSAMP",0.427198012483215,7.90487649258972e-10,5.65637829025309e-08
"WSB2",0.426484186032271,8.49186359597823e-10,6.05320780604921e-08
"ISCU",0.425964562365775,8.9454499236862e-10,6.34153537826884e-08
"LDHB",0.425943567470159,8.9642607617422e-10,6.34153537826884e-08
"GABBR2",0.425758112558884,9.13209346196425e-10,6.43588594323186e-08
"ID2",0.425695127872036,9.18978164483187e-10,6.45219406010827e-08
"KCNQ2",0.425360959116815,9.50179498673698e-10,6.6462742761161e-08
"PAK3",0.424612141173177,1.02386198710587e-09,7.13494271313029e-08
"MDH1",0.424487921374116,1.03660774277877e-09,7.19499944433122e-08
"FBXO41",0.424435434135076,1.04203927257495e-09,7.19499944433122e-08
"CNTFR",0.424416188814094,1.04403772189642e-09,7.19499944433122e-08
"KIF1B",0.424346205828708,1.05133610554249e-09,7.2186592305557e-08
"PNMA1",0.424083769633508,1.07914705093898e-09,7.38247264591073e-08
"GABARAPL1",0.423765347049998,1.11384721062076e-09,7.59204762976399e-08
"H4C4",0.423558897243108,1.13691911815152e-09,7.7211278002174e-08
"TMEM59L",0.42330870807035,1.16549897758053e-09,7.88654308162825e-08
"SATB1",0.422647368858446,1.24443151581011e-09,8.3600730177229e-08
"JPH4",0.421573130032761,1.38378060590589e-09,9.20967530528102e-08
"RHOBTB3",0.421559133435683,1.38569220431782e-09,9.20967530528102e-08
"MIR9-1HG",0.421125238926286,1.44623451585125e-09,9.57797014824044e-08
"PPP6R1",0.420903042947683,1.47822027244001e-09,9.7552091194663e-08
"ARRB1",0.420456901415843,1.54452156635472e-09,1.01212227274529e-07
"PRDX2",0.420362424385571,1.55892616856677e-09,1.0179896896557e-07
"NPTX1",0.419762320285881,1.65350074966007e-09,1.07224930557817e-07
"EFHD2",0.41942115323212,1.70971577117763e-09,1.1048668423015e-07
"GPM6A",0.419125475118862,1.7599259308125e-09,1.13339229944325e-07
"STARD7",0.418966263827107,1.78754945708e-09,1.14722589898371e-07
"HSPH1",0.41866008826604,1.84185411220972e-09,1.17802970546674e-07
"L1CAM",0.418262934823971,1.91467468745447e-09,1.21671182490798e-07
"PFN2",0.418250687801528,1.91696390579439e-09,1.21671182490798e-07
"COX6A1",0.418224444182008,1.92187828415e-09,1.21671182490798e-07
"PTPRN2",0.417647084552568,2.03312683546268e-09,1.28279313442909e-07
"EHD3",0.416924510228451,2.18114567257811e-09,1.37155140003599e-07
"SCRT1",0.416887769161123,2.18894382395063e-09,1.37183606899671e-07
"CALM2",0.416784544257677,2.21099735403805e-09,1.38102296267607e-07
"CACNA1B",0.416714561272291,2.22607085049246e-09,1.38580330679324e-07
"GOT1",0.415836274805688,2.42389337642476e-09,1.50394128565146e-07
"GNG2",0.415439121363618,2.51882582661413e-09,1.55766858072336e-07
"SYNGR1",0.415360390505058,2.53806699808952e-09,1.56438743420198e-07
"MSI2",0.415138194526456,2.59313882493182e-09,1.59177943847758e-07
"MAOB",0.415082208138146,2.60719622751098e-09,1.59177943847758e-07
"CRTC1",0.415078708988877,2.60807725516246e-09,1.59177943847758e-07
"ITPKA",0.414895003652237,2.65473729342133e-09,1.61497959908589e-07
"MGLL",0.414767284703906,2.68765124840873e-09,1.62969398426239e-07
"R3HDM1",0.414230165291064,2.83043658435738e-09,1.70635050271147e-07
"RUNDC3A",0.414223166992525,2.83234448404667e-09,1.70635050271147e-07
"TESPA1",0.41417242932812,2.84621395448724e-09,1.7091926628297e-07
"PNCK",0.413820764826552,2.94416280131556e-09,1.76234565632594e-07
"COX6B1",0.413414863511309,3.06126767521648e-09,1.82658898090553e-07
"TSPYL1",0.412417605969549,3.36840357955741e-09,1.99708905561315e-07
"MOAP1",0.411283881606284,3.75373912243958e-09,2.21850733704689e-07
"PFKM",0.411164910531127,3.79655964744248e-09,2.23673652919987e-07
"CISD1",0.411056436903778,3.8360126457985e-09,2.25287333877147e-07
"SAMD14",0.410849987096887,3.91219701404938e-09,2.29041352458891e-07
"C1QTNF4",0.410132661496674,4.18842714665634e-09,2.44447079346731e-07
"ELAVL4",0.40976000209949,4.33927003848349e-09,2.52461704793513e-07
"RTN3",0.409648029322871,4.38560917698256e-09,2.54365332264988e-07
"APLP2",0.408475814317644,4.90030375036791e-09,2.83337686816938e-07
"FAM171A2",0.40797193682286,5.13903726495344e-09,2.95255377887833e-07
"GUK1",0.407931696606263,5.15857942784516e-09,2.95255377887833e-07
"MAPK8IP3",0.407908952136012,5.16965670214828e-09,2.95255377887833e-07
"PPP3CB",0.407637768067639,5.30351325803249e-09,3.01976870753094e-07
"BSG",0.4074995516715,5.37301758488018e-09,3.0408023156128e-07
"NR1D2",0.407056909288929,5.60157296625427e-09,3.1605733147361e-07
"PSD2",0.406950185236214,5.65806707702558e-09,3.17536348756252e-07
"FBXL17",0.406943186937676,5.66179075475648e-09,3.17536348756252e-07
"STXBP5",0.40665625669759,5.81651423126287e-09,3.25237184979237e-07
"STON2",0.405732481290486,6.34285672299652e-09,3.53609528831889e-07
"AGAP3",0.405104383996641,6.7266641473832e-09,3.73890415525383e-07
"HEXIM1",0.404464039680353,7.1409789694302e-09,3.95741611967592e-07
"ATP13A2",0.404068635812918,7.40899180674334e-09,4.09379677463723e-07
"YWHAB",0.403891928774817,7.53188047695235e-09,4.14942182264195e-07
"ENO2",0.403855187707489,7.55767733246852e-09,4.15138770179947e-07
"CACNB3",0.403246335734624,7.99778101990603e-09,4.38025097735381e-07
"UBA1",0.40287717548671,8.27655430080833e-09,4.51967626087416e-07
"UGP2",0.402525510985142,8.55081592036097e-09,4.65583201541287e-07
"MATR3",0.401963897527414,9.00707980847957e-09,4.89000646811524e-07
"KCNC1",0.401652473242443,9.27011248575954e-09,5.01822089229117e-07
"CBLN2",0.401570243234614,9.34079159256626e-09,5.04186773938634e-07
"ARNT2",0.401213330009142,9.65363709050297e-09,5.19571545539578e-07
"PTPRN",0.401124101702773,9.73341306362156e-09,5.22359834414357e-07
"UPK3BL2",0.400824924440245,1.00055623130711e-08,5.35426595297752e-07
"GRINA",0.400168833952245,1.06283045863408e-08,5.66449057695592e-07
"SNCA",0.400132092884917,1.06642611172559e-08,5.66449057695592e-07
"MLC1",0.400119845862475,1.06762726659268e-08,5.66449057695592e-07
"HOMER1",0.399528489635957,1.12720355181483e-08,5.96364122767531e-07
"SGSM2",0.399322039829066,1.14874729866763e-08,6.0604532626883e-07
"ATP6V1H",0.398938882984074,1.18978746795217e-08,6.25928753562668e-07
"MADD",0.398823411058186,1.20243040971255e-08,6.30803099207631e-07
"PJA2",0.398431506340021,1.24631253596064e-08,6.5199251881235e-07
"CDK16",0.39791013309889,1.30708963970506e-08,6.81877265674068e-07
"UBXN6",0.397547971149514,1.35097788343829e-08,7.0280955295525e-07
"KHDRBS3",0.397484986462666,1.35875418764886e-08,7.04891478014725e-07
"PGM2L1",0.396919873855669,1.43048172401565e-08,7.40046445366102e-07
"ATP5PD",0.396830645549301,1.44213555515006e-08,7.44014464861396e-07
"PKD1",0.396529718712138,1.48211702312617e-08,7.60440041865502e-07
"SPTBN4",0.396360009972575,1.50513348669385e-08,7.70133506780669e-07
"NEFM",0.396211296128629,1.52558533860507e-08,7.78465349283833e-07
"AP2M1",0.396116819098357,1.53871708104515e-08,7.83026708599432e-07
"ZNF106",0.395854382903157,1.57576806765114e-08,7.99702294332956e-07
"TSPYL4",0.39502333495169,1.69885321040167e-08,8.52897380576922e-07
"CNIH2",0.394967348563381,1.70747012114432e-08,8.54925254222285e-07
"RND1",0.39478714237601,1.73549259700271e-08,8.66632613412371e-07
"GABRA1",0.394384740210036,1.79967515206387e-08,8.96286217065194e-07
"COPRS",0.39420978274657,1.82828824011794e-08,9.0811465884156e-07
"CNTN1",0.394041823581642,1.85616871413568e-08,9.18965688530948e-07
"CLSTN1",0.394019079111391,1.85997553150942e-08,9.18965688530948e-07
"FGF12",0.393840622498655,1.89010648410693e-08,9.31388619978393e-07
"NEBL",0.393609678646879,1.92979793456958e-08,9.48444900684774e-07
"SYN1",0.392362231932361,2.15846036363678e-08,1.0580421457029e-06
"RHOBTB2",0.392215267663049,2.1870579185886e-08,1.06925376145447e-06
"SNRPD2",0.391326483748639,2.36793777816202e-08,1.15165640481651e-06
"PLCB1",0.390876843067529,2.46484878585622e-08,1.19567573830262e-06
"ZFAND5",0.390325727057609,2.58884549939311e-08,1.24611542646046e-06
"TMEM47",0.389503426979316,2.78508306709643e-08,1.33712625606923e-06
"LRP3",0.38919375226898,2.86263383760039e-08,1.37083460387243e-06
"CACYBP",0.388803597125449,2.96330115236955e-08,1.41180133473606e-06
"AP3M2",0.388486924116574,3.04750518631597e-08,1.44822409312054e-06
"NGRN",0.388451932623881,3.05694953741737e-08,1.44902511575652e-06
"FKBP8",0.388366203466782,3.08020738361044e-08,1.45635324294452e-06
"SLC25A4",0.388269976861875,3.10651596272418e-08,1.46508313433931e-06
"KLC2",0.388107266420851,3.15149405218029e-08,1.48255171079393e-06
"SGIP1",0.387507162321161,3.32286077116578e-08,1.5553320241176e-06
"CCK",0.387363697201118,3.36513768339156e-08,1.56726462281847e-06
"ARHGAP32",0.386411928599859,3.65900040528593e-08,1.69988784997811e-06
"ATP6V1A",0.386306954121779,3.69288383413105e-08,1.71137217087423e-06
"SYNGAP1",0.386042768351944,3.77949813643877e-08,1.7471759206963e-06
"MCF2L2",0.385481154894216,3.97016482569106e-08,1.83078514282978e-06
"ARHGDIG",0.385143486989726,4.08922056056957e-08,1.881041457862e-06
"EPHB6",0.385015768041395,4.13514096972933e-08,1.89749122237506e-06
"SCG3",0.384891548242334,4.18027880870248e-08,1.9091154806537e-06
"PDE1B",0.384753331846195,4.23105955543783e-08,1.92729922578919e-06
"ELMOD1",0.384578374382728,4.29619022525614e-08,1.94746720016708e-06
"LMTK2",0.384104239656733,4.47757786551382e-08,2.0247758890154e-06
"ARF1",0.384008013051827,4.51527931647587e-08,2.03198449432538e-06
"SKP1",0.383000258062259,4.92890556296246e-08,2.20748777683182e-06
"HSPA8",0.382762315911944,5.03175595257797e-08,2.237454146913e-06
"PRKACA",0.382561114828957,5.12033224279166e-08,2.27143289706359e-06
"PARK7",0.382274184588872,5.2492471858093e-08,2.32310285407997e-06
"CHD3",0.38220245202885,5.28196020555126e-08,2.33205410872046e-06
"SNAP91",0.381980256050248,5.38453925120462e-08,2.37173714753532e-06
"TMEM14A",0.381868283273629,5.4369556711332e-08,2.38919021444903e-06
"NAPA",0.381091472135837,5.81433655751588e-08,2.5430573664676e-06
"ADD2",0.380115209489693,6.32441235165612e-08,2.75325699486083e-06
"SOD1",0.380017233310151,6.37791425043193e-08,2.77009131490853e-06
"ANKRD11",0.378894006394695,7.02319905791599e-08,3.04215281398404e-06
"PDXK",0.378871261924445,7.03689235190139e-08,3.04215281398404e-06
"ATP5MF",0.37881702511077,7.06964918821818e-08,3.04925561753263e-06
"UBE2QL1",0.378596578706802,7.20430412465512e-08,3.09675399605139e-06
"DOC2A",0.378582582109725,7.21293632620665e-08,3.09675399605139e-06
"ATP2B2",0.378481106780914,7.27581764612348e-08,3.1165864761239e-06
"SCARA3",0.378178430369116,7.46652132175329e-08,3.18367014166814e-06
"LY6H",0.377634312657735,7.8214873076495e-08,3.32742817671212e-06
"CHCHD10",0.37681901087798,8.38387028230457e-08,3.54827251083463e-06
"RAP2A",0.376817261303346,8.38511787449719e-08,3.54827251083463e-06
"CAMTA1",0.376799765556999,8.39760360777954e-08,3.54827251083463e-06
"CAMK2D",0.376439353182258,8.65881802282268e-08,3.65038567481346e-06
"ADCY2",0.376364121472967,8.71431932349877e-08,3.66550963255998e-06
"SYNPR",0.376306385510023,8.75714490120702e-08,3.6752458016841e-06
"ATP6V0C",0.375807756739143,9.13550866139648e-08,3.82544304395158e-06
"DGKG",0.375660792469831,9.24998934353346e-08,3.86471590558906e-06
"PRNP",0.375517327349788,9.36307234157035e-08,3.90323078239214e-06
"CAMKK2",0.375433347767324,9.42988200667638e-08,3.92232686763225e-06
"GIT1",0.375379110953649,9.47327294806794e-08,3.93161879062482e-06
"HACD3",0.375288133072647,9.54648861366545e-08,3.95321998556133e-06
"CIT",0.375247892856049,9.57904549957092e-08,3.95792596792006e-06
"PSD3",0.375020448153543,9.76507647066286e-08,4.02588450697791e-06
"HIVEP2",0.374605798965127,1.0113188812564e-07,4.16021837584679e-06
"PRRC2A",0.3742208925455,1.04469712287715e-07,4.28807988282498e-06
"ABHD8",0.374108919768881,1.05460408636606e-07,4.31925129758168e-06
"TSPAN13",0.374058182104476,1.05912281500014e-07,4.32826645359795e-06
"NOVA2",0.373865728894662,1.07643237975397e-07,4.38939980879588e-06
"PTK2B",0.37338109672086,1.12123236747762e-07,4.55220341195912e-06
"ATP6V1B2",0.37329886671303,1.12900928129362e-07,4.57383456343594e-06
"SATB2",0.373083669032966,1.14960746271068e-07,4.64193593873132e-06
"MAPRE3",0.373071422010524,1.15079050098126e-07,4.64193593873132e-06
"NPDC1",0.372602536008433,1.19697314081323e-07,4.81405798534314e-06
"ETNPPL",0.372571043665009,1.20013789204633e-07,4.81405798534314e-06
"ATP5MK",0.372560546217201,1.20119459261614e-07,4.81405798534314e-06
"ATP5IF1",0.372403084500081,1.21715265968899e-07,4.86756810971126e-06
"GLRB",0.372235125335153,1.23439880931491e-07,4.92598977836864e-06
"NDRG3",0.372168641499036,1.24128999340342e-07,4.94292791403033e-06
"NPTXR",0.371673511877425,1.29378513035042e-07,5.14100661583498e-06
"NSG2",0.371453065473457,1.31783695587262e-07,5.22164630929858e-06
"DCLK2",0.371411075682225,1.32246664398063e-07,5.22164630929858e-06
"NDRG2",0.36999217065351,1.48841550904835e-07,5.83984202667793e-06
"NUDT4B",0.369888945750064,1.50123790408415e-07,5.87780274563428e-06
"NACC2",0.369442804218224,1.55788573321611e-07,6.06851593772426e-06
"DPH1",0.369428807621147,1.55969567900388e-07,6.06851593772426e-06
"NAP1L2",0.369311586120624,1.57493336444466e-07,6.11506351650071e-06
"ATPAF1",0.368856696715611,1.63542804311166e-07,6.33677471642185e-06
"RCN2",0.368053641958299,1.74770465769762e-07,6.72992416230118e-06
"ASPH",0.367661737240133,1.8051461495714e-07,6.936812652139e-06
"SPATA20",0.367590004680112,1.81585415866336e-07,6.96363290907536e-06
"PEG10",0.367539267015707,1.82346486549018e-07,6.97848971883087e-06
"AK1",0.367483280627397,1.83189838295274e-07,6.99642826176387e-06
"PRRC2B",0.367394052321029,1.84541665679732e-07,7.02643441316183e-06
"PLK2",0.367381805298587,1.84727955497026e-07,7.02643441316183e-06
"MAP1LC3B",0.367348563380528,1.85234508695354e-07,7.03027770404586e-06
"PPIA",0.367325818910277,1.85581864858353e-07,7.03027770404586e-06
"SUGP2",0.367044137394096,1.89935838014802e-07,7.18065123636528e-06
"NDUFB3",0.366947910789189,1.91445538273541e-07,7.22310479352857e-06
"PPP2R2C",0.366883176527707,1.92467621042299e-07,7.24702679553623e-06
"TMOD2",0.366851684184283,1.92966740201245e-07,7.25120088530875e-06
"PAFAH1B1",0.366690723317893,1.95537235780184e-07,7.33303898680866e-06
"ARGLU1",0.366618990757872,1.96693328452782e-07,7.36161242922678e-06
"MCTP1",0.366582249690544,1.97288008515091e-07,7.36910169405568e-06
"EIF3C",0.366493021384176,1.98739416545036e-07,7.40849769140737e-06
"MAL2",0.366381048607557,2.00575278843991e-07,7.46203965675372e-06
"FMN2",0.366214839017264,2.03330394853439e-07,7.54209628191025e-06
"SCN2A",0.366076622621125,2.05649085651143e-07,7.60535113588268e-06
"TPD52L1",0.366032883255259,2.06388113557597e-07,7.61759764585312e-06
"ACTN1",0.365875421538139,2.09069751477999e-07,7.7013543956669e-06
"NDUFB9",0.365819435149829,2.10031247189397e-07,7.72154246556925e-06
"RPH3A",0.365660223858074,2.1278872249576e-07,7.80754848984444e-06
"RAB12",0.365619983641477,2.13491141436188e-07,7.81796187737694e-06
"AP2A1",0.365532504909744,2.15025814977047e-07,7.85875170354469e-06
"RALYL",0.36513360189304,2.22158988710903e-07,8.10359623665004e-06
"DLGAP1",0.364680462062661,2.3053718154723e-07,8.39281170092802e-06
"DBN1",0.364517751621637,2.3361880611431e-07,8.47197053007932e-06
"CYCS",0.364269312023514,2.38400360235454e-07,8.61192481190976e-06
"AP2B1",0.364104852007856,2.41617053808951e-07,8.7112743184092e-06
"ACADVL",0.363796926872154,2.47751977940767e-07,8.91525229291285e-06
"PPFIA4",0.363506497482799,2.53674909133198e-07,9.11083192879155e-06
"SCG2",0.363287800653466,2.58224248263186e-07,9.25642238111949e-06
"PPP3CA",0.362850406994799,2.67558545005593e-07,9.57265016575565e-06
"EPN1",0.362691195703045,2.71035806081379e-07,9.66004716483937e-06
"RIDA",0.362537233135194,2.74439582028947e-07,9.76273073137641e-06
"NWD1",0.36240076631369,2.77490767586774e-07,9.85250489629388e-06
"SSX2IP",0.361244297480175,3.04685081830019e-07,1.07770806595785e-05
"PCMT1",0.36114107257673,3.07232788107645e-07,1.08466532149308e-05
"MEF2C",0.361079837464516,3.08753767854913e-07,1.08797837140724e-05
"PDP1",0.359970607146138,3.37586172328129e-07,1.18510514180454e-05
"TAGLN3",0.359781653085594,3.42747899070043e-07,1.2009680606064e-05
"ARHGEF11",0.359281274740079,3.56784509187518e-07,1.24781039205732e-05
"BRD4",0.358915613641433,3.67388325962833e-07,1.28249427582839e-05
"GLS",0.358737157028697,3.72672308648097e-07,1.29851269334177e-05
"ID4",0.358583194460847,3.77289427520731e-07,1.31215220640171e-05
"ADAM11",0.358556950841327,3.78081879010927e-07,1.31246415844016e-05
"RAPGEF2",0.358483468706671,3.80309228701936e-07,1.31774678204775e-05
"NUDT21",0.358437979766169,3.81694353047289e-07,1.32009698842799e-05
"SCAMP1",0.357853621838191,3.99922961422254e-07,1.37803712684908e-05
"TMEM178B",0.357853621838191,3.99922961422254e-07,1.37803712684908e-05
"CASTOR3",0.357829127793305,4.00704946280401e-07,1.37818887232648e-05
"CPLX2",0.357657669479108,4.06219961381341e-07,1.39458897035991e-05
"PKM",0.357447720522948,4.13072017944447e-07,1.41551064351018e-05
"SERP1",0.357083808998937,4.25211747787563e-07,1.45444223474002e-05
"ADD3",0.35664641534027,4.40254812710377e-07,1.50314421977678e-05
"KCNN1",0.356471457876804,4.46413510921085e-07,1.52139027919018e-05
"RNF187",0.356051559964484,4.61532533267555e-07,1.56478631878596e-05
"CHD5",0.356048060815214,4.61660559890267e-07,1.56478631878596e-05
"SYP",0.355883600799556,4.67716288644726e-07,1.58244010991466e-05
"FAM168A",0.355722639933166,4.73716716337268e-07,1.59984329011118e-05
"HDGFL3",0.355400718200388,4.85939259182329e-07,1.63815913438433e-05
"MRTFB",0.355318488192558,4.89109363456232e-07,1.64541658141214e-05
"PTPRZ1",0.355299242871577,4.8985415467185e-07,1.64541658141214e-05
"SDC3",0.355271249677422,4.90939424436742e-07,1.64610138075055e-05
"SLC4A10",0.355196017968131,4.93867496332216e-07,1.65295149847679e-05
"PTPRS",0.355110288811033,4.9722450194431e-07,1.66099657373091e-05
"CD59",0.355089293915417,4.98049947145701e-07,1.66099657373091e-05
"DGLUCY",0.354849602190467,5.07567175169563e-07,1.68971917352349e-05
"SCRG1",0.354350973419587,5.27926189815782e-07,1.74814707819141e-05
"C6orf62",0.353925826783363,5.45899664191279e-07,1.80446409352855e-05
"CRIP2",0.353609153774489,5.59666064043533e-07,1.84670024948357e-05
"COX7A2L",0.35286733412939,5.93226104777157e-07,1.94711612176066e-05
"CACNA2D1",0.352797351144003,5.96489631580936e-07,1.95210505562869e-05
"ADGRB1",0.352781604972291,5.97226287289222e-07,1.95210505562869e-05
"PHF24",0.352708122837635,6.00675530862539e-07,1.95780387685668e-05
"AFF4",0.352561158568323,6.07631245745098e-07,1.97702458981454e-05
"SEZ6L",0.352025788730115,6.33626910169538e-07,2.05802020423066e-05
"KLC1",0.351847332117379,6.42525962591469e-07,2.07969061999277e-05
"DCTN3",0.351730110616856,6.4843630229069e-07,2.09518968539462e-05
"GPRASP2",0.351455427399214,6.62490167048081e-07,2.13690265281346e-05
"TMEM268",0.350892064366851,6.92230384147255e-07,2.22898183695416e-05
"UQCRHL",0.350718856478019,7.0162772365737e-07,2.25535273098538e-05
"NETO1",0.350643624768728,7.05747266612843e-07,2.26469689884218e-05
"FAM163B",0.350526403268205,7.12212194709217e-07,2.28152228960366e-05
"SNX27",0.350096007908077,7.36437914625484e-07,2.35106230658898e-05
"ZBTB18",0.349488905509848,7.71952381196822e-07,2.45604474808038e-05
"PITPNC1",0.349256212083437,7.85993637564903e-07,2.49646550597995e-05
"WNK2",0.349151237605357,7.92407610290842e-07,2.51068481416539e-05
"COX5A",0.349138990582915,7.93159156327682e-07,2.51068481416539e-05
"TPRG1L",0.348810070551597,8.13600187048939e-07,2.57103165707716e-05
"PIK3R2",0.348355181146584,8.42700534411343e-07,2.65849242916659e-05
"MAPRE2",0.348316690504621,8.45207981616105e-07,2.66190628409146e-05
"ITPR1",0.348199469004098,8.52888277669522e-07,2.67762924282708e-05
"MTA3",0.348183722832386,8.53925024244967e-07,2.67762924282708e-05
"RAB11B",0.348174974959213,8.54501514631046e-07,2.67762924282708e-05
"PPP1R9A",0.348127736444077,8.57620992580456e-07,2.68290279018972e-05
"BCR",0.347557375113176,8.96154854704211e-07,2.79785382894596e-05
"STK24",0.347539879366829,8.97362627724689e-07,2.79785382894596e-05
"USP11",0.347373669776536,9.08914276406707e-07,2.82914717102861e-05
"SYT4",0.347093737834989,9.28691382184723e-07,2.88110303217307e-05
"HPRT1",0.346574114168493,9.6649717394177e-07,2.99341645448366e-05
"NCEH1",0.346336172018178,9.84295375465636e-07,3.03846288135475e-05
"BBLN",0.345883032187799,1.01905964632844e-06,3.13696979881853e-05
"GPR162",0.345862037292183,1.02069843340658e-06,3.13696979881853e-05
"SSU72",0.345855038993645,1.02124525470211e-06,3.13696979881853e-05
"LPIN1",0.345391401715458,1.05810185963975e-06,3.23952628371016e-05
"HLF",0.345335415327149,1.0626374500503e-06,3.24808789151217e-05
"COX5B",0.345174454460759,1.07578089191903e-06,3.28288953226795e-05
"SCRN1",0.345137713393431,1.07880270600534e-06,3.28665082225257e-05
"CALM3",0.345116718497815,1.08053309320148e-06,3.28665082225257e-05
"CACNA2D3",0.345016992743639,1.08878867878923e-06,3.30637680732807e-05
"TGFB2",0.344938261885079,1.09534874270617e-06,3.32089823356826e-05
"NECAB1",0.344703818884034,1.11510735383208e-06,3.37532332903857e-05
"CUL3",0.344653081219628,1.11942802662149e-06,3.38291874193898e-05
"PMP2",0.344598844405954,1.12406434613571e-06,3.39144195935873e-05
"KDM5C",0.343883268380375,1.18697610429401e-06,3.56204840683834e-05
"PCSK2",0.343430128549996,1.2285379155867e-06,3.67695097940662e-05
"BNIP3",0.343403884930476,1.23098703015008e-06,3.67838620401327e-05
"ATP6V1D",0.343055719578177,1.2639227588577e-06,3.77077019879016e-05
"AEBP2",0.342723300397591,1.29615235355316e-06,3.86075619696313e-05
"FBXO2",0.342606078897068,1.30770339771986e-06,3.88895997704077e-05
"MT1F",0.342310400783809,1.33727753371402e-06,3.9580024119878e-05
"PTN",0.341995477349569,1.3694779305098e-06,4.04689396047485e-05
"CADPS",0.34078477170238,1.50029394308686e-06,4.41251806001422e-05
"VTA1",0.340419110603734,1.54209144037435e-06,4.52831756925022e-05
"UQCR11",0.34028264378223,1.55797321229545e-06,4.56777201143326e-05
"MARS1",0.34009893844559,1.57959897339655e-06,4.61789281206131e-05
"DLGAP4",0.340095439296321,1.58001365758577e-06,4.61789281206131e-05
"TEF",0.339904735661142,1.60277160912169e-06,4.67285469645655e-05
"CASKIN1",0.339666793510828,1.63160531325875e-06,4.74639576797827e-05
"STAU2",0.33962655329423,1.63653023618634e-06,4.75331861446597e-05
"SEPTIN9",0.339558319883478,1.64491360179904e-06,4.77024944521722e-05
"DIRAS1",0.33952507796542,1.64901262337153e-06,4.77472244249406e-05
"GAP43",0.33894421918671,1.72222891731693e-06,4.97900112380975e-05
"DPYSL3",0.338914476417921,1.72606014534146e-06,4.98236464828395e-05
"PPP1R1B",0.338491079356331,1.78148762528878e-06,5.1265120015244e-05
"RBBP7",0.338354612534827,1.79971135806283e-06,5.17098604972022e-05
"PODXL2",0.338186653369899,1.8223845562645e-06,5.22808816786419e-05
"SH3GL2",0.337805246099542,1.87488698774097e-06,5.37045849433288e-05
"OXCT1",0.337707269920001,1.88860478085136e-06,5.40146751717918e-05
"TIMM23",0.337418590105281,1.92958160127192e-06,5.51022415678202e-05
"JAKMIP1",0.337240133492545,1.95533502071017e-06,5.57524226668443e-05
"SV2B",0.337208641149121,1.95991361007662e-06,5.5797784423462e-05
"SCAMP5",0.336981196446614,1.99328584266277e-06,5.66615013661641e-05
"H2AC21",0.336807988557782,2.0190625339633e-06,5.73070089427031e-05
"BRSK1",0.336680269609451,2.03827270839505e-06,5.7729324247938e-05
"G3BP2",0.336668022587009,2.0401239025294e-06,5.7729324247938e-05
"PSIP1",0.336573545556736,2.05445848473172e-06,5.80469994869132e-05
"MAPK9",0.336536804489408,2.06005891892659e-06,5.81173117369683e-05
"KCNT1",0.336508811295254,2.06433567647819e-06,5.81501253301759e-05
"SMARCC2",0.336440577884502,2.07479574173873e-06,5.8356754928784e-05
"ARL8B",0.336302361488363,2.09613903105652e-06,5.87800188348521e-05
"GFAP",0.33621488275663,2.10975535931926e-06,5.90731500609391e-05
"ATP5PB",0.33608016550976,2.13088943887838e-06,5.95755855695996e-05
"NEURL1",0.335931451665814,2.15445343908287e-06,6.01443534055481e-05
"OAZ2",0.335641022276459,2.2011902231563e-06,6.13573561308465e-05
"NDUFS5",0.335485310133974,2.22664400878659e-06,6.19743718451541e-05
"MEF2D",0.335446819492011,2.23297903828343e-06,6.20582091056269e-05
"SUPT3H",0.335340095439296,2.25063426862979e-06,6.23793743651529e-05
"GRK2",0.335336596290027,2.25121537385484e-06,6.23793743651529e-05
"SLC25A18",0.335282359476352,2.26024080043793e-06,6.25366773170057e-05
"DGKI",0.335205378192427,2.27311027802123e-06,6.27997153140894e-05
"MXD4",0.335130146483136,2.28575468061691e-06,6.30557672307258e-05
"MAPK8IP2",0.33495518901967,2.31541983148995e-06,6.37799126444046e-05
"AAK1",0.334575531323947,2.38105938605862e-06,6.54914066186021e-05
"ARPC5L",0.334461808972694,2.40106342360621e-06,6.59445007342199e-05
"GRIA4",0.334379578964864,2.41562747502957e-06,6.62470759524996e-05
"ACSL3",0.334346337046805,2.42153891605697e-06,6.63118193493842e-05
"RRAGD",0.334244861717995,2.43966970006502e-06,6.67104997341352e-05
"ARHGEF17",0.334118892344299,2.46235675605897e-06,6.72324192633878e-05
"MT1E",0.334090899150144,2.46742553526593e-06,6.72724661264622e-05
"SCN1B",0.333845958701291,2.51220317043198e-06,6.83934495786993e-05
"RCAN2",0.333749732096384,2.53000520097782e-06,6.87778415334231e-05
"RUFY3",0.332685990718507,2.73497233506908e-06,7.40265845358699e-05
"EIF3K",0.332313331321322,2.81044586036302e-06,7.59593153229229e-05
"CPNE5",0.332122627686144,2.84983120026801e-06,7.69124963817996e-05
"PIP4K2B",0.331966915543658,2.88237890022839e-06,7.76786556142359e-05
"RAB18",0.331657240833322,2.94816303027256e-06,7.93370212584586e-05
"SEMA6B",0.331527772310357,2.97608742268516e-06,7.99064352138197e-05
"CAPZB",0.331508526989376,2.98025977317693e-06,7.99064352138197e-05
"HCN2",0.331499779116202,2.98215813579098e-06,7.99064352138197e-05
"CAP2",0.33132657122737,3.01998352346979e-06,8.0804029060633e-05
"FOXG1",0.331188354831232,3.05049448958813e-06,8.15036267346895e-05
"MPP6",0.330845438202837,3.12746429123958e-06,8.3440747290272e-05
"CACNB1",0.330754460321834,3.14819293379054e-06,8.3754488933721e-05
"MEIS2",0.330301320491455,3.25339936562782e-06,8.64302795909889e-05
"FLRT2",0.329921662795733,3.34411219338438e-06,8.8713976311998e-05
"NCOA1",0.32943703062193,3.46340614846434e-06,9.16183756780736e-05
"ACTR1B",0.329239328688213,3.51322437593156e-06,9.28047785642119e-05
"KIF3A",0.329134354210133,3.53995280709841e-06,9.33787551205789e-05
"TCEAL2",0.328975142918378,3.58086033116431e-06,9.43246086668894e-05
"PPP5C",0.328894662485183,3.60170954539532e-06,9.47401795349337e-05
"CAB39L",0.328831677798335,3.61810679918264e-06,9.50376407616527e-05
"MINK1",0.328691711827562,3.65479968650838e-06,9.58046286482961e-05
"RABGAP1",0.328681214379754,3.65756587204086e-06,9.58046286482961e-05
"CSTB",0.328577989476309,3.68487295457615e-06,9.63847161059722e-05
"KIAA1549L",0.328418778184554,3.72737110089769e-06,9.73599757767346e-05
"DNM1L",0.328271813915242,3.76701350142777e-06,9.81209820818201e-05
"FBXO9",0.32817733688497,3.79270925812085e-06,9.86526993101185e-05
"ATXN7L3",0.328123100071295,3.80753573812769e-06,9.89006084078898e-05
"REPIN1",0.32801987516785,3.83590626855389e-06,9.93736452368419e-05
"LRRTM4",0.328018125593215,3.8363888528466e-06,9.93736452368419e-05
"SYT11",0.327983134100522,3.84605267010322e-06,9.94859829180717e-05
"IRAG1",0.327892156219519,3.87128703559891e-06,0.000100000216703797
"PILRB",0.327834420256575,3.88738271760594e-06,0.000100277292312166
"MICAL2",0.327636718322858,3.94298156379829e-06,0.000101571205083444
"CHST1",0.327425019792063,4.00335448432778e-06,0.000102984364117501
"SMS",0.327346288933503,4.02603060617928e-06,0.000103425237415412
"ATP1B3",0.327096099760746,4.09890360938315e-06,0.00010515264259456
"DCLK1",0.32694038761826,4.14488933596553e-06,0.000106147395100382
"FABP7",0.326926391021183,4.14904682069388e-06,0.000106147395100382
"HS6ST1",0.326768929304063,4.19609249743918e-06,0.000107204136090525
"AMOT",0.326588723116692,4.25055583075882e-06,0.000108447241386956
"NPEPPS",0.32649424608642,4.27937723183243e-06,0.00010903362780587
"LYNX1",0.326364777563455,4.31917503204702e-06,0.00010987177774213
"TMEM151B",0.326349031391743,4.32403922898188e-06,0.00010987177774213
"PLEKHB2",0.326328036496127,4.33053292433937e-06,0.000109887272955111
"KCNQ5",0.325871397516479,4.47408524736377e-06,0.000113222244010523
"TBRG1",0.325540727910527,4.58084770710891e-06,0.000115767133664365
"ADAR",0.325330778954367,4.64988514558257e-06,0.000117036731777493
"ATP1A1",0.325306284909481,4.65800360946419e-06,0.000117083277806667
"TNK2",0.325222305327017,4.68594071307469e-06,0.000117627189190031
"FAIM2",0.325176816386516,4.7011397110779e-06,0.00011785031576388
"BDH2",0.325012356370857,4.75648166819908e-06,0.000119077817205477
"TOMM6",0.324973865728895,4.76952313694616e-06,0.000119244463327452
"RIMS2",0.324823402310313,4.82083013345688e-06,0.000120205371925822
"MT1G",0.324594208033172,4.8999926799094e-06,0.000121975090424066
"CLIP3",0.324580211436095,4.90486682953918e-06,0.000121975090424066
"OXR1",0.324555717391209,4.91340767667732e-06,0.000122025002353226
"RPL41",0.324107826284735,5.07209673957896e-06,0.000125798776505148
"TRIO",0.323794652425129,5.18593431238146e-06,0.000128451603737449
"FGF13",0.323670432626068,5.23175650188079e-06,0.000129403957128604
"MICU3",0.323652936879721,5.2382411431369e-06,0.000129403957128604
"GPRIN1",0.323414994729406,5.32719366114354e-06,0.000131427567788001
"CD99L2",0.322979350645374,5.49378546765655e-06,0.000135358756456403
"ACSL6",0.322830636801428,5.55177817216154e-06,0.000136607390175611
"HARS1",0.322769401689214,5.57582608188907e-06,0.000137018589349158
"TLK1",0.322736159771156,5.58892204987155e-06,0.000137159931936138
"CACNA1E",0.322337256754452,5.74836919709089e-06,0.000140703201998518
"SYT7",0.322262025045161,5.77892046484896e-06,0.00014113337705773
"ACAP3",0.322256776321257,5.78105769164507e-06,0.00014113337705773
"CS",0.32221303695539,5.79889712225876e-06,0.000141304183033674
"FHL1",0.321703910736702,6.01043030638059e-06,0.000145780255067485
"S100A13",0.321574442213737,6.06537902131089e-06,0.000146731889380832
"IFT57",0.321555196892755,6.07358767225577e-06,0.000146740392454138
"KMT2D",0.321485213907369,6.10352629797155e-06,0.000147273200440461
"KCTD1",0.321441474541502,6.12230902025043e-06,0.000147535797757674
"TRIM23",0.321420479645886,6.13134420340184e-06,0.000147563124153006
"TRAK1",0.321007580032105,6.31162938000209e-06,0.000151706551223834
"UIMC1",0.320839620867177,6.38639581052526e-06,0.000153306334392506
"NDUFB8",0.320080305475731,6.7350169814219e-06,0.000161467493125848
"SERPINE2",0.319833615452243,6.85211281864179e-06,0.000164064178206351
"TSC22D1",0.319488949249214,7.01895337611341e-06,0.000167843755764781
"CDIP1",0.319406719241384,7.0593236124216e-06,0.000168593258037834
"PTPRA",0.319049806015912,7.23711461788137e-06,0.000172398408933103
"DEAF1",0.31898507175443,7.2698127597703e-06,0.000172956717326714
"COG4",0.318860851955368,7.33295072095994e-06,0.000174015486232081
"NDUFA5",0.318575671289918,7.47987481787279e-06,0.000176828027972902
"LGI4",0.318549427670398,7.49353484474831e-06,0.000176926999697243
"GNAS",0.318201262318099,7.67701191575545e-06,0.000180955669236989
"CACNB4",0.318189015295656,7.68354281992571e-06,0.000180955669236989
"STMN1",0.318031553578536,7.76798237858503e-06,0.000182713902899816
"LNX1",0.317900335480936,7.83902019943929e-06,0.00018415288206884
"SLC25A23",0.31782685334628,7.87907003509982e-06,0.000184861195949151
"RYR2",0.317790112278952,7.89916764456108e-06,0.000185100194391246
"AHI1",0.317763868659432,7.91355283358948e-06,0.000185204903158042
"SDHA",0.317734125890643,7.92988607931279e-06,0.000185354884126715
"B4GALNT4",0.317527676083752,8.04414221225491e-06,0.000187692479210167
"NPAS2",0.317517178635944,8.04999335228872e-06,0.000187692479210167
"ZNF706",0.317238996269032,8.20652717248777e-06,0.000190865630726503
"KCNIP2",0.317204004776339,8.22642008032071e-06,0.000190945376155403
"NDUFA8",0.317151517537299,8.25634519019235e-06,0.000191309556789122
"CLDN10",0.31711827561924,8.27535111315709e-06,0.000191512338772394
"MYT1L",0.317058790081661,8.30946528946201e-06,0.000192063828893555
"RPL31",0.316924072834792,8.38721744385295e-06,0.000193621351027686
"ZFAND3",0.316866336871848,8.42075051251108e-06,0.000194150655490461
"VPS41",0.316575907482493,8.59136872948956e-06,0.00019760148077826
"NME1",0.316502425347837,8.6350538240404e-06,0.000198361949837366
"KIF1A",0.316336215757544,8.73464344457395e-06,0.000200403195295901
"MGST1",0.316135014674557,8.85665622389746e-06,0.000202953265812894
"DCUN1D4",0.31580609464324,9.05960655460079e-06,0.000207349524526623
"SORCS1",0.315583898664637,9.19919212405833e-06,0.000210029476905762
"NUDT3",0.315429936096786,9.29710569705853e-06,0.000212005794869677
"MAGED1",0.315164000752317,9.46855950429594e-06,0.000215127514966218
"HECW1",0.315141256282066,9.48336158377418e-06,0.000215202018151357
"MAP2K1",0.314763348160978,9.73253596495136e-06,0.000219788200340304
"REPS2",0.314609385593128,9.83581940244493e-06,0.000221852370966258
"APC2",0.314338201524754,1.00202692661469e-05,0.000225468131101879
"TNRC18",0.314002283194898,1.025329449823e-05,0.000230433848434348
"B4GAT1",0.31378183679093,1.04089972763066e-05,0.000233371468346101
"HCFC1R1",0.31360163060356,1.05379392460414e-05,0.000235979080766271
"PGAM4",0.313316449938109,1.07450893254603e-05,0.000240329686517721
"CYRIA",0.313246466952722,1.07965098864553e-05,0.000241190931386889
"SORL1",0.313167736094162,1.08546365795021e-05,0.000242199752399978
"RAB6A",0.312914047772135,1.10439564917619e-05,0.000246129989785377
"CBX6",0.312856311809191,1.10874777920065e-05,0.000246805405534582
"EXTL1",0.312327940269522,1.14933788967054e-05,0.000254929149970154
"SSB",0.312025263857725,1.17321959414819e-05,0.000259671283424378
"SPRYD3",0.311873050864509,1.18540628150851e-05,0.000261995830928437
"EGR3",0.311825812349373,1.1892126607142e-05,0.000262374083444787
"CRY2",0.31181356532693,1.19020138702646e-05,0.000262374083444787
"MRPL41",0.311799568729853,1.19133231292128e-05,0.000262374083444787
"YPEL3",0.311762827662524,1.194305835832e-05,0.000262719149469946
"CEP170B",0.311358675921916,1.22748171881935e-05,0.000269066297895191
"NSFL1C",0.311321934854588,1.23054058415827e-05,0.000269236674865641
"SNRNP25",0.311302689533607,1.23214572529664e-05,0.000269236674865641
"TMEM245",0.311297440809703,1.23258383492248e-05,0.000269236674865641
"UBE2E3",0.311141728667218,1.24564836668279e-05,0.000271455413024128
"AHCYL2",0.311054249935484,1.25304538380699e-05,0.000272749132727032
"MYO5A",0.310856548001767,1.26991609613466e-05,0.000276099569399429
"SLITRK1",0.31071133330709,1.28244456575584e-05,0.000278175780604599
"CHRM1",0.310466392858236,1.30384238765518e-05,0.000282161766301833
"UBE2K",0.310429651790908,1.30708105608835e-05,0.000282535252355394
"CCND2",0.310326426887463,1.31622096305529e-05,0.000283794403992037
"SEPTIN11",0.310312430290386,1.31746491893926e-05,0.000283794403992037
"METTL7A",0.310312430290386,1.31746491893926e-05,0.000283794403992037
"ZMIZ1",0.310256443902076,1.32245187698298e-05,0.000284297772327741
"THRA",0.310245946454268,1.32338891814274e-05,0.000284297772327741
"SESN3",0.310226701133287,1.32510845902882e-05,0.000284297772327741
"ZMYM3",0.310217953260114,1.32589076728134e-05,0.000284297772327741
"CACNG3",0.310175963468882,1.32965193460183e-05,0.000284777288195226
"THOP1",0.310097232610322,1.33673135220513e-05,0.000285965575415613
"SLIT1",0.309988758982972,1.34654365939221e-05,0.00028773511879644
"SUMO1",0.309777060452178,1.36589011628085e-05,0.000291535586418985
"PTMS",0.309696580018983,1.37331373178786e-05,0.000292785470946006
"SRP9",0.309642343205308,1.37833811792452e-05,0.000293521581417996
"SOD2",0.309304675300817,1.41001232760371e-05,0.00029972451937564
"SPATS2L",0.309168208479313,1.42300766643791e-05,0.000302001036118119
"NCKIPSD",0.308996750165116,1.43949578667466e-05,0.000304462325163487
"UBB",0.308771055037244,1.46147518058675e-05,0.000308629903423368
"NUDC",0.308760557589436,1.46250516454102e-05,0.000308629903423368
"BTBD10",0.308305668184423,1.50780317718752e-05,0.000317829933827926
"USP22",0.308249681796113,1.5134691485651e-05,0.000318664597729446
"SOBP",0.308232186049767,1.51524389025565e-05,0.000318678996558722
"SYBU",0.308197194557073,1.51879928007788e-05,0.000318820990155016
"CYB5B",0.30800474134726,1.53849537934321e-05,0.000322118158123473
"DGKZ",0.307955753257489,1.54354736423323e-05,0.000322814004192832
"GHITM",0.307856027503313,1.55388027796483e-05,0.000324611499678648
"SLC41A1",0.307819286435985,1.55770360348154e-05,0.000325046620096328
"SCOC",0.307451875762705,1.59642929097617e-05,0.00033261789504391
"INPP5A",0.307441378314897,1.59754900328971e-05,0.00033261789504391
"ATP6V1C1",0.307402887672934,1.60166097161856e-05,0.000332732150233017
"ATRN",0.307380143202684,1.60409547288992e-05,0.00033286763390769
"ARHGAP35",0.307283916597777,1.61443405407868e-05,0.000334214218589489
"KIAA0513",0.307248925105084,1.61820913416659e-05,0.000334214218589489
"UQCRC2",0.307140451477734,1.6299649930767e-05,0.000335625426799342
"NEGR1",0.306937500820113,1.65217700726542e-05,0.00033945058072265
"MOSMO",0.306914756349862,1.65468404037041e-05,0.000339592078439096
"HMGN1",0.306871016983996,1.6595153697284e-05,0.000340209759001619
"SYT13",0.306837775065937,1.66319609596118e-05,0.000340590463686086
"RGMA",0.30666631675174,1.68230377901297e-05,0.000344126017271042
"ACOT13",0.30655784312439,1.69449928634855e-05,0.000346241451551921
"C1orf115",0.306529849930236,1.69766005367605e-05,0.000346508187567802
"SIPA1L1",0.306361890765308,1.71674200728485e-05,0.000349638753850075
"NDUFA4",0.306297156503825,1.72415049503857e-05,0.000350765083282574
"TTC9B",0.306260415436497,1.72836874510516e-05,0.00035088591733904
"APBA1",0.306244669264785,1.73017955111522e-05,0.00035088591733904
"ZNF358",0.30624291969015,1.73038086243979e-05,0.00035088591733904
"APOOL",0.306199180324284,1.73542084690099e-05,0.000351308819535797
"MED12L",0.306104703294012,1.74635460645488e-05,0.000352839808730659
"DSTN",0.305819522628561,1.77975459888233e-05,0.000358949210461409
"RUSC2",0.305758287516348,1.78700468254392e-05,0.000360022647801404
"F3",0.305516846216764,1.81586361869859e-05,0.000364656655299084
"TRIM17",0.305333140880123,1.83811594738686e-05,0.000367938407646269
"MDH2",0.305299898962065,1.8421699922084e-05,0.000367961141973092
"VAPB",0.305261408320102,1.84687470471938e-05,0.000368506751980119
"NQO2",0.305049709789307,1.87295423223732e-05,0.000373311560739212
"CTXN1",0.304841510407782,1.89894179234281e-05,0.000378087813579896
"C2CD4C",0.304815266788262,1.90224160906296e-05,0.000378341472746112
"UBE2D2",0.304586072511121,1.93129116377914e-05,0.000383391466655412
"NME2",0.304582573361851,1.93173789956491e-05,0.000383391466655412
"C6orf136",0.304472350159867,1.94586015280357e-05,0.00038537523026256
"COX7B",0.304374373980326,1.95849509505945e-05,0.000387056660268045
"CABLES1",0.304374373980326,1.95849509505945e-05,0.000387056660268045
"PNMA3",0.304257152479803,1.97371373710714e-05,0.000389651984716839
"GLUL",0.304131183106107,1.99019259460619e-05,0.000392490357939443
"WASF3",0.304097941188049,1.99456280613437e-05,0.000392937288685289
"CXXC5",0.303578317521553,2.06406552377862e-05,0.000406201135111587
"DYM",0.303483840491281,2.07694563222341e-05,0.00040830564870952
"FASN",0.303144423012155,2.12384759610529e-05,0.000416648925471243
"REEP2",0.303123428116539,2.12678135187634e-05,0.000416786658212408
"IL17D",0.303102433220923,2.12971893423608e-05,0.000416924851318586
"TSPAN17",0.302325622083131,2.24114270631118e-05,0.000438171521711156
"GALNT16",0.302189155261627,2.26127683608701e-05,0.000440982590675572
"RNF157",0.302183906537723,2.26205462554721e-05,0.000440982590675572
"ACADM",0.301893477148368,2.30548810535331e-05,0.000448981187232309
"ADGRA3",0.301748262453691,2.32749891356425e-05,0.000452795517809646
"GNG7",0.301536563922896,2.35994259072923e-05,0.000458629425852853
"ANKRD33B",0.301487575833126,2.36751079730526e-05,0.000459621950628618
"AKT2",0.301422841571643,2.37754678226656e-05,0.000461091004211944
"NCKAP1",0.300794744277797,2.47703009549726e-05,0.000479388746772091
"FAM193B",0.300721262143141,2.48892214210687e-05,0.000481191614140662
"GABRB1",0.300576047448464,2.51258169746982e-05,0.000485263451726435
"TMEM25",0.300525309784059,2.5208981993857e-05,0.000486366681526109
"USP34",0.300464074671845,2.5309699476944e-05,0.00048780593130176
"PLXNA2",0.300322359126437,2.55442465394139e-05,0.000491818915845457
"MLF2",0.300262873588859,2.56433081850961e-05,0.000492990806392882
"GOLM1",0.300254125715685,2.56579066081539e-05,0.000492990806392882
"NDUFV3",0.299961946751696,2.61500228179689e-05,0.000501929934376554
"PYGB",0.299841226101904,2.6355940537817e-05,0.000505362983043399
"PRDM8",0.29967851566088,2.66359029451899e-05,0.00051020730605576
"CDC42EP4",0.29959978480232,2.67723735059384e-05,0.000512295950406666
"NEDD8",0.2994423230852,2.70472957158026e-05,0.000517026913805865
"GDA",0.299304106689061,2.72908088374045e-05,0.000520616083603031
"ARSB",0.299146644971941,2.75707483131583e-05,0.000525419689282188
"SLC1A4",0.299122150927056,2.76145371076517e-05,0.000525717731929157
"ULK3",0.299106404755344,2.76427216751494e-05,0.00052571840122718
"ADAM23",0.298905203672357,2.80052543073483e-05,0.000530990994359428
"PCBP2",0.298800229194277,2.81961772094389e-05,0.000533349829208269
"GFOD1",0.298742493231333,2.83017073427583e-05,0.000534441543309761
"SACS",0.298695254716197,2.83883271077178e-05,0.000535535754609835
"FBXO11",0.29857278449177,2.86140626038016e-05,0.000539249478495054
"PFKFB2",0.298527295551269,2.86983374952568e-05,0.000539748389789946
"SLC6A1",0.298473058737594,2.87991249923557e-05,0.000541099052673274
"CRACDL",0.298117895086757,2.9467415283047e-05,0.000551436320467119
"MSRA",0.297927191451578,2.98322573992164e-05,0.000557147239187765
"FADS3",0.297900947832058,2.98827971154372e-05,0.000557533585342563
"PPP1R37",0.297792474204709,3.00925522281711e-05,0.000560886731949425
"ATP5F1B",0.297750484413477,3.0174119782535e-05,0.000561846322092346
"LUZP1",0.297463554173392,3.07371016144385e-05,0.000571190158956471
"NEU1",0.297271100963578,3.1120243450559e-05,0.00057773525515173
"BCL7B",0.297033158813264,3.16001705383968e-05,0.000586062348535352
"ORMDL3",0.296949179230799,3.17712157732347e-05,0.000588066626145621
"CLSTN3",0.29681446198393,3.20474246462707e-05,0.000592591784845298
"ZMAT3",0.296758475595621,3.21628771086588e-05,0.000593551277550703
"NLK",0.296733981550735,3.22135107216965e-05,0.000593779949574765
"PRKCSH",0.296721734528293,3.2238855690127e-05,0.000593779949574765
"ACIN1",0.296674496013157,3.23367910007349e-05,0.000594411327489888
"MAGI2",0.296511785572133,3.26762741114245e-05,0.000600061057330348
"PNMA8B",0.296461047907727,3.27828195120026e-05,0.00060142626444613
"SNTA1",0.296417308541861,3.2874931667952e-05,0.000602524262836773
"PNRC1",0.296209109160335,3.33167387687112e-05,0.000610022954161226
"GARS1",0.296189863839354,3.33578593384657e-05,0.00061017765034788
"ANXA6",0.296161870645199,3.34177564522212e-05,0.000610675165852918
"ANAPC5",0.295965918286117,3.38398824466785e-05,0.00061604722694826
"CHORDC1",0.295964168711482,3.38436739584983e-05,0.00061604722694826
"H4C5",0.295897684875365,3.39880483541184e-05,0.000618072824792128
"FASTK",0.295736724008975,3.43399931097838e-05,0.000623865477936111
"GNAQ",0.295701732516282,3.44169558249717e-05,0.000624656041775677
"EFNB2",0.295582761441125,3.46798463405022e-05,0.000628206411498758
"PRKCG",0.295560016970874,3.47303197365005e-05,0.000628511096316747
"PPFIBP1",0.295343069716175,3.52152488840186e-05,0.000636669882050273
"TM2D3",0.295255590984442,3.54125834470472e-05,0.000639618383420748
"SNN",0.295227597790287,3.54759501834045e-05,0.000640143812198321
"PTPA",0.295176860125882,3.55910747132419e-05,0.000641340671109196
"USP32",0.295168112252709,3.56109593028612e-05,0.000641340671109196
"COX7C",0.295089381394149,3.57903921132287e-05,0.000643951216865761
"CHMP3",0.295036894155109,3.59104867264273e-05,0.000645490134843847
"ACSS1",0.29497740861753,3.60470527790932e-05,0.00064706109700862
"SFXN5",0.294968660744356,3.60671772320611e-05,0.00064706109700862
"GOLM2",0.29460649879498,3.69096786875268e-05,0.000661540459854366
"CAB39",0.294515520913978,3.71242156621218e-05,0.000663475456177786
"HTRA1",0.294433290906148,3.73191339742828e-05,0.000666321363387864
"CAMTA2",0.29424258727097,3.77748942732337e-05,0.000673814637485113
"ARMC2",0.294174353860218,3.79392338084556e-05,0.000676100315464425
"PRDX5",0.294100871725562,3.81169676332424e-05,0.000678620102496125
"DYNC2LI1",0.294004645120655,3.83509000664746e-05,0.000682134675849029
"LPIN2",0.293794696164495,3.88659986739084e-05,0.000689940199049565
"GRAMD1B",0.293553254864911,3.94664131684134e-05,0.000699311890259288
"FBXO3",0.293434283789754,3.97654709309663e-05,0.000703943066451874
"RPP14",0.293301316117519,4.01022360693436e-05,0.000709232349271837
"OPHN1",0.29308436886282,4.06574648066571e-05,0.000718371629828881
"DNAJA1",0.292862172884218,4.12336219133294e-05,0.000727863065078771
"CAMK1G",0.292713459040271,4.16235223842376e-05,0.000734051845182268
"KCTD16",0.292652223928057,4.17850760236918e-05,0.000736205735677801
"FBXO44",0.292606734987556,4.19054691284154e-05,0.000737631047542211
"NECAP1",0.292557746897785,4.20354883048734e-05,0.000739222956291728
"ATP5F1D",0.292412532203108,4.24231365994196e-05,0.000745338192973433
"VAMP2",0.292029375358116,4.34621794486589e-05,0.000761444337132415
"TMEM132B",0.291828174275129,4.40173383040302e-05,0.000769726414013173
"UBE2V2",0.291777436610724,4.41583845902435e-05,0.000771470524422253
"TIAM2",0.291534245736505,4.48403577247396e-05,0.000782652823240407
"PIH1D1",0.291403027638905,4.52124322361776e-05,0.000788410256249162
"GLI3",0.291163335913956,4.58995981736026e-05,0.000799646357733398
"GRK3",0.291135342719801,4.59804887582044e-05,0.000800309047575234
"MAN2A2",0.290918395465103,4.66119529565772e-05,0.000810544537632249
"TMEM33",0.290654209695268,4.73919286116224e-05,0.00082334107790759
"PCGF2",0.29048625053034,4.78941724855091e-05,0.000830521416285393
"MORF4L1",0.2904337632913,4.80521474507965e-05,0.000832487853238474
"CCNI",0.290104843259982,4.90533360549405e-05,0.000848259355705619
"ARHGAP26",0.290001618356537,4.93715611622167e-05,0.000852972503483403
"NOVA1",0.289968376438478,4.9474452971754e-05,0.000853960151294342
"RAC1",0.289711188967182,5.02773523847979e-05,0.000867017389786229
"MPHOSPH6",0.289100587419684,5.22328965173633e-05,0.000899079792956938
"SMIM26",0.289009609538681,5.25303152308549e-05,0.000902535572448433
"ALDH7A1",0.28888538973962,5.29389774996997e-05,0.000908720904213596
"ABCB6",0.288846899097657,5.30662104513092e-05,0.000910068453984068
"PMM1",0.288815406754233,5.31705238676918e-05,0.000911020829131203
"PCNX2",0.288799660582521,5.32227528217809e-05,0.000911079864069275
"APOO",0.288736675895673,5.34321512432009e-05,0.000913826791774743
"DPYSL4",0.288551220984398,5.40532189047312e-05,0.000922758607188994
"ADGRL3",0.288528476514147,5.41298529423745e-05,0.00092308446960814
"RABL2B",0.288516229491705,5.41711597071386e-05,0.00092308446960814
"MIF",0.288388510543374,5.460369927501e-05,0.000929606825578931
"GPRASP1",0.288371014797027,5.46632034089478e-05,0.000929772301334708
"BAP1",0.288241546274062,5.51054317338753e-05,0.000936441349464836
"CACUL1",0.288210053930638,5.52135079981886e-05,0.000937424977612883
"CELF5",0.287623946428025,5.7261641893835e-05,0.000970434141569203
"METTL9",0.287391253001614,5.80944063360648e-05,0.00098365469876006
"TMBIM6",0.287358011083555,5.82142973293509e-05,0.000984791863154853
"PGBD5",0.287321270016227,5.83470788406302e-05,0.000986144836586073
"HS6ST3",0.287286278523534,5.84738018984612e-05,0.000987393059905661
"ELFN2",0.287179554470819,5.88619059937446e-05,0.000993048741047131
"C1QL3",0.287153310851299,5.89577114183841e-05,0.000993767345171247
"NDRG4",0.28709732446299,5.91625861192514e-05,0.000995423836363188
"NFIA",0.28709732446299,5.91625861192514e-05,0.000995423836363188
"COX4I1",0.286964356790755,5.96518469600452e-05,0.00100275237968119
"DUT",0.286726414640441,6.05368652025272e-05,0.00101671447349137
"TLCD1",0.286626688886264,6.09114471438901e-05,0.00102116892895807
"STX6",0.286553206751609,6.11888466752346e-05,0.00102489946233783
"WASL",0.286409741631566,6.17338591613449e-05,0.00103248071715744
"SEMA4A",0.286404492907662,6.17538848284996e-05,0.00103248071715744
"CLTC",0.286390496310584,6.18073164372469e-05,0.00103248071715744
"ST8SIA1",0.286339758646179,6.20013701953341e-05,0.001034796773698
"SPOP",0.285926859032398,6.36019755825388e-05,0.00105961685635994
"NDUFS1",0.285879620517262,6.37875489654073e-05,0.00106176137654006
"TCEAL1",0.285704663053795,6.44792956352625e-05,0.00107231996908652
"TCEAL3",0.285569945806926,6.50167336109112e-05,0.00108029583355639
"RANGAP1",0.285513959418616,6.5241319171849e-05,0.00108303515999335
"DRG2",0.285499962821539,6.52975792542575e-05,0.00108303515999335
"KCNA2",0.285478967925923,6.53820547859398e-05,0.00108347405073843
"TRIM9",0.285122054700451,6.68339302386445e-05,0.00110459334613887
"LRIG1",0.285067817886776,6.70571893830648e-05,0.00110730333237676
"GASK1B",0.285025828095544,6.7230515767026e-05,0.00110918472832595
"SLC41A3",0.2844432197422,6.96792312342697e-05,0.00114755672180884
"TUBA8",0.284047815874765,7.13885364686909e-05,0.001174671636202
"TMED7",0.283932343948877,7.18950889406348e-05,0.0011819653882529
"GTF2I",0.283792377978104,7.25136134911193e-05,0.00119108552819714
"ATP5PF",0.283417969006285,7.41927969044171e-05,0.00121652737048893
"PSMD2",0.283398723685304,7.42800881912368e-05,0.00121689028689433
"KIAA1191",0.283285001334051,7.4797870250881e-05,0.00122429888238865
"SPTBN1",0.282940335131021,7.63879052719476e-05,0.0012459567850296
"AKAP12",0.282669151062648,7.76611752318326e-05,0.00126561964103814
"GALNT18",0.282375222524024,7.90637004497532e-05,0.00128735280697436
"ATCAY",0.282144278672248,8.01823105964457e-05,0.00130442929677632
"GNPNAT1",0.282091791433208,8.04386015034387e-05,0.00130745980998975
"TRIM8",0.28200256312684,8.08760597104314e-05,0.00131342720969741
"SPRED2",0.281967571634146,8.10482200845898e-05,0.00131507954674179
"SUPT4H1",0.281701636289677,8.23679127084577e-05,0.0013343161535534
"LRRC8A",0.281699886715042,8.23766612254801e-05,0.0013343161535534
"UPK3BL1",0.28157916606525,8.29824171489676e-05,0.00134296327788052
"TUBB2B",0.28137271625836,8.40280350550072e-05,0.00135753251097518
"ATP5ME",0.281258993907106,8.46092737996124e-05,0.00136574139799616
"RHEB",0.281024550906061,8.58194332521844e-05,0.00138407921884093
"FYTTD1",0.280912578129442,8.6403127128061e-05,0.0013898921638619
"FBXL2",0.280767363434765,8.71656477955131e-05,0.00140095149589415
"CBWD2",0.280375458716599,8.92551323010671e-05,0.00143206945949719
"IFNAR1",0.280118271245303,9.06517657683195e-05,0.00145198317108845
"FASTKD1",0.280092027625783,9.07954249615083e-05,0.00145303800906695
"FBXO21",0.280023794215031,9.11699378031089e-05,0.00145778232740656
"ZER1",0.279948562505741,9.15845396669756e-05,0.00146315899300294
"LMTK3",0.279922318886221,9.17295833421932e-05,0.00146359072007942
"IPO7",0.279915320587682,9.17682979874173e-05,0.00146359072007942
"NT5C3B",0.279883828244258,9.19427034127046e-05,0.00146512109977446
"LY6E",0.279843588027661,9.21660067201756e-05,0.00146742740111338
"PLPPR2",0.27974211269885,9.27313777250724e-05,0.00147517138875081
"GATD1",0.279609145026615,9.34771276162811e-05,0.0014857692215844
"MTMR3",0.279568904810018,9.37039201581719e-05,0.00148715648135101
"BTN2A1",0.279565405660749,9.37236655895342e-05,0.00148715648135101
"BLOC1S2",0.279465679906573,9.42880516378048e-05,0.00149357392060021
"ABHD17A",0.279376451600205,9.47957257343934e-05,0.00149907279747293
"OGFRL1",0.278900567299575,9.75468424722953e-05,0.00153866961994306
"EPHA4",0.278522659178487,9.97846324816625e-05,0.00156998971881005
"TNRC6A",0.278485918111159,0.000100004740578804,0.00157212839650652
"RASL10A",0.278300463199884,0.000101122718599656,0.00158836660434582
"DNAAF9",0.278134253609591,0.00010213461355796,0.00160291264101551
"NR2F1",0.278024030407607,0.000102810879445681,0.00161217127164361
"EIF3I",0.277863069541218,0.000103805976853125,0.00162640975143369
"MEST",0.277740599316791,0.000104569148761328,0.00163699364816979
"SCYL1",0.277574389726498,0.0001056132857266,0.00165195454290619
"AKAP11",0.277530650360631,0.00010588967621622,0.00165489170963525
"CIBAR1",0.277500907591842,0.000106078008332702,0.00165644889934912
"HSPA9",0.277434423755724,0.000106500120334982,0.00166165100031422
"BBS7",0.277306704807394,0.000107315434557208,0.00167192807351858
"PIK3R1",0.277303205658124,0.000107337853938144,0.00167192807351858
"STRAP",0.277210478202487,0.00010793356732095,0.00167980608607172
"CLIP1",0.276599876654988,0.000111934225658391,0.0017348411604947
"GDI1",0.276374181527116,0.000113447786753508,0.00174958783270727
"ANXA11",0.276332191735884,0.000113731483744586,0.00175251583367483
"PICK1",0.276123992354359,0.00011514797941983,0.00177141982178315
"PPP1R9B",0.276052259794337,0.000115639826694831,0.00177752214267709
"GRHPR",0.275973528935777,0.000116181921142314,0.00178438615070218
"SOCS7",0.2756970961435,0.000118104160292737,0.00181093045782197
"PTEN",0.2755658780459,0.000119026990904598,0.00182358333234968
"ITM2B",0.275480148888801,0.000119633544889652,0.00183137383963863
"PINK1",0.27535592908974,0.000120517560364931,0.00184188703549546
"CCNG2",0.275336683768759,0.000120655065863042,0.00184248079317921
"NKIRAS1",0.275308690574604,0.000120855335814834,0.00184403125137079
"FAM120A",0.275068998849655,0.000122582919944297,0.00186733981474689
"TBC1D20",0.275021760334519,0.000122926105475652,0.00187104152067097
"KCNV1",0.274888792662284,0.000123896939319985,0.00188428276770361
"PNKD",0.274843303721783,0.000124230709358515,0.00188782158501191
"LRP1",0.274610610295372,0.000125951262135223,0.00191241119645319
"COX6C",0.274526630712908,0.000126577666237411,0.00192036108419975
"CNR1",0.27427994068942,0.000128434614565512,0.00194695199807265
"NFIX",0.274099734502049,0.000129807172590303,0.00196616281856975
"LUZP6",0.27404374811374,0.000130236382343952,0.00197106537816503
"DCTN1",0.273954519807372,0.000130923178374435,0.00197985528689955
"PLEKHA2",0.273931775337121,0.000131098784702736,0.00198053028461396
"DDX17",0.273921277889313,0.000131179908013893,0.00198053028461396
"SSBP3",0.273805805963425,0.000132075366739748,0.00199243905430657
"TCF25",0.273720076806326,0.000132743868988892,0.00200090758453312
"INPP4A",0.273685085313633,0.000133017634831475,0.00200163379474604
"RYBP",0.27367283829119,0.000133113577483111,0.00200163379474604
"PTGR1",0.2735976065819,0.000133704359911892,0.00200873239144123
"DOK6",0.273585359559457,0.000133800765418338,0.00200873239144123
"VSTM2A",0.273429647416972,0.000135032170131593,0.0020255910115483
"ACACA",0.273408652521356,0.000135199010189931,0.00202646606284683
"BLCAP",0.273378909752566,0.000135435696739127,0.00202838578372088
"PREPL",0.273336919961334,0.000135770501750122,0.00203177074574141
"PCBP1",0.273315925065718,0.000135938194155926,0.00203265149243882
"HCN1",0.273300178894006,0.000136064090460499,0.00203274428608453
"RNF11",0.273287931871564,0.000136162085130207,0.00203274428608453
"ARHGAP44",0.27325643952814,0.000136414374359921,0.00203488406992483
"LONRF2",0.273027245250998,0.000138263680100722,0.00206082401401523
"PPFIA2",0.2726790798987,0.000141117803059135,0.00209984846851094
"TADA2B",0.272666832876257,0.000141219194498273,0.00209984846851094
"ARHGEF9",0.272484877114252,0.000142733621429984,0.00212067869039489
"ARPC2",0.272112217717068,0.00014588276083573,0.00216341387756437
"FLOT1",0.272112217717068,0.00014588276083573,0.00216341387756437
"CCNY",0.272029987709238,0.000146586326177627,0.00217101207588689
"NARF",0.271688820655478,0.000149539363431501,0.00221124081666407
"DPCD",0.271478871699318,0.000151384134323109,0.00223458381910261
"CADM1",0.27146837425151,0.000151476928409933,0.00223458381910261
"CRELD1",0.271351152750987,0.000152516743546028,0.00224814735790498
"SPON1",0.271242679123638,0.00015348489456855,0.0022606339834087
"ZFYVE9",0.271207687630945,0.000153798423448474,0.00226346678985319
"LRP1B",0.271062472936267,0.000155105969700688,0.00228091266939374
"MTCH1",0.270927755689398,0.000156328268339025,0.00229166934026659
"CTIF",0.270836777808395,0.000157158797559355,0.00229890040119752
"MMD2",0.270833278659126,0.000157190823106084,0.00229890040119752
"CSRNP3",0.270801786315702,0.000157479327320065,0.00230131761895894
"DEFB135",0.270696811837622,0.000158444582191862,0.00231361299219329
"COX7A2",0.270390636276555,0.00016129154949332,0.00235150739917038
"TMEM271",0.270175438596491,0.000163321057626849,0.0023773843119556
"CLTA",0.270145695827702,0.000163603426137167,0.00237778800508772
"ATE1",0.270094958163297,0.000164086165433854,0.00238254982701831
"PSMC3",0.270084460715489,0.000164186208362207,0.00238254982701831
"SLC25A26",0.269958491341793,0.000165391172172093,0.00239817199649535
"PLEKHD1",0.269874511759328,0.00016619906087754,0.00240801680445999
"YPEL5",0.269857016012982,0.000166367833900559,0.00240843830086285
"GPX4",0.269844768990539,0.000166486070165664,0.00240843830086285
"ZSWIM9",0.269381131712352,0.000171020265474238,0.00246829557805013
"SYNM",0.269144939136672,0.000173374189132689,0.0025003369546271
"MED21",0.268695298455563,0.000177939124400765,0.00256221363709228
"DOCK3",0.268436361409632,0.000180618579859126,0.00259263958783887
"EYA2",0.268436361409632,0.000180618579859126,0.00259263958783887
"ABI1",0.26842411438719,0.000180746238132695,0.00259263958783887
"DOK5",0.268385623745227,0.000181147997894187,0.00259640829522013
"NNT",0.268362879274976,0.000181385792710577,0.00259782290234873
"FRRS1L",0.26829289628959,0.000182119296317634,0.00260632948507903
"CEP68",0.268200168833952,0.000183095449967003,0.00261628968904648
"PCDH17",0.268025211370486,0.000184950550790789,0.00264077713040426
"HMGCS1",0.267979722429984,0.000185435739818123,0.0026456821060682
"HP1BP3",0.267871248802635,0.000186597522784217,0.00265819628948744
"RUNX1T1",0.267773272623093,0.000187652705186712,0.00267119048938036
"C1orf43",0.267740030705035,0.000188011975704095,0.002674266304836
"GET3",0.267407611524448,0.000191640123647767,0.00271993220377204
"ATP9A",0.267405861949813,0.000191659390670594,0.00271993220377204
"SLC25A32",0.267274643852213,0.000193109574897419,0.00273843160272149
"PRRT1",0.267204660866827,0.000193887182579522,0.0027473725507247
"TCF4",0.267106684687285,0.000194980737926912,0.00275868201630531
"GABRG2",0.266828502320373,0.000198117070532154,0.00279881574074017
"APC",0.266667541453984,0.000199953213349748,0.00282261996411178
"CCDC148",0.266625551662752,0.000200434808671073,0.00282728133439649
"UBQLN2",0.2661636639592,0.00020580418371824,0.00289864173086112
"ABHD14A",0.265974709898656,0.000208039132194807,0.00292791170525261
"SMIM10L2B",0.26579625328592,0.000210170660957058,0.0029534591903943
"ARHGEF6",0.265759512218592,0.000210612023127881,0.0029563952242737
"ERI3",0.265752513920053,0.000210696189950112,0.0029563952242737
"OR10V1",0.265735018173706,0.000210906744114569,0.00295712789270548
"ZNF385A",0.265705275404917,0.000211265136112597,0.00295993074421519
"TLCD3B",0.265453336657525,0.00021432376348526,0.00300053268879365
"ZNF692",0.265334365582368,0.000215782408004266,0.00301643132626322
"ARMCX1",0.265252135574538,0.000216795987145227,0.00302833347488726
"GAD1",0.26516640641744,0.000217857417494448,0.00304088574673118
"CTSB",0.26508767555888,0.000218836462057329,0.0030522701757899
"CMIP",0.2649827010808,0.000220148229678566,0.0030682748787141
"MAPK11",0.26482174021441,0.000222173836262357,0.00309419729010871
"ZCCHC2",0.264807743617333,0.000222350793716144,0.00309435426486044
"TUB",0.264790247870986,0.000222572175101916,0.00309512877304793
"GRIPAP1",0.264711517012426,0.000223570933693652,0.00310394032709246
"RPS21",0.264701019564618,0.000223704416377514,0.00310394032709246
"STARD3NL",0.264492820183093,0.000226367203153234,0.0031385552235262
"GPC1",0.264324861018165,0.000228536808752176,0.00316628593490774
"SPEG",0.264225135263989,0.000229834156021772,0.00318189970189964
"PFDN5",0.263915460553653,0.000233906594714146,0.00323109435124363
"FKBP2",0.263733504791647,0.000236330665583925,0.00326158770170799
"SLC27A6",0.26371950819457,0.000236518097773138,0.00326158770170799
"HK1",0.263702012448223,0.000236752582579316,0.00326158770170799
"NBPF3",0.263688015851146,0.000236940326194166,0.00326158770170799
"TMEM178A",0.263668770530165,0.000237198699932258,0.00326209346092405
"VPS35",0.263341600073482,0.000241631372303977,0.00331980929135504
"CAND1",0.263054669833397,0.000245582176027352,0.00336632890960984
"KCTD17",0.262849969601141,0.00024843738443773,0.00340162506727203
"GABRB3",0.262786984914293,0.000249322104630178,0.00340874057545622
"GABRA5",0.262739746399157,0.000249987567478414,0.00341533855905402
"PRODH",0.262668013839135,0.000251001245730306,0.00342668074945847
"LRRC4B",0.262568288084959,0.000252416860515737,0.00344348961796341
"TP53BP2",0.262496555524938,0.000253439698582438,0.00345491956987271
"SNX3",0.262402078494666,0.000254792734994167,0.00347083086706861
"DNAL1",0.262295354441951,0.000256329246099863,0.00348921647242059
"TNFSF12",0.262174633792159,0.000258077653445966,0.0035079026606673
"CKMT1A",0.262001425903327,0.000260605620385466,0.00353711523715041
"CERK",0.26172499311105,0.000264687908314426,0.00358246190577914
"NUTF2",0.261623517782239,0.000266201333530991,0.00359998269733874
"ALDH4A1",0.26159027586418,0.000266698857947528,0.00360410120913751
"AVL9",0.261452059468042,0.000268776798339564,0.00362955566579153
"OR52I1",0.261208868593823,0.000272469508630291,0.00367676339825095
"CORO2B",0.261119640287455,0.000273836175892905,0.00369253748806923
"MINDY2",0.261019914533279,0.000275371168012753,0.00371055695079811
"SCN3B",0.260683996203423,0.000280600719009824,0.00377742458588719
"PPP1R7",0.26067524833025,0.000280738130499648,0.00377742458588719
"ENSA",0.26046529937409,0.000284054830082105,0.00381530153060712
"RFX4",0.260339330000394,0.00028606229303077,0.00383800243149617
"SLC35F1",0.260180118708639,0.000288618366975764,0.00386951659844894
"SRRM3",0.26015037593985,0.000289098221898175,0.00387316957831443
"COMMD7",0.260080392954463,0.000290230218355449,0.00388554807025546
"TSPAN3",0.260026156140788,0.000291110347169536,0.00389453928634545
"RTL6",0.259929929535882,0.000292677972387485,0.00391270852706419
"SNU13",0.259868694423668,0.000293679632312742,0.00392316607903791
"COA1",0.259856447401226,0.000293880346143395,0.00392316607903791
"ATP6V1G2",0.259812708035359,0.000294598222215795,0.0039299402843587
"EGLN2",0.259716481430452,0.00029618328866654,0.00394826488161049
"UBE2D3",0.259630752273354,0.000297602109439176,0.0039587015640214
"GGA2",0.259615006101642,0.000297863394607269,0.00395935712290773
"ATG7",0.259578265034314,0.000298473889055039,0.00396183251740719
"CPEB1",0.25952052907137,0.000299435586600789,0.00397177486886103
"TJP1",0.259475040130868,0.000300195314371095,0.00397902604059231
"CDC37L1",0.259373564802057,0.000301896549269949,0.00399873755614579
"VSTM2B",0.259310580115209,0.00030295698835652,0.00400993955673024
"VPS13A",0.259186360316148,0.000305058558789268,0.00403204079543409
"SENP6",0.259013152427316,0.000308011529023278,0.00406819187838667
"SLCO1C1",0.258915176247775,0.0003096936306279,0.00408422915093508
"SLITRK5",0.258902929225332,0.00030990449218619,0.00408422915093508
"IQSEC2",0.258888932628255,0.000310145640097434,0.00408422915093508
"CAPRIN1",0.258815450493599,0.000311414528399434,0.00409039596387808
"MTRNR2L5",0.258813700918964,0.000311444798706073,0.00409039596387808
"ADRA1B",0.258722723037961,0.000313022625499242,0.00410822948265906
"GON7",0.258579257917919,0.000315525827069089,0.00413817440052128
"RSL1D1",0.258498777484724,0.00031693818834035,0.00415086788600587
"TRAPPC5",0.258392053432009,0.000318820157245377,0.00417258952818126
"SLC35E2B",0.258281830230025,0.000320774718519816,0.00419523014221015
"CLSTN2",0.258098124893385,0.000324057062565376,0.00423519223265988
"SLC25A27",0.257956409347977,0.000326610432977777,0.0042655779344706
"RIMS1",0.257896923810399,0.000327687773228899,0.00427367098660818
"RNF24",0.257802446780127,0.000329405625771166,0.00429307708785925
"CADPS2",0.257756957839625,0.000330235718110894,0.00430089419207745
"PPP2R1A",0.257707969749855,0.000331131835003061,0.00430955968677155
"LETMD1",0.257538261010292,0.00033425372407235,0.00434111443030264
"YARS1",0.257505019092233,0.000334868418800731,0.00434607546179462
"ST3GAL3",0.257302068434612,0.0003386441067528,0.00439202592896895
"MAN2C1",0.257219838426782,0.000340185128209158,0.00440895035005846
"KIAA1522",0.257037882664777,0.000343618209217045,0.00444855998662298
"WDR17",0.257032633940873,0.000343717715822283,0.00444855998662298
"LRSAM1",0.257016887769161,0.000344016396099633,0.00444883839492979
"GRB2",0.257006390321353,0.000344215650068192,0.00444883839492979
"KYAT3",0.256981896276468,0.00034468099253985,0.00445177193407624
"KAT2A",0.25694165605987,0.000345446751227477,0.00445857880160633
"DDN",0.256897916694004,0.000346280887936554,0.00446575973375337
"ZHX3",0.256873422649118,0.000346748820461702,0.00446612480754673
"IRS2",0.256596989856841,0.000352070605021681,0.00452480925416244
"DGKB",0.256586492409033,0.000352274183741283,0.00452480925416244
"PDK2",0.256572495811956,0.000352545791923223,0.00452518571131142
"KPNA5",0.25654800176707,0.000353021573792726,0.00452818057153362
"SEC14L1",0.25652525729682,0.000353463904576528,0.00453074254074896
"PEX26",0.256509511125108,0.000353770434730194,0.00453156148081009
"MTFR1L",0.256294313445044,0.000357984472027016,0.00457612457192098
"SSBP4",0.256175342369886,0.000360334124084591,0.00459888851876425
"KRT222",0.255926902771764,0.000365286948727188,0.00465037427023106
"VDAC1",0.255911156600052,0.000365602978104484,0.00465074106617533
"ME3",0.255900659152244,0.000365813805215868,0.00465074106617533
"BMPR2",0.255809681271241,0.000367645702466862,0.00467085111515042
"SRP14",0.255521001456521,0.00037351493452166,0.00474124438812451
"TTC3",0.255512253583348,0.000373694138965479,0.00474124438812451
"ADGRG1",0.255465015068212,0.000374663221428715,0.00474708977164362
"RAP1GAP2",0.255200829298377,0.000380126000193482,0.00480652212566924
"TPPP",0.255038118857353,0.000383527144262338,0.0048462469189739
"PRR4",0.254871909267059,0.000387030543093625,0.00488060933343453
"CHRNB2",0.254871909267059,0.000387030543093625,0.00488060933343453
"KIFAP3",0.254843916072905,0.000387623500067973,0.00488478845294836
"H2AZ2",0.254716197124574,0.000390339567763632,0.00491238663581778
"MYCBP2",0.254604224347955,0.000392735279647216,0.00493920813649253
"NUCB1",0.254549987534281,0.000393900595563157,0.00494720075503532
"PAK6",0.254507997743049,0.000394804975777733,0.00495522696748988
"PSMF1",0.254364532623006,0.000397909482698432,0.00498414319173435
"SLC22A17",0.254285801764446,0.000399622775287059,0.00500224862685061
"HNRNPK",0.254215818779059,0.000401151438874378,0.00501514009399818
"PHYHD1",0.254214069204425,0.000401189724803667,0.00501514009399818
"ATP5F1C",0.254180827286366,0.000401917801156776,0.00502088083906618
"MRPL28",0.254040861315593,0.000404996837899967,0.00505258580134923
"UNC13A",0.253998871524361,0.000405924802399323,0.00505740601041344
"KHDRBS2",0.253965629606302,0.000406660837828106,0.00506319853818513
"HSPA12A",0.253935886837513,0.000407320443897317,0.00506803238522738
"ZDHHC22",0.253890397897011,0.000408331170949843,0.00507722566488633
"SNPH",0.25387115257603,0.000408759485404095,0.00507916976008442
"KIAA0319L",0.253848408105779,0.000409266211900476,0.00508117748046499
"ALDH1A1",0.253816915762355,0.000409968794128726,0.00508117748046499
"PNMA2",0.253806418314547,0.000410203236431765,0.00508117748046499
"CDH11",0.253802919165278,0.000410281411466118,0.00508117748046499
"CBX5",0.253655954895966,0.000413577255099359,0.00511521113657988
"ANKS3",0.253615714679369,0.000414483956641546,0.00512303267653046
"RAB40C",0.253491494880307,0.000417294535067942,0.00515436027574662
"ASB6",0.253440757215902,0.000418447588050554,0.0051632483461518
"RYR3",0.253435508491998,0.000418567037699391,0.0051632483461518
"FGF2",0.253383021252958,0.000419763272723575,0.00517458672038646
"NREP",0.25334278103636,0.000420682530134423,0.00518249797677472
"ECHS1",0.253118835483123,0.000425832555264679,0.00523558183154914
"PPP1R1A",0.253087343139699,0.000426561442964251,0.00524109309789497
"LDAH",0.252947377168926,0.000429814946253215,0.00527417007176057
"STX7",0.252936879721118,0.000430059883149284,0.00527417007176057
"SGSM3",0.252816159071326,0.000432885964236267,0.00530484138325231
"RAB5B",0.252697187996168,0.000435687905699997,0.00533025469770193
"ZYX",0.252679692249822,0.000436101369569958,0.00533025469770193
"NIM1K",0.252630704160051,0.000437261002231449,0.00534093294811939
"TSPYL2",0.252471492868296,0.00044104955795474,0.00538017083237277
"MAPK14",0.252338525196062,0.000444236894295159,0.00540896618772312
"GABRA4",0.252336775621427,0.000444278974725169,0.00540896618772312
"RNF115",0.252184562628211,0.00044795413216466,0.00545015724580272
"CELF1",0.252172315605768,0.000448251054559407,0.00545021920244237
"SNRNP200",0.252039347933534,0.000451486532770781,0.00548242034202023
"HSP90AB1",0.252021852187187,0.000451913859398021,0.00548404368948502
"CDH4",0.251918627283742,0.000454442717289587,0.00551115077149372
"CCDC57",0.251803155357854,0.000457287128742007,0.00554204699311208
"PLXNA4",0.251752417693448,0.000458542149716241,0.0055536531699744
"DCAF6",0.251720925350024,0.000459322731027831,0.00555950183063887
"CDO1",0.251684184282696,0.000460234963649126,0.0055643834117575
"SEH1L",0.251680685133427,0.000460321930347255,0.0055643834117575
"COX7A1",0.251383257445534,0.000467769941472033,0.00564710499478455
"CACNB2",0.25127303424355,0.000470558295480791,0.00567709736847497
"CCM2",0.251250289773299,0.000471135581156061,0.00568039258468082
"GUCY1B1",0.251201301683528,0.000472381192323425,0.00569173622440793
"ADAP1",0.251126069974237,0.000474300029894788,0.00571117173327857
"FURIN",0.250921369741981,0.000479557624175611,0.00577075914246374
"TAOK2",0.250884628674653,0.000480506983575551,0.00577846002914165
"OPTN",0.250861884204403,0.000481095553341096,0.00577972923972766
"TRPM3",0.250856635480499,0.000481231471823544,0.00577972923972766
"DLG3",0.250777904621939,0.000483274516997208,0.00579681109790614
"PSME3IP1",0.250760408875592,0.000483729615444111,0.005798545762538
"RAB24",0.250728916532168,0.000484549791949344,0.00580465164493005
"SLC25A11",0.250527715449181,0.00048982024920841,0.00586027096362349
"PHF1",0.250489224807219,0.000490834533744707,0.00586037946243307
"RAPGEF4",0.250485725657949,0.000490926837704398,0.00586037946243307
"ELK1",0.250468229911603,0.000491388598404982,0.00586037946243307
"ZBTB43",0.250461231613064,0.000491573415153623,0.00586037946243307
"ARPC3",0.25045598288916,0.00049171206990965,0.00586037946243307
"POLR1C",0.250384250329139,0.000493610647541988,0.00587550825589176
"TM9SF2",0.250247783507635,0.000497241309439074,0.00591118949400646
"DUSP3",0.250221539888115,0.00049794233910601,0.00591575771319583
"PTCHD1",0.250200544992499,0.000498503820889724,0.00591866329239446
"PRPS2",0.250128812432477,0.000500426638292837,0.00593771785054449
"CAMKK1",0.249938108797299,0.000505571927467453,0.00599115565823741
"MRPL51",0.249897868580701,0.000506663862570391,0.0059977487274744
"NEUROD2",0.249887371132893,0.000506949073665816,0.0059977487274744
"KLHDC2",0.249882122408989,0.000507091734883384,0.0059977487274744
"UBR2",0.249610938340616,0.000514513277200837,0.00607783046489743
"SCN2B",0.249574197273288,0.000515526466031415,0.0060859496078399
"FLCN",0.24953745620596,0.00051654149936763,0.00609408025406813
"BEX5",0.249451727048861,0.000518917100701013,0.00611824228073997
"FAM204A",0.249331006399069,0.000522279465397283,0.00615400081751398
"FZD3",0.24887786656869,0.000535081023809973,0.00628896991861237
"ASH1L",0.248680164634973,0.000540756615468359,0.00635167959150131
"ARHGEF25",0.248652171440818,0.000541564720734869,0.00635318010329423
"RUSC1",0.248548946537373,0.000544554264379722,0.0063831178299081
"GRM5",0.248526202067122,0.00054521502445868,0.0063831178299081
"CACNG7",0.248526202067122,0.00054521502445868,0.0063831178299081
"FCAMR",0.248512205470045,0.0005456220142362,0.0063831178299081
"DDX24",0.24819553246117,0.00055490552697696,0.00647025377369559
"TMEM230",0.2481465443714,0.000556354616685071,0.00648026827845006
"RIMS4",0.248139546072861,0.00055656191468376,0.00648026827845006
"EXD2",0.248080060535282,0.000558326831189662,0.00649673267939178
"SHROOM2",0.248060815214301,0.000558898939751142,0.00649673267939178
"UNC13C",0.248045069042589,0.000559367431380487,0.00649673267939178
"EIF4EBP2",0.24777913369812,0.000567334743919646,0.00658517319915681
"STAG2",0.247747641354696,0.000568285151966881,0.00659169224474394
"NDUFA1",0.247737143906888,0.000568602281338749,0.00659169224474394
"MLXIPL",0.247667160921501,0.000570720658460692,0.00661214579243913
"REEP1",0.247630419854173,0.000571835722527748,0.00662095719400385
"ZNRF2",0.247492203458034,0.000576048536449669,0.00666147521160001
"CACNA1G",0.247479956435592,0.000576423202969316,0.00666168300659341
"DNASE2",0.247423970047282,0.000578138832189562,0.00667737837351407
"RSKR",0.247299750248221,0.000581962238299312,0.00671323456607656
"AJAP1",0.247110796187677,0.000587822921178398,0.0067766548616838
"CLCN6",0.247068806396445,0.000589132674956652,0.00678337967786094
"AASDHPPT",0.247019818306674,0.000590664126827928,0.00679682269417029
"CREBBP",0.247007571284232,0.000591047563761928,0.00679704698326218
"ZNF609",0.246963831918365,0.000592418858469724,0.00680862436971112
"SLITRK3",0.246949835321288,0.000592858292855893,0.00680948430342968
"GLUD1",0.246718891469511,0.000600152551489244,0.00688902830461778
"GNAO1",0.246626164013874,0.000603104550888332,0.00691866129753716
"FAM90A26",0.246405717609906,0.00061017641000784,0.00698263151550639
"TPST1",0.246283247385479,0.000614138219230593,0.00701467483879113
"SEMA3E",0.246272749937671,0.000614478905347092,0.00701467483879113
"CELSR2",0.246106540347378,0.000619896402417574,0.00706853150165925
"SGTB",0.246036557361991,0.000622190614733038,0.00708800282403361
"ZNF207",0.246029559063453,0.000622420466449728,0.00708800282403361
"TXNL1",0.245984070122951,0.000623916413879433,0.00710058145470497
"RNF170",0.24596482480197,0.000624550313059184,0.00710058145470497
"AMDHD2",0.245845853726813,0.000628482175340677,0.00713961867801854
"DNAJC17",0.245746127972637,0.000631795586912274,0.00716853850618082
"UROS",0.245628906472114,0.000635710905889943,0.00720858341129361
"NR3C1",0.24559741412869,0.00063676659150008,0.00721578627552284
"NAPG",0.245586916680882,0.000637118846023622,0.00721578627552284
"GOLIM4",0.245446950710109,0.000641832786429035,0.00726036893964183
"EPS15L1",0.245378717299357,0.000644142481241918,0.00727767996350518
"PAGR1",0.245223005156871,0.000649442070003438,0.00733311976988162
"SLIT2",0.245128528126599,0.000652677127755696,0.00736519518910295
"ACBD7",0.245060294715847,0.000655022796535201,0.0073854598966505
"KLHL9",0.245053296417308,0.000655263817131606,0.0073854598966505
"STK25",0.245032301521693,0.000655987369862334,0.00738915568127198
"PITPNM3",0.245011306626077,0.000656711659533297,0.00739285530647611
"SOAT1",0.244934325342151,0.000659373704243015,0.00741388518991123
"POLR3H",0.244703381490375,0.000667419675702465,0.0074908232352279
"PPM1K",0.244475936787868,0.000675432154059667,0.00757619874427528
"TBCEL",0.244407703377116,0.000677853138934101,0.00759879064989992
"STMP1",0.244330722093191,0.000680594111770269,0.00762494039077477
"DBNDD1",0.24430797762294,0.000681405898366921,0.00762945836804594
"HMGA1",0.244133020159474,0.000687680323635017,0.00769509749802731
"ITPK1",0.244026296106759,0.000691533836418587,0.00773358438859493
"H1-0",0.243972059293084,0.000693499799406414,0.00775092893699233
"NSD3",0.243858336941831,0.000697638719640389,0.00779252435885401
"BRPF3",0.243823345449138,0.000698916807551145,0.00780213406923203
"RPL10A",0.243769108635463,0.000700902110190178,0.00781815493254899
"CDKL5",0.243749863314482,0.000701607821104739,0.00781815493254899
"PPIP5K2",0.243646638411036,0.000705404189036076,0.00784641371914101
"IFNGR2",0.243646638411036,0.000705404189036076,0.00784641371914101
"COPS8",0.243634391388594,0.000705855859919774,0.00784676430944148
"FABP3",0.243616895642247,0.000706501566488201,0.00784927022946677
"HIPK1",0.243506672440263,0.000710582053922795,0.00788991108148758
"HABP4",0.243440188604146,0.000713053791543847,0.00790795285681288
"ZNF746",0.243399948387548,0.000714553690469388,0.00791988410872777
"PEBP1",0.243322967103623,0.000717431167687757,0.00794235002236903
"BYSL",0.243184750707484,0.000722624362718095,0.00799510225007295
"SPINT2",0.243046534311346,0.000727852180492529,0.00804817485072734
"USP21",0.24302553941573,0.000728649321466506,0.00805222173237187
"HNRNPC",0.242882074295687,0.000734118018500912,0.00810306626094742
"RBFOX1",0.242787597265415,0.00073773998125936,0.0081356545917343
"NT5C2",0.242782348541511,0.000737941683358209,0.0081356545917343
"KBTBD2",0.242763103220529,0.000738681692500252,0.00813900843016796
"MAP7D2",0.242719363854663,0.000740366074885776,0.0081527575557587
"AK5",0.242642382570737,0.000743339185078223,0.00817734475560548
"IRGQ",0.242638883421468,0.000743474587439393,0.00817734475560548
"SV2A",0.242617888525852,0.000744287478893365,0.00818146730771776
"NDUFAB1",0.242565401286812,0.000746323291161734,0.00819419975645887
"TMEM8B",0.242521661920945,0.000748023718719833,0.0082032242929017
"AMFR",0.242278471046727,0.000757543360112317,0.00830274635766293
"GNG3",0.2420247827247,0.000767592741337426,0.00840302581314054
"SLC25A16",0.241954799739313,0.000770386511208906,0.00842866929310927
"MLLT6",0.241800837171463,0.000776565798072731,0.00849130143138543
"PI4KB",0.241697612268017,0.000780734252740432,0.00853188584211838
"MKRN2",0.241620630984092,0.000783856332166947,0.00856099465470754
"DNAJB6",0.241550647998705,0.000786704557654742,0.00858708025643481
"MEIS3",0.241351196490353,0.000794874361011553,0.00866612584136122
"MRPL16",0.241312705848391,0.000796459952862813,0.00867642916153464
"RERE",0.241254969885447,0.000798843800923353,0.00869417647205392
"RPS24",0.241146496258097,0.000803340317432232,0.00873802199671774
"ATP6V0A1",0.241125501362481,0.000804213297472405,0.00874242581117266
"COPS4",0.241083511571249,0.000805961877891381,0.00875124652994153
"DSTYK",0.241083511571249,0.000805961877891381,0.00875124652994153
"STUM",0.241015278160497,0.000808810786674618,0.00877594893605257
"SYT5",0.241006530287324,0.00080917670100035,0.00877594893605257
"KIFC3",0.240934797727303,0.000812182951084301,0.00879323408373937
"RASGEF1A",0.240884060062897,0.000814315526568184,0.00880611278181088
"GJB6",0.240646117912583,0.000824385499101259,0.00890469842753911
"SLC25A5",0.240565637479388,0.000827817371510331,0.00893659955510228
"PTPN5",0.240486906620828,0.000831187355024539,0.00896261838477961
"ACSS3",0.24047291002375,0.000831787783195929,0.00896391727580333
"ZDHHC21",0.240427421083249,0.000833741932242285,0.00897979488267412
"HDHD2",0.240411674911537,0.00083441935209533,0.00898159873422627
"PRKAR1A",0.24021047382855,0.000843119968937662,0.00905632446304389
"LHX2",0.240206974679281,0.000843272019770471,0.00905632446304389
"FCGRT",0.240177231910492,0.000844565470842654,0.00905786083007108
"DNAJC27",0.240173732761222,0.000844717761501352,0.00905786083007108
"UNC79",0.240170233611953,0.000844870077424706,0.00905786083007108
"AP1M1",0.240112497649009,0.000847386941110042,0.00907963196337989
"ZNF354A",0.240086254029489,0.00084853324881219,0.0090867012355599
"CACNA1D",0.239760833147441,0.000862866480800677,0.00922432421032252
"SRPRB",0.239694349311324,0.000865822034711008,0.0092506248971755
"FAM168B",0.239661107393265,0.000867303300914891,0.00926085801598991
"RAB7A",0.239650609945457,0.000867771553222443,0.00926085801598991
"MAP3K3",0.239538637168838,0.000872780732958551,0.00930368320133214
"RAF1",0.239433662690758,0.000877500977992252,0.0093486641557235
"LMBRD2",0.239402170347334,0.000878921622855971,0.00935846079159527
"WDR45B",0.239302444593158,0.000883434297488926,0.00939579666281502
"ANOS1",0.239204468413617,0.000887888542491044,0.00943779534408806
"ASAP2",0.239122238405788,0.000891642856195384,0.00947202529873431
"TAS2R14",0.239020763076977,0.000896295958572851,0.00950552147774365
"ARHGEF7",0.238996269032092,0.000897422461170371,0.00951206690398289
"RNASEK",0.238975274136476,0.000898389070772983,0.00951691110933422
"KCND3",0.238943781793052,0.000899840780117407,0.00952688571965572
"TANGO2",0.238870299658396,0.0009032364932545,0.00955741912069181
"PAPOLA",0.238602614739291,0.000915706463828955,0.00967292642447374
"KIAA0930",0.238553626649521,0.000918005608875089,0.00968972596254536
"LGI1",0.238546628350982,0.000918334490988717,0.00968972596254536
"DUSP8",0.238506388134385,0.000920227665856116,0.00969500821637761
"SMIM10L2A",0.238502888985115,0.000920392459179562,0.00969500821637761
"NDUFB5",0.238460899193883,0.00092237209600638,0.00970838891045313
"ARHGEF12",0.238453900895345,0.000922702415723619,0.00970838891045313
"DPP6",0.238420658977286,0.000924272919741599,0.00971943752764307
"ITGB1BP1",0.238389166633862,0.000925763031676607,0.00972962880112116
"MIB2",0.238315684499206,0.000929248550400499,0.00975528157800996
"THEMIS",0.238291190454321,0.000930413067575763,0.00976201935395783
"NLGN2",0.238271945133339,0.000931328986118869,0.00976614269778551
"NPY5R",0.238254449386993,0.000932162358360696,0.00976939629895868
"DPF1",0.238107485117681,0.000939189790482654,0.00983201150619622
"BCKDK",0.238107485117681,0.000939189790482654,0.00983201150619622
"RNMT",0.238082991072795,0.000940365751508012,0.00983880715695441
"SELENOF",0.237869542967366,0.000950670830900395,0.00993549436927575
"H1-2",0.237799559981979,0.0009540720678237,0.00996546417151869
"RRP1B",0.237787312959537,0.000954668432543797,0.00996611942212854
"MICOS10",0.23774630194437,0.000956667945097801,0.009978119654235
"TSPOAP1",0.237741824019035,0.00095688650143151,0.009978119654235
"MIB1",0.237544122085318,0.000966581685903779,0.0100735935077784
"MFSD10",0.237496883570182,0.000968911552637971,0.010092243255475
"ADGRB2",0.237327174830619,0.000977324440705256,0.0101628681818549
"CSNK2A3",0.237188958434481,0.000984225694888097,0.0102232475404506
"MLEC",0.237152217367153,0.000986067721077226,0.0102310004215768
"STARD13",0.237057740336881,0.000990818908992449,0.0102688867615666
"TTBK2",0.237026247993457,0.000992407304642969,0.0102796443824249
"SLC9A3R1",0.236991256500763,0.000994174931307923,0.0102922455748929
"LAMTOR2",0.236958014582705,0.000995856854417995,0.0103039460460446
"PFDN6",0.23690377776903,0.000998606655653662,0.01032667657862
"GPD2",0.236846041806086,0.00100154152426941,0.0103398504738837
"SMAD4",0.236830295634374,0.00100234331655159,0.0103403768885351
"MBD3",0.236823297335835,0.00100269985784628,0.0103403768885351
"PRCP",0.23677255967143,0.00100528826725377,0.0103593162754587
"IPO5",0.236765561372891,0.00100564577036874,0.0103593162754587
"POU2F1",0.236653588596273,0.00101138172051816,0.0104096970893145
"SUMO3",0.236648339872368,0.0010116513288234,0.0104096970893145
"ZNF490",0.236518871349403,0.00101832259316901,0.0104668094386485
"ATP2B3",0.236464634535728,0.00102112929772548,0.0104898849088675
"RAB40B",0.236398150699611,0.00102457946288859,0.010519541533209
"TARBP1",0.236133964929776,0.00103839535281027,0.0106319944928616
"DCAF5",0.236014993854619,0.00104467275004016,0.0106785481176908
"NR2F6",0.236004496406811,0.00104522830698884,0.0106785481176908
"PAK5",0.235993998959003,0.0010457841351069,0.0106785481176908
"PRPSAP2",0.235826039794075,0.00105471436116271,0.0107520990224207
"SPIRE1",0.235806794473094,0.0010557420730116,0.0107567042856326
"FARS2",0.235768303831131,0.00105780025438762,0.0107668808680066
"EIF6",0.235656331054512,0.00106380864719645,0.010821182077909
"EIF2AK2",0.235498869337392,0.00107231094682223,0.0109017306711225
"JAM2",0.235449881247622,0.00107496879635556,0.0109228058981155
"RNF41",0.235339658045638,0.00108097107344625,0.010977822603416
"GPRC5A",0.235311664851483,0.00108250034996472,0.0109873785521419
"WDR6",0.23524693059,0.00108604440770546,0.0110173630409056
"GSK3A",0.235147204835824,0.00109152500899273,0.0110609446923213
"CNTNAP1",0.235015986738224,0.00109877498450354,0.0111283739753732
"LIX1",0.234975746521627,0.00110100714496257,0.0111408657295985
"MRPS21",0.234972247372358,0.00110120144232377,0.0111408657295985
"CRCP",0.23493550630503,0.00110324346445434,0.0111554818311582
"RASGRF2",0.234781543737179,0.00111183834038823,0.0112363056521053
"YIPF5",0.234601337549808,0.00112197624128265,0.0113265017741593
"GOT2",0.234548850310768,0.00112494493011872,0.0113503357724999
"FBXW7",0.23451210924344,0.00112702729668118,0.0113652061516294
"LRRC20",0.234489364773189,0.00112831815163356,0.0113720830004902
"RAB11FIP3",0.234463121153669,0.00112980928439329,0.011377717364552
"SERPINI1",0.234454373280496,0.0011303067300942,0.011377717364552
"TMEM38A",0.234447374981957,0.00113070483125982,0.011377717364552
"TXNDC11",0.234312657735088,0.0011383933835612,0.0114489148257345
"RABL6",0.234282914966299,0.00114009730356318,0.011459880108367
"BLOC1S6",0.234244424324336,0.00114230584795553,0.0114759031825807
"PDE6D",0.234226928577989,0.00114331102801332,0.0114798262146112
"OR6C75",0.234200684958469,0.00114482031885675,0.0114888040166408
"NMT1",0.234186688361392,0.0011456260207516,0.0114907151254333
"KIAA1958",0.234148197719429,0.00114784438253041,0.0115067856619098
"CDS2",0.234072966010139,0.00115219164749059,0.0115441691032909
"CNNM4",0.233924252166192,0.00116082952162503,0.0116182487384079
"SLC10A7",0.233847270882267,0.00116532417369154,0.0116569867530066
"NDUFS3",0.233789534919323,0.00116870562615497,0.0116845536799092
"IBSP",0.233556841492912,0.00118242527819276,0.0118153956637389
"EID2B",0.233416875522139,0.00119074864184032,0.011885848014436
"GPR137",0.23325241550648,0.00120059719138327,0.011971357792992
"DDX19A",0.233073958893744,0.00121136831887927,0.012065874519141
"C2CD2L",0.233012723781531,0.00121508465016233,0.0120781835149055
"CCDC103",0.233010974206896,0.00121519098439213,0.0120781835149055
"FBXL22",0.232970733990299,0.00121763902615206,0.0120960779002212
"GLIPR1",0.232921745900528,0.00122062534941252,0.0121192977276068
"SMDT1",0.2328850048332,0.00122286949394915,0.0121351278793806
"TUBG2",0.232636565235077,0.00123814365846143,0.0122671464007564
"SLC35A4",0.232599824167749,0.00124041728939534,0.0122831565730367
"NDST3",0.232498348838939,0.00124671672465889,0.0123389939320241
"FBXO15",0.232424866704283,0.00125129666291126,0.0123733704277943
"NPM2",0.232309394778394,0.00125852485262873,0.0124229440526925
"KCNK10",0.232253408390085,0.00126204317719776,0.01244886152292
"IDE",0.232223665621296,0.00126391594888962,0.0124564085812467
"TBC1D14",0.232183425404698,0.00126645374997618,0.0124682605348208
"NMD3",0.232095946672965,0.00127198681586459,0.0125095449042059
"RPS6KA4",0.232052207307098,0.00127476164228996,0.0125236446246225
"NCOA7",0.232008467941232,0.00127754201088068,0.0125443609859135
"SYN3",0.231924488358768,0.00128289589065644,0.0125891813109822
"STK32C",0.231915740485594,0.00128345476633702,0.0125891813109822
"ARMC9",0.231870251545093,0.00128636451521297,0.0126110704435465
"LSM14B",0.231859754097285,0.00128703685293423,0.0126110704435465
"LPCAT4",0.231810766007514,0.00129017868537531,0.0126286043648162
"MAP2K5",0.231749530895301,0.00129411585070766,0.0126605068768027
"LASP1",0.231681297484549,0.00129851593370765,0.0126969023968189
"TOM1L2",0.231522086192794,0.00130883611026191,0.0127777434371414
"EFEMP1",0.231366374050309,0.00131900204619988,0.0128702623901928
"ZSWIM5",0.231219409780997,0.00132866311098396,0.0129532478701683
"CDC42SE2",0.231215910631728,0.00132889392371185,0.0129532478701683
"IL6ST",0.231086442108762,0.00133745983777337,0.0130231490772969
"POLR2J2",0.230958723160432,0.00134595948114771,0.0130922600364138
"DSG3",0.23081175889112,0.00135580104116991,0.0131708410048075
"TMX4",0.230806510167216,0.00135615374021444,0.0131708410048075
"ATG9A",0.23078201612233,0.00135780077944602,0.0131799830337494
"NXF1",0.230717281860848,0.00136216248363248,0.0132017366602596
"APCDD1",0.230685789517424,0.00136428902593354,0.0132154885105471
"SHC2",0.230610557808133,0.00136938140052487,0.0132579404023859
"BAG5",0.23059831078569,0.00137021203580113,0.0132591087982497
"CCSER2",0.230566818442266,0.00137235007227472,0.0132729207404468
"RTF1",0.230418104598319,0.00138248765387929,0.0133629157766997
"CORO2A",0.230332375441221,0.00138836275529703,0.0133989065250592
"MFAP3L",0.230327126717317,0.0013887231962844,0.0133989065250592
"TRAPPC6B",0.230323627568048,0.00138896353783008,0.0133989065250592
"CRYM",0.230197658194351,0.001397641216332,0.0134756568694973
"UHMK1",0.230050693925039,0.00140782783557015,0.0135657331995297
"CLK1",0.230041946051866,0.00140843631794218,0.0135657331995297
"NMRK1",0.229989458812826,0.00141209226627741,0.0135939356520603
"ACTR2",0.229931722849882,0.0014161238325934,0.0136257231826452
"INPP4B",0.229821499647898,0.00142384970398521,0.0136930057011471
"PAK1",0.229774261132762,0.00142717257588471,0.0137178975950709
"KIAA1217",0.229639543885893,0.00143668790133471,0.0138022547558266
"CISD3",0.229454088974618,0.00144988182724664,0.0139146932197628
"HAPLN4",0.229135666391109,0.00147279420538776,0.0141055920922163
"KCNB1",0.229032441487663,0.00148029258332655,0.014170140587497
"CELF4",0.22897120637545,0.0014847572472185,0.0141983237834371
"BICDL1",0.228915219987141,0.00148884999268474,0.014230175262733
"AGFG1",0.228752509546117,0.00150080313313856,0.0143370840483354
"EWSR1",0.228574052933381,0.00151401382329955,0.0144558906768621
"NDUFAF8",0.228540811015322,0.00151648634682491,0.0144720996491068
"LRRTM1",0.228528563992879,0.00151739820623244,0.0144734059752794
"DDR2",0.228502320373359,0.00151935387798723,0.0144846620853954
"CPLX3",0.228362354402586,0.00152982307917407,0.0145695950161422
"FEM1C",0.228329112484527,0.00153231918068488,0.0145859291633388
"MAP1B",0.228091170334213,0.00155029493490166,0.0147233116803791
"IQCG",0.228066676289327,0.00155215627385847,0.0147297106557829
"CHMP4A",0.228050930117615,0.00155335392668383,0.0147335896062708
"H4C3",0.228003691602479,0.00155695195193679,0.0147577888416805
"NACC1",0.22799669330394,0.00155748563969545,0.0147577888416805
"TCEAL8",0.227975698408324,0.00155908770574954,0.0147654776838633
"NXF5",0.227847979459994,0.00156886608220738,0.014850553954032
"MTARC1",0.227722010086298,0.00157856534706706,0.0149272336313035
"LZTFL1",0.227597790287236,0.00158818349929637,0.0150105845307991
"TOR1B",0.227569797093082,0.00159035834597808,0.0150235369091991
"TOMM20",0.227534805600388,0.00159308072885457,0.0150340453219242
"SPCS1",0.227520809003311,0.00159417087307178,0.015036734962368
"NUMB",0.227499814107695,0.00159580736672442,0.0150434114443603
"TRMT12",0.227491066234522,0.00159648969172853,0.0150434114443603
"MTMR9",0.227480568786714,0.00159730883338941,0.0150435399759862
"SYNJ1",0.227443827719386,0.00160017885248857,0.0150629739158652
"CCDC92",0.227274118979823,0.00161349681399392,0.0151667038250677
"CHERP",0.227272369405188,0.00161363463806005,0.0151667038250677
"MRTFA",0.227253124084207,0.00161515141238342,0.0151733238318273
"HERPUD2",0.227188389822724,0.00162026284778084,0.0152136897662921
"PDAP1",0.227137652158319,0.00162427942715126,0.015232335489223
"CPNE6",0.227132403434415,0.00162469545376591,0.015232335489223
"PLPPR4",0.227076417046106,0.00162913912799508,0.0152663333439218
"ANKRD13C",0.227048423851951,0.00163136512338727,0.0152783845316207
"SLC22A10",0.227039675978778,0.00163206131615889,0.0152783845316207
"ALX4",0.226959195545583,0.00163847902718717,0.0153307787133004
"SH2D5",0.226932951926063,0.00164057673459084,0.0153402732569052
"FMR1",0.226925953627524,0.00164113653712233,0.0153402732569052
"B4GALNT1",0.226899710008004,0.00164323734992447,0.0153522264868381
"TYRO3",0.226833226171887,0.00164857040020537,0.0153866570685835
"UQCR10",0.226775490208943,0.00165321454543021,0.0154222951300972
"HNRNPUL2",0.22671075594746,0.00165843581544648,0.0154581967219663
"RTL8C",0.226707256798191,0.00165871847455667,0.0154581967219663
"RMND1",0.226668766156228,0.00166183062810334,0.0154794757159391
"RNF44",0.226507805289839,0.0016749029137597,0.0155856934815028
"ZBTB44",0.226471064222511,0.00167789992932474,0.0155942599872786
"MAP7D1",0.226390583789316,0.00168448192863747,0.0156309869393264
"NDUFB10",0.226378336766874,0.00168548560014997,0.0156309869393264
"ZDHHC19",0.226376587192239,0.00168562902633344,0.0156309869393264
"STXBP5L",0.226322350378564,0.00169008076579788,0.0156644905121793
"LGMN",0.225951440556015,0.00172081360334714,0.01592450024882
"DIP2A",0.225849965227204,0.00172931000839284,0.0159884127310617
"UBE2L6",0.225837718204761,0.00173033802038566,0.015990001419457
"UCHL3",0.225820222458415,0.00173180757598498,0.0159956668096417
"UBL5",0.225767735219375,0.00173622307630295,0.0160285230711982
"UBE2V1",0.225727495002777,0.00173961524497436,0.0160519043058998
"CCDC85A",0.225615522226159,0.00174908616178081,0.016131325016009
"GLB1L3",0.225598026479812,0.00175057023339906,0.0161370432768809
"PBXIP1",0.225563034987119,0.00175354182259262,0.0161564613116624
"MZT1",0.225465058807577,0.00176188676388972,0.0162253437881679
"TOP2A",0.225452811785135,0.00176293242415814,0.016226971884464
"AGT",0.225382828799748,0.00176891849051868,0.0162660372865223
"KIF3B",0.225370581777305,0.00176996795582875,0.0162676779247332
"DIPK1B",0.225347837307055,0.0017719184693421,0.0162723485038946
"ZFAT",0.225344338157785,0.00177221872225967,0.0162723485038946
"CRPPA",0.22513613877626,0.00179016750097846,0.016429075306277
"DCK",0.225085401111855,0.0017945666168467,0.0164588476648652
"MCUB",0.225018917275737,0.00180034589470581,0.016498164832937
"RIBC2",0.224969929185967,0.00180461516247118,0.0165210748893685
"PSAT1",0.224920941096196,0.00180889365820826,0.0165429196792418
"ZNF140",0.224912193223023,0.00180965864771316,0.0165429196792418
"PAX6",0.224875452155695,0.00181287482539253,0.0165642124457098
"ANKRD35",0.224852707685444,0.00181486840294057,0.0165743189698377
"EEF1G",0.224824714491289,0.00181732478031774,0.0165805361979551
"DYNLT3",0.224810717894212,0.00181855410519488,0.0165836506194432
"MAEA",0.224682998945881,0.00182980676329127,0.016669985907916
"H2AZ1",0.224655005751727,0.00183228156341987,0.0166790798752051
"DCUN1D2",0.224651506602457,0.0018325911278604,0.0166790798752051
"FAM76B",0.224641009154649,0.00183352010723774,0.0166794064894164
"TOGARAM1",0.224593770639513,0.0018377058285827,0.0167093447198688
"SLC23A2",0.224548281699012,0.00184174475300584,0.0167301184220537
"CEP70",0.224543032975108,0.00184221130299811,0.0167301184220537
"CCDC113",0.224537784251204,0.00184267796070703,0.0167301184220537
"WDR35",0.224495794459972,0.00184641510282838,0.0167559030419936
"ZNF460",0.224410065302873,0.00185406655876143,0.0168171670963712
"FAM219B",0.224368075511641,0.00185782474364449,0.0168430752001478
"EHBP1",0.224352329339929,0.00185923585186972,0.0168476898445021
"PRKCE",0.224333084018948,0.00186096186613445,0.0168551521881314
"KLHL11",0.224100390592537,0.00188194682257938,0.0170333677173041
"TMEM94",0.224093392293998,0.00188258127581358,0.0170333677173041
"SLC3A1",0.224035656331054,0.0018878229559492,0.0170653347169929
"UTP14C",0.223944678450052,0.00189610956377272,0.0171236664473014
"ARL5A",0.223888692061742,0.00190122547261403,0.0171615693216721
"ITGB8",0.223813460352452,0.00190811977787827,0.017207168021079
"SF1",0.223724232046084,0.00191632626587514,0.0172728326937665
"CELF3",0.223612259269465,0.00192667008903354,0.0173453345613372
"PPA2",0.223607010545561,0.0019271562012623,0.0173453345613372
"AK4",0.223484540321134,0.00193853058301109,0.0174269137104994
"C14orf39",0.22347929159723,0.00193901942013374,0.0174269137104994
"RAB2A",0.223339325626457,0.00195209656459018,0.0175275747309069
"TUSC3",0.223281589663513,0.00195751424733449,0.0175677732259582
"CAPN2",0.223267593066436,0.0019588296853827,0.0175711350644608
"MACROD2",0.22324659817082,0.00196080435188157,0.017580404261037
"IDH3A",0.223230851999108,0.00196228654120849,0.0175852511725575
"ING5",0.223209857103492,0.00196426438076464,0.0175945331295733
"RPF2",0.223134625394201,0.00197136655573022,0.0176496844653968
"CREBL2",0.223020903042948,0.00198214679844331,0.0177215934914084
"CREBRF",0.223020903042948,0.00198214679844331,0.0177215934914084
"RFTN1",0.223017403893678,0.00198247934778707,0.0177215934914084
"SCN8A",0.223003407296601,0.00198381005322596,0.0177215934914084
"MARK2",0.222952669632196,0.00198864068084953,0.0177532759825745
"UNC80",0.222893184094617,0.00199431781252556,0.0177954512502281
"DZANK1",0.2228267002585,0.00200068030074648,0.0178411614961005
"DPP8",0.222819701959961,0.0020013511102126,0.0178411614961005
"CTSA",0.22272172578042,0.0020107639675184,0.0179079770421429
"SPIN1",0.22272172578042,0.0020107639675184,0.0179079770421429
"TENT4B",0.222646494071129,0.00201801903174383,0.0179640245170866
"OGFR",0.22253802044378,0.00202852177506928,0.0180403203196162
"PPHLN1",0.222524023846702,0.00202988058581141,0.018043812384871
"LDOC1",0.222506528100356,0.00203158026428041,0.0180503296934828
"RPL35A",0.222441793838873,0.00203788034414848,0.0180840156670577
"PPP2R5C",0.222440044264238,0.00203805086310114,0.0180840156670577
"ANKRD17",0.222436545114969,0.00203839193996631,0.0180840156670577
"TCF20",0.222427797241796,0.00203924485943582,0.0180840156670577
"TLE1",0.222398054473006,0.00204214721587719,0.0181011587108317
"AARS1",0.22229832871883,0.0020519061035234,0.0181704117541029
"DENND1A",0.222233594457348,0.00205826351679525,0.0182165912279029
"ANKRD13B",0.222216098711001,0.00205998481089782,0.0182165912279029
"TPD52L2",0.222203851688558,0.00206119049610063,0.0182165912279029
"SHANK2",0.22219335424075,0.00206222445164611,0.0182165912279029
"ZNF717",0.222184606367577,0.00206308644179417,0.0182165912279029
"IST1",0.222177608069038,0.00206377626997331,0.0182165912279029
"SPTLC1",0.222175858494404,0.00206394875981166,0.0182165912279029
"UBE2B",0.222130369553902,0.00206843810303229,0.0182465971076417
"STK4",0.222121621680729,0.00206930245630676,0.0182465971076417
"ITGA7",0.222090129337305,0.00207241685023855,0.0182583447104802
"NF1",0.22208837976267,0.00207258999712026,0.0182583447104802
"APEH",0.22206563529242,0.00207484210477867,0.0182695667839917
"SNAPIN",0.221734965686467,0.00210783677827209,0.0185400644614723
"CACNA1A",0.221727967387929,0.00210854020754804,0.0185400644614723
"SFXN1",0.221633490357657,0.00211805742772347,0.0186093309549191
"PHYHIPL",0.221629991208387,0.00211841066663943,0.0186093309549191
"SMIM13",0.221526766304942,0.00212885535401264,0.0186912940159795
"GOPC",0.221477778215171,0.00213382852620195,0.0187183567662506
"CXCL8",0.221400796931246,0.00214166486441758,0.0187659299985507
"SETBP1",0.221385050759534,0.00214327097274088,0.0187659299985507
"LRRC4C",0.221308069475609,0.00215113883896902,0.0188259929506024
"NUAK1",0.221253832661934,0.00215669787163493,0.0188658030213835
"BHLHB9",0.221201345422894,0.00216209001701785,0.0188974385460196
"ZC3H15",0.22119609669899,0.00216262990530424,0.0188974385460196
"TRNT1",0.221189098400451,0.00216334994706522,0.0188974385460196
"PABPN1",0.221127863288238,0.00216965961842592,0.018943694732923
"ZNF230",0.221061379452121,0.00217652906316403,0.0189947928895567
"MSMO1",0.220902168160366,0.00219306003826623,0.0191243690400594
"TMEM183A",0.220898669011097,0.0021934246350293,0.0191243690400594
"MSL1",0.220823437301806,0.00220127680766258,0.0191838757162419
"GTF2B",0.220760452614958,0.00220787036502279,0.0192323633102452
"LARP1",0.220725461122265,0.00221154120609679,0.0192463856314369
"JDP2",0.220695718353475,0.00221466578259677,0.019264600910935
"AGFG2",0.220683471331033,0.00221595353900051,0.0192668288148852
"CDC25C",0.220602990897838,0.00222443288665056,0.0193315535556472
"DDX6",0.220519011315374,0.00223331233855522,0.019399693597608
"GID8",0.220464774501699,0.00223906409525692,0.0194225550594604
"VPS4A",0.220450777904622,0.00224055060366795,0.0194264266824989
"NR1D1",0.220410537688025,0.00224482931346096,0.0194544929272376
"DCTN2",0.220389542792409,0.00224706463079066,0.0194648325810048
"MRNIP",0.220300314486041,0.0022565873171241,0.0195382590331988
"SMG7",0.220218084478211,0.00226539558589088,0.0195963538499759
"NDUFB1",0.220116609149401,0.00227630843117771,0.0196725295051712
"EFR3A",0.220083367231342,0.002279893703198,0.0196852957933083
"CRYL1",0.220072869783534,0.00228102696000127,0.0196859794385322
"PITPNM2",0.220058873186457,0.00228253876533166,0.0196899279359511
"SELENOM",0.220013384245955,0.0022874584229921,0.0197141548259347
"DDIT4",0.219966145730819,0.00229257749469124,0.0197400540760044
"PLEKHA6",0.219917157641048,0.0022978971544532,0.0197767406712295
"KRTAP5-6",0.219859421678104,0.00230418115067313,0.0198125631537622
"SELENOO",0.219798186565891,0.0023108630534133,0.0198608736242737
"ENTPD3",0.219738701028312,0.00231737089722648,0.0198984914375181
"PANX1",0.219721205281966,0.00231928813522218,0.0199058020282212
"CADM2",0.219658220595118,0.00232620212986288,0.0199559719693703
"PPIL1",0.219369540780398,0.00235813147221199,0.020211318666834
"SRSF6",0.21930655609355,0.00236515055660908,0.0202528894063416
"HMX1",0.219269815026222,0.00236925378016784,0.0202694382035798
"TMSB10",0.219247070555971,0.00237179710976245,0.0202819060539943
"BEX3",0.219185835443758,0.00237865686479183,0.0203312565706418
"MLLT3",0.219168339697411,0.00238062010149021,0.0203387287353299
"MTCL1",0.219131598630083,0.00238474768920003,0.0203553692154935
"WIZ",0.219024874577368,0.00239677423267963,0.0204350654229781
"GAS7",0.219005629256387,0.00239894880569331,0.0204392189302592
"RPRD2",0.218933896696366,0.0024070698248995,0.0204964712283051
"FGFR3",0.218844668389998,0.00241720641480574,0.0205572618410346
"TUBA1C",0.21883067179292,0.00241879998006213,0.0205614512642879
"SLC2A14",0.218690705822147,0.00243478817450453,0.0206597473634923
"CYLC1",0.218622472411395,0.00244261715350303,0.0207167656488749
"SLC3A2",0.218576983470894,0.0024478491615057,0.0207517162688518
"VMA21",0.218557738149912,0.0024500657642506,0.0207610835812814
"HRH3",0.218540242403566,0.00245208243861898,0.020768749035668
"PLCG1",0.218507000485507,0.00245591827171243,0.0207918085414784
"PYGM",0.218367034514734,0.00247212896823922,0.0208774272039297
"MCHR2",0.21836178579083,0.00247273875428853,0.0208774272039297
"FEZ1",0.218321545574232,0.00247741831806138,0.0209074850917824
"C3orf14",0.218304049827886,0.00247945541689735,0.0209152255492208
"CEP19",0.218239315566403,0.00248700590816353,0.0209694457520822
"ZNF284",0.218193826625902,0.00249232413617588,0.021004803956327
"DYNC1I1",0.218104598319534,0.00250278603354725,0.0210834605153489
"ANO5",0.218076605125379,0.00250607640046174,0.0211016604395958
"SMIM15",0.217903397236547,0.00252652298200505,0.0212642375898722
"METTL2B",0.217892899788739,0.00252776701996358,0.0212651247138918
"TCEAL5",0.217751184243331,0.00254461601770899,0.0213876006960995
"SEZ6L2",0.21770219615356,0.00255046401916475,0.021427110221287
"ZFP36L1",0.217516741242285,0.00257271349777869,0.0215902090320665
"ANAPC16",0.217511492518381,0.00257334575419683,0.0215902090320665
"FAM186A",0.217378524846147,0.00258941000363125,0.0217054852907618
"CENPVL3",0.217341783778819,0.00259386481960942,0.0217330728447849
"AKR1B1",0.217296294838317,0.00259938993639686,0.0217695993058958
"SLC25A21",0.217219313554392,0.00260876445508903,0.0218383168817762
"CCDC6",0.217133584397293,0.00261924033750597,0.0219063737318681
"NHSL2",0.217061851837272,0.00262803517064931,0.0219700916951865
"PURA",0.217002366299693,0.00263534874881402,0.0220213750482553
"TMCO1",0.216944630336749,0.00264246486608282,0.02207096325535
"PRICKLE2",0.216899141396248,0.00264808377042342,0.0221017395330819
"FGFRL1",0.216895642246979,0.00264851644222731,0.0221017395330819
"MGAT3",0.216843155007939,0.00265501421572059,0.0221317249303424
"CBARP",0.216706688186435,0.00267197612468467,0.0222478047724524
"NSG1",0.21667869499228,0.0026754676098299,0.0222661140743383
"MAGEE1",0.216669947119107,0.00267655954684566,0.0222661140743383
"H4C8",0.216654200947395,0.00267852605162619,0.0222725523331125
"THBS4",0.216631456477144,0.00268136887092986,0.022286268372713
"ZNF713",0.216615710305432,0.0026833385785702,0.0222927185468759
"RTN4RL2",0.216578969238104,0.00268793966499486,0.022321014310113
"CD81",0.216559723917123,0.00269035261102308,0.0223311223837632
"ANKMY2",0.216377768155117,0.00271326314726388,0.0225012888713589
"GRID2",0.21636377155804,0.00271503279964776,0.0225059709570447
"PJA1",0.216234303035075,0.0027314517451403,0.0226219923690644
"PRKAR2B",0.216188814094573,0.00273724189223301,0.0226598978631843
"GABRA3",0.21615382260188,0.00274170341813158,0.0226867758250002
"INSYN1",0.216115331959917,0.00274661870730364,0.0227073266833124
"ARNTL",0.216103084937475,0.00274818433676653,0.0227102171121468
"PPA1",0.215959619817432,0.00276658488724063,0.0228420598382431
"PABIR1",0.215889636832045,0.00277560121246879,0.0228935957840071
"NAV2",0.215870391511064,0.0027780853650239,0.0228965235115562
"LHPP",0.215823152995928,0.00278419137303225,0.0229266129112656
"TOMM34",0.215809156398851,0.00278600289423328,0.0229269084503212
"DDX39A",0.215788161503234,0.00278872217833073,0.0229335867029963
"CERS6",0.215719928092482,0.00279757646682292,0.0229962755697116
"CIZ1",0.215553718502189,0.00281925128155755,0.0231642485412973
"WBP2",0.215450493598744,0.00283278893958867,0.0232402508971997
"UBE2M",0.215448744024109,0.002833018897999,0.0232402508971997
"UBE2L3",0.215347268695298,0.0028463854512254,0.0233153924066165
"IFT22",0.215265038687469,0.00285725883612553,0.0233737039086642
"ATP5MC3",0.215160064209389,0.00287119441284401,0.0234671452316301
"ATP6V0D1",0.215123323142061,0.00287608638691267,0.0234968457401492
"SMAP1",0.215032345261058,0.00288823234748883,0.0235754490042401
"MTRNR2L1",0.214764660341954,0.00292423935246218,0.0238381030757677
"MCUR1",0.214734917573165,0.00292826511392502,0.023860505788684
"EXOC7",0.214594951602392,0.00294727731699142,0.0239944861256023
"EGF",0.21454946266189,0.00295348029899292,0.024034508960345
"FBXO47",0.214453236056984,0.0029666409470082,0.0241310916055423
"FAM228A",0.214432241161368,0.00296951940545193,0.0241393347750917
"BDNF",0.214426992437464,0.00297023941492614,0.0241393347750917
"MNAT1",0.214376254773058,0.00297720765713962,0.0241854415853587
"TREM1",0.214175053690072,0.00300498624665268,0.0243898840254174
"PIK3C3",0.214113818577858,0.00301348703340614,0.024448255358772
"NAGS",0.214084075809069,0.0030176238334089,0.0244711865882521
"CLEC2L",0.21405433304028,0.00302176577133866,0.0244941395596878
"INPP5J",0.213954607286104,0.00303569101292059,0.0245856744827862
"GATB",0.213933612390488,0.00303863003080338,0.0245881518437105
"ASTN1",0.213882874726082,0.00304574328876097,0.0246350375317886
"MRAS",0.213837385785581,0.00305213349703401,0.0246760368790507
"KMT2A",0.21376565322556,0.00306223501166986,0.0247469931103186
"RIMBP2",0.213744658329943,0.00306519726873153,0.0247495132688414
"LAMTOR3",0.213678174493826,0.00307459485924602,0.0247932355748181
"PDK3",0.213651930874306,0.00307831160347707,0.0247996713992708
"CCDC91",0.213644932575768,0.00307930342144536,0.0247996713992708
"ZBTB8A",0.213629186404055,0.00308153606884983,0.0247996713992708
"PGK1",0.213625687254786,0.00308203241152856,0.0247996713992708
"COL5A3",0.213625687254786,0.00308203241152856,0.0247996713992708
"UBR1",0.213611690657709,0.00308401850548532,0.0248049653783134
"H2BC8",0.213576699165015,0.0030889888063046,0.0248268712989152
"SLC35F3",0.213569700866477,0.00308998373550488,0.0248268712989152
"MYO10",0.213564452142573,0.00309073012261608,0.0248268712989152
"RASSF3",0.213496218731821,0.00310044800605102,0.0248942248327639
"RNPS1",0.213480472560109,0.00310269451553297,0.0249015568423265
"AP1G1",0.213454228940589,0.00310644196988173,0.0249095520885134
"BBS12",0.213445481067415,0.00310769203074728,0.0249095520885134
"PEX16",0.213398242552279,0.00311445022463272,0.0249423123478734
"RHOT1",0.21328976892493,0.00313001937248703,0.0250529162076427
"PPP1CC",0.213277521902487,0.00313178159416923,0.0250529162076427
"BUD31",0.213274022753218,0.00313228525084845,0.0250529162076427
"TRIM32",0.213167298700503,0.00314768201031927,0.0251652864831861
"ATXN2L",0.213065823371693,0.00316238498909808,0.0252450524592395
"FSHB",0.213060574647789,0.00316314717433161,0.0252450524592395
"VAC14",0.213057075498519,0.00316365539009308,0.0252450524592395
"CMSS1",0.213055325923885,0.00316390952565907,0.0252450524592395
"STARD3",0.213051826774615,0.00316441785216747,0.0252450524592395
"NRIP2",0.213009836983383,0.00317052353271293,0.0252829622104811
"C5orf38",0.212978344639959,0.00317510978106379,0.0253087282420603
"SULT1A2",0.212917109527746,0.00318404466054751,0.025358301953256
"NCAPH2",0.212736903340375,0.00321047076953445,0.0255293196322366
"SBF1",0.212733404191106,0.00321098585436516,0.0255293196322366
"DYNLL2",0.212656422907181,0.00322233663714502,0.0256086634192853
"GSR",0.212628429713026,0.0032264731785553,0.025617059326664
"SH3GLB2",0.212628429713026,0.0032264731785553,0.025617059326664
"MR1",0.212621431414487,0.00322750806359179,0.025617059326664
"SOX1",0.212593438220333,0.00323165060475798,0.0256213852992534
"ATF6B",0.212593438220333,0.00323165060475798,0.0256213852992534
"NFYC",0.212589939071063,0.00323216876017568,0.0256213852992534
"C18orf32",0.212546199705197,0.00323865204188239,0.0256498134219082
"BCL2L13",0.212546199705197,0.00323865204188239,0.0256498134219082
"MED31",0.21252870395885,0.00324124864401924,0.0256498134219082
"PEG3",0.212509458637869,0.00324410707952184,0.0256615602783354
"MTA1",0.212444724376386,0.00325373854549128,0.0257050850573584
"KCNC2",0.212367743092461,0.00326522581580547,0.0257849291061239
"ARFIP2",0.212250521591938,0.00328278820177872,0.025912659533567
"CPNE9",0.212145547113858,0.00329858811114302,0.0260195479717596
"QRICH1",0.212142047964589,0.00329911595615371,0.0260195479717596
"UPP2",0.212058068382125,0.00331180715464441,0.0261086156269055
"UNC5C",0.211961841777218,0.00332640336939551,0.0262126199691268
"CCDC85B",0.211848119425965,0.00334372835544221,0.0263380306901049
"TXNDC2",0.211755391970327,0.00335791516743924,0.0264386271783707
"LAMA2",0.211711652604461,0.00336462591339256,0.0264691464020722
"FAM135B",0.211683659410306,0.00336892714586488,0.0264918245794411
"ATP6V1F",0.211622424298093,0.00337835341191264,0.0265520723792005
"HIGD1A",0.211615425999554,0.00337943221489397,0.0265520723792005
"ITPRIPL2",0.211566437909783,0.00338699255205359,0.0265891016822837
"PRMT7",0.211533195991724,0.00339213147726192,0.02661825523922
"B4GALT6",0.211508701946839,0.00339592255865666,0.0266368121400553
"MYOZ2",0.211464962580972,0.00340270186559837,0.0266787825532809
"ARL6IP4",0.211356488953623,0.00341956731921429,0.0267997646888989
"ZNF25",0.211274258945794,0.00343240268338145,0.0268665350020252
"ESD",0.211188529788695,0.00344583053784449,0.0269603398092935
"APPBP2",0.211174533191618,0.00344802733912033,0.0269662305634051
"PPP1R16A",0.211013572325228,0.00347338159701605,0.0271417885798627
"PCTP",0.211001325302786,0.00347531759865108,0.0271455589596016
"BCLAF1",0.210870107205186,0.00349612169285725,0.0272966424480778
"TBC1D10C",0.210794875495895,0.00350810001443946,0.0273569521459334
"SASH1",0.210786127622722,0.0035094952440107,0.0273569521459334
"MPRIP",0.210784378048087,0.00350977435002348,0.0273569521459334
"IFFO1",0.210775630174914,0.00351117018064909,0.0273569521459334
"SPOCK2",0.210667156547564,0.00352852015739677,0.0274692131969746
"CC2D1A",0.210567430793388,0.00354453917273643,0.0275824223291773
"H2AC20",0.210549935047042,0.0035473562840176,0.0275928471304926
"TNFAIP8",0.210539437599234,0.00354904752053191,0.0275945093644688
"TNPO2",0.210229762888898,0.00359926751710803,0.0279384539274769
"SLC25A40",0.210210517567916,0.00360240959313994,0.0279440514424963
"VTI1B",0.210207018418647,0.00360298114550927,0.0279440514424963
"MROH5",0.210012815634199,0.00363483087043552,0.0281671532891571
"SUSD1",0.210004067761026,0.0036362715024715,0.0281671532891571
"SEMA3A",0.209823861573655,0.00366606334796281,0.0283861521917718
"TBCD",0.209808115401943,0.00366867694916685,0.0283946169509491
"OXA1L",0.209759127312172,0.00367681890409482,0.0284458450094759
"RPTN",0.209687394752151,0.00368877045817994,0.0285264915432582
"LYZ",0.209631408363842,0.00369812283270896,0.028586979314434
"LRFN3",0.209603415169687,0.0037028070344258,0.0285995137199902
"KCNJ6",0.209529933035031,0.00371512853228109,0.0286828195406703
"CST9",0.209407462810604,0.00373574654703564,0.0288227313273819
"SLC15A2",0.209318234504236,0.00375083315163967,0.0288982426242575
"RSRC2",0.209314735354967,0.00375142590097095,0.0288982426242575
"DLG2",0.209286742160812,0.00375617093694473,0.0289160133628936
"TMEM60",0.209272745563735,0.00375854548357232,0.0289223714261214
"CLPTM1",0.209057547883671,0.00379522490424445,0.0291805764971879
"OR2M2",0.209038302562689,0.00379852084510316,0.0291938993017064
"SPIN3",0.208782864666028,0.00384251202624445,0.029497908468577
"FER",0.208756621046508,0.00384705757854975,0.0295085462297174
"MRPL17",0.208754871471873,0.00384736078760773,0.0295085462297174
"TLR4",0.208728627852353,0.00385191150869458,0.029528509822065
"KSR2",0.208711132106007,0.00385494801713149,0.0295303565085922
"OMA1",0.208688387635756,0.00385889870310322,0.0295363902373589
"TRPM2",0.208635900396716,0.00386802959984112,0.0295941502690015
"ZPLD1",0.208537924217175,0.00388512604868303,0.0297006197647173
"SLC18B1",0.208488936127404,0.00389369978117358,0.0297539840888698
"PPP2CB",0.208424201865921,0.00390505550419622,0.0298041751517648
"HFE",0.208348970156631,0.00391829017987497,0.0298929687088827
"TMEM65",0.208319227387841,0.00392353363018064,0.0299207489086377
"MACROH2A1",0.208254493126359,0.00393496770388506,0.0299956966684724
"FRMPD4",0.208219501633665,0.00394116077498109,0.0300306481573018
"RGS20",0.208144269924375,0.00395450562080379,0.0301101312744037
"ATAD1",0.208013051826775,0.00397787895760709,0.0302733771036145
"CPSF1",0.207988557781889,0.00398225573679747,0.030294341401397
"RHBDD2",0.207782107974999,0.00401931843014347,0.0305514004889538
"CTNNBIP1",0.207747116482305,0.00402563093934301,0.0305860537145355
"CCDC158",0.207650889877399,0.00404303639975686,0.0306817341738558
"CFAP97",0.207593153914455,0.00405351217414543,0.030748738165857
"WIF1",0.207545915399319,0.00406210143414241,0.0307961237546834
"RALGAPB",0.207540666675415,0.0040630568072146,0.0307961237546834
"MRTO4",0.207412947727084,0.00408636666343534,0.0309602368382631
"GAREM2",0.207358710913409,0.00409630173632817,0.0310103490991751
"KLHL1",0.207320220271446,0.00410336561965509,0.0310512383762878
"SETD3",0.207297475801196,0.00410754488512485,0.031070274716319
"NDUFA2",0.207279980054849,0.00411076231172106,0.031082023050082
"NDUFA11",0.20716800727823,0.00413140761905632,0.0312254830811395
"ZBED1",0.207124267912364,0.00413949750816199,0.0312739706563241
"ADCYAP1R1",0.207099773867478,0.00414403407149096,0.0312955844396139
"EGLN3",0.206956308747436,0.00417069534854349,0.0314841981929661
"NPIPB6",0.206896823209857,0.00418179522429037,0.031555235397514
"PDHB",0.206886325762049,0.00418375678323953,0.0315572866251137
"NDUFS8",0.206847835120086,0.00419095625218873,0.0315988288114157
"ERMARD",0.206798847030316,0.00420013533590723,0.0316420868170305
"SNX19",0.206790099157142,0.00420177636036815,0.0316420868170305
"GLCCI1",0.206741111067372,0.00421097676385212,0.0316985901014519
"RUFY2",0.206711368298582,0.00421657156313732,0.031727917209167
"LRP8",0.206606393820502,0.00423637141460395,0.0318537233440297
"HIF1A",0.206604644245868,0.00423670211964927,0.0318537233440297
"CARMIL1",0.206588898074156,0.00423967951042727,0.0318632815037182
"EPM2AIP1",0.206487422745345,0.00425891233911006,0.0319949504606676
"TBCK",0.206422688483862,0.00427122252794624,0.0320616366285868
"MKLN1",0.206396444864342,0.00427622225699315,0.0320783872648902
"MACF1",0.206392945715073,0.00427688928515617,0.0320783872648902
"MRPL40",0.206347456774572,0.00428556917253232,0.0321176925626861
"ADAM29",0.206315964431148,0.00429158760437251,0.0321498957477982
"DDX42",0.206259978042838,0.00430230581323486,0.0322172667874796
"ATP6V1G1",0.206127010370604,0.00432785811897441,0.0323956225370606
"UBE2H",0.20609201887791,0.00433460505572833,0.0324331266108904
"GRPEL2",0.20606577525839,0.00433967146444176,0.0324580313455804
"LIMK1",0.205988793974465,0.00435456366709549,0.0325563775206867
"USP4",0.205932807586156,0.00436542320837354,0.0326245073387692
"CDK2AP1",0.205917061414444,0.00436848183898379,0.0326263357489039
"ALAS1",0.205913562265174,0.0043691617963166,0.0326263357489039
"C4orf48",0.205903064817366,0.004371202239366,0.0326285263878495
"HSD11B1L",0.205890817794924,0.0043735838392032,0.0326332607994242
"POMP",0.205857575876865,0.00438005406427834,0.0326554449918013
"ELP4",0.205827833108076,0.00438585050720406,0.0326856121598336
"PACS1",0.205654625219244,0.00441974351052971,0.0328882653270158
"SPRN",0.205652875644609,0.00442008706204807,0.0328882653270158
"CTDSPL",0.205483166905046,0.00445352589061649,0.033110688508421
"DYNLT2B",0.205469170307969,0.00445629385671077,0.0331180835924912
"MEGF8",0.205455173710892,0.00445906336911752,0.0331254842806837
"RILPL1",0.205418432643564,0.00446634070174563,0.033153171282115
"ZBTB26",0.205355447956716,0.00447884096950678,0.0332327508726693
"NDUFB2",0.205327454762561,0.00448440673064889,0.0332608340355832
"COA8",0.205301211143041,0.00448963027667284,0.0332731488282309
"MRPL45",0.205264470075713,0.00449695242833435,0.0333113218080536
"GRSF1",0.205257471777174,0.0044983483401109,0.0333113218080536
"TTC21B",0.205238226456193,0.00450218910571914,0.0333265492423348
"BBOX1",0.205063268992726,0.00453724056883376,0.0335727039871392
"H2BC3",0.205044023671745,0.00454111116175227,0.0335747395316252
"ST8SIA5",0.204921553447318,0.00456581180076145,0.0337039925656209
"FARSA",0.204883062805355,0.00457359975268965,0.0337374271475062
"TOR1AIP1",0.204881313230721,0.00457395403391977,0.0337374271475062
"TRIM37",0.204856819185835,0.00457891656077046,0.0337606970742002
"TAFA2",0.204839323439489,0.00458246418387056,0.0337628122977371
"MORN4",0.204837573864854,0.00458281908196421,0.0337628122977371
"DOCK6",0.204820078118507,0.00458636942131014,0.0337754062610386
"MAPK3",0.204811330245334,0.0045881455174692,0.0337754062610386
"ZNF593",0.204744846409217,0.00460166405483095,0.033858721050124
"CHPT1",0.204664365976022,0.00461807646899805,0.0339422259484485
"DMWD",0.204608379587713,0.00462952479424475,0.0340129838935149
"AZIN2",0.204477161490113,0.00465645676206761,0.0341810946311181
"FAM162A",0.204452667445227,0.00466149962000945,0.0341940954058509
"HS3ST4",0.204440420422785,0.0046640228879249,0.0341991721456166
"NDUFB4",0.204398430631553,0.00467268340791619,0.034222366794605
"LMBR1",0.204379185310571,0.0046766576376006,0.0342380470559893
"DRP2",0.204342444243243,0.00468425323408973,0.0342802168494748
"SOX2",0.204274210832491,0.00469838874063898,0.0343701951117013
"SYTL2",0.204214725294913,0.00471074324432307,0.0344470794169842
"HSPB2",0.204198979123201,0.00471401843339027,0.0344546971997769
"RPL26",0.204191980824662,0.00471547472920485,0.0344546971997769
"HSD17B7",0.204181483376854,0.0047176599304021,0.0344571829723072
"SRA1",0.204118498690006,0.00473079024354304,0.034539577243319
"LSM7",0.204027520809003,0.00474981418356964,0.0346513787860729
"ALDH6A1",0.203982031868502,0.00475935188664232,0.0346907223638823
"RBL2",0.203978532719233,0.00476008626782378,0.0346907223638823
"UBLCP1",0.203971534420694,0.00476155533540221,0.0346907223638823
"GBF1",0.203962786547521,0.00476339224228007,0.0346907223638823
"SLC43A2",0.203957537823617,0.00476449469176258,0.0346907223638823
"ANKRD46",0.203933043778731,0.00476964248545688,0.0347146699370198
"APBB1",0.203899801860673,0.00477663676356709,0.0347383697164432
"WIPF3",0.203891053987499,0.0047784788927791,0.0347383697164432
"GRIN2B",0.203836817173825,0.00478991433582335,0.0348079533602478
"GDAP1",0.203793077807958,0.00479915435530249,0.0348369051136128
"CAMKMT",0.203775582061611,0.00480285484098618,0.0348369051136128
"PLAAT1",0.203735341845014,0.00481137567993183,0.0348824736795057
"ZYG11B",0.203675856307435,0.00482399655936284,0.0349604034701825
"CREBZF",0.203665358859627,0.00482622685547169,0.0349629995162099
"HOMEZ",0.203632116941569,0.00483329556696888,0.035000631255801
"PPP2R5B",0.203605873322049,0.00483888269106124,0.0350275089683177
"PIP4P1",0.203548137359105,0.00485119477329348,0.035089278677034
"SLC4A1AP",0.203537639911297,0.00485343635194477,0.035089278677034
"PAQR3",0.203530641612758,0.0048549312540938,0.035089278677034
"PSPC1",0.203499149269334,0.00486166342879334,0.035124342822493
"PSMD8",0.203444912455659,0.00487327737091557,0.0351946358001621
"SURF4",0.203308445634155,0.00490260976035136,0.0353654460735118
"NME9",0.203222716477057,0.00492111744136227,0.0354852468474447
"HEPACAM",0.203154483066304,0.00493589282168601,0.0355780526197637
"SCN3A",0.203131738596054,0.00494082678590515,0.0355998769496777
"CENPQ",0.203119491573611,0.00494348536825567,0.035605296080811
"CDC16",0.203107244551168,0.00494614523396475,0.0356107202735257
"MPI",0.203072253058475,0.00495375192662117,0.0356517421894323
"MFSD4A",0.203042510289686,0.00496022586521601,0.0356845833046126
"TRUB2",0.202976026453568,0.00497472447494352,0.0357751075448769
"KIF2A",0.202825563034987,0.00500767758592998,0.0359871351442008
"CHRDL2",0.202823813460352,0.00500806191046145,0.0359871351442008
"WASF1",0.202780074094486,0.00501767862597892,0.0360423715456855
"MMD",0.202741583452523,0.00502615503282292,0.0360893776981933
"UBE2W",0.202725837280811,0.00502962635376414,0.0361004234369327
"TIMP2",0.202708341534464,0.00503348589876523,0.0361142461180713
"MKKS",0.202687346638848,0.00503812085880061,0.0361197486214818
"INTS3",0.202442406189995,0.00509247890858149,0.0364730482000149
"C2orf80",0.202438907040726,0.00509325924746407,0.0364730482000149
"INS",0.202424910443648,0.00509638167527147,0.0364814197651859
"MRPL3",0.202407414697302,0.00510028712360824,0.036484204860781
"PIN1",0.202405665122667,0.00510067781599375,0.036484204860781
"C4orf51",0.202251702554816,0.00513516400862069,0.0367027642652124
"GPX2",0.202216711062123,0.00514303087282745,0.0367449290669187
"MAGI3",0.202202714465046,0.00514618064249456,0.0367533727262824
"CREG2",0.202179969994795,0.00515130270666846,0.0367618377339473
"TSR1",0.202179969994795,0.00515130270666846,0.0367618377339473
"OTUB2",0.202167722972352,0.00515406263378971,0.0367674842431843
"CUL4B",0.202003262956694,0.00519125314440062,0.0370045205056588
"FMO3",0.201894789329344,0.0052159145214646,0.037151952556397
"STOM",0.201793314000534,0.00523907984485872,0.0373027278622118
"NDUFS2",0.20157811632047,0.00528851165066162,0.0376203466307314
"TIAM1",0.201571118021931,0.00529012618183868,0.0376203466307314
"FLRT3",0.201560620574123,0.005292548806684,0.0376203466307314
"CCDC191",0.201516881208256,0.00530265378026278,0.0376692133891927
"TCEAL4",0.201432901625792,0.00532210379784882,0.0377930078055607
"TAF9B",0.201378664812118,0.00533469921206057,0.0378536635579192
"RAB23",0.201336675020886,0.00534446883345579,0.0379085833397723
"ABCC5",0.201306932252096,0.00535139867599638,0.0379433263754398
"RND2",0.201282438207211,0.00535711164784597,0.0379694182676172
"MROH1",0.201261443311595,0.00536201282858521,0.0379897388416758
"TMEM19",0.201161717557419,0.00538534833281337,0.0381261430870441
"CSMD1",0.201053243930069,0.00541083405599392,0.0382920563962646
"BCAN",0.201007754989568,0.00542155372579147,0.0383533853723036
"LDB2",0.20094477030272,0.00543642774423908,0.038429494531192
"PDE1A",0.20081355220512,0.00546753270933554,0.0386347487247637
"VPS54",0.200796056458773,0.00547169205593136,0.0386437183892432
"KLHDC3",0.200790807734869,0.00547294041226966,0.0386437183892432
"MARCKS",0.200741819645099,0.00548460404149164,0.038696813403437
"SAFB2",0.200684083682155,0.00549837903046988,0.0387647137686129
"RAB11FIP5",0.200512625367957,0.00553946933939936,0.0390249450707742
"VPS16",0.200461887703552,0.00555168131292491,0.0390962293364199
"QARS1",0.200447891106475,0.00555505437148532,0.0391052376335695
"CENPX",0.200391904718165,0.00556856495809196,0.0391855761708084
"BCL11A",0.200374408971819,0.00557279304414951,0.0392005585282622
"TBRG4",0.200339417479125,0.00558125783773839,0.039245320548796
"SEC31A",0.200285180665451,0.00559440101240776,0.0393229331229685
"VSTM2L",0.20023619257568,0.00560629606958245,0.0393917176055387
"UBE2Q1",0.200188954060544,0.00561778773558838,0.0394517573382847
"CLBA1",0.20018370533664,0.00561906588776169,0.0394517573382847
"XPO6",0.200127718948331,0.00563271571317686,0.0395271470680987
"TLN2",0.200118971075157,0.00563485117674384,0.0395271470680987
"DIDO1",0.20010497447808,0.00563826942543451,0.0395271470680987
"TSTD1",0.199938764887787,0.00567900321377104,0.0397858581925031
"GSS",0.199795299767744,0.00571437441784762,0.0399856338058157
"CENPV",0.199739313379435,0.00572823119321467,0.0400556128652773
"DGCR6L",0.1997375638048,0.00572866470138979,0.0400556128652773
"MKS1",0.199720068058453,0.00573300139763701,0.0400709334215078
"MTRNR2L7",0.199692074864299,0.00573994622056293,0.0400894673205809
"ECRG4",0.199648335498432,0.00575081257333681,0.040150346026033
"SYMPK",0.199615093580373,0.00575908330450693,0.0401930641984198
"C9orf116",0.199574853363776,0.00576910947693714,0.0402479972324535
"C12orf29",0.199543361020352,0.00577696693427653,0.0402877649232817
"CEP164",0.199511868676928,0.00578483396240691,0.0403275696461036
"SIRPB2",0.199452383139349,0.0057997200527715,0.0403987456576144
"PBRM1",0.199440136116907,0.00580278908560375,0.0403987456576144
"CTCF",0.199431388243733,0.00580498214110595,0.0403987456576144
"NUDT10",0.199427889094464,0.00580585957084156,0.0403987456576144
"AKIP1",0.199391148027136,0.00581507974689639,0.0404177258477994
"CSPG5",0.199382400153963,0.00581727695610819,0.04041795551796
"ZSWIM2",0.199331662489557,0.00583003541735308,0.0404915364278491
"PODXL",0.199235435884651,0.00585430125113494,0.0406298514181331
"NEDD4L",0.199196945242688,0.00586403284549364,0.0406520703127094
"EFCC1",0.199161953749995,0.00587289229900656,0.0406832850802101
"EMP3",0.199161953749995,0.00587289229900656,0.0406832850802101
"ANKRD9",0.19910771693632,0.00588664810534959,0.0407634556972595
"PHLPP2",0.199091970764608,0.00589064711876662,0.0407760287583711
"IRF2",0.199083222891435,0.00589286984228633,0.0407763012873433
"GNA13",0.199044732249472,0.00590265873686895,0.0408110004632724
"ALDH1L1",0.199041233100202,0.00590354935686841,0.0408110004632724
"PLEKHM3",0.199037733950933,0.00590444009701018,0.0408110004632724
"EIF3L",0.198967750965546,0.00592228015117372,0.0409191654100334
"PSMG1",0.198931009898218,0.00593166545717877,0.0409567973879094
"GTDC1",0.198929260323584,0.00593211270798324,0.0409567973879094
"H3C11",0.19892051245041,0.0059343494142468,0.0409570989137004
"TNS3",0.198808539673792,0.00596304591431496,0.0411247583071441
"KLHL7",0.19871406264352,0.00598735500058409,0.0412619343139884
"SPACA7",0.198682570300096,0.00599547769049526,0.0413026710983731
"GTF2F1",0.198670323277653,0.00599863917325523,0.0413092128317532
"NUDT11",0.198656326680576,0.00600225412081819,0.0413188713455218
"RICTOR",0.198614336889344,0.00601311064849627,0.0413783546320252
"RGS7",0.198558350501034,0.00602761331732899,0.0414476090995715
"NRN1",0.198511111985898,0.00603987425006705,0.0415166328650174
"MMS19",0.198414885380992,0.00606491918861776,0.0416522035259599
"RAX",0.19834315282097,0.0060836493816023,0.0417407185344616
"OBSL1",0.198327406649258,0.00608776779876255,0.0417536362136207
"AGXT",0.198274919410218,0.00610151385320149,0.0418325523944167
"MED25",0.198225931320448,0.00611436851696545,0.0418993746836922
"HERC1",0.198220682596544,0.00611574723643955,0.0418993746836922
"ARNT",0.198169944932138,0.00612908918438375,0.0419599961904512
"GNL3L",0.198141951737984,0.00613646138463792,0.0419891519729567
"SPANXN2",0.19813670301408,0.00613784455376804,0.0419891519729567
"CREM",0.19808421577504,0.00615169157116708,0.042068470078036
"PCSK1",0.19805797215552,0.0061586255391055,0.0421004723895806
"WIPF2",0.198007234491114,0.00617205101036796,0.0421768110756063
"MAGEB10",0.197977491722325,0.00617993326284208,0.0422152280968686
"CYP24A1",0.197912757460842,0.00619711984253749,0.0423171518022779
"CYP51A1",0.197753546169088,0.00623957128653909,0.0425914595567997
"RPUSD3",0.197736050422741,0.00624425208147515,0.0426078377324187
"SOWAHA",0.197715055527125,0.00624987317452267,0.04263061775288
"TTYH1",0.19763457509393,0.00627146258256815,0.0427622618444844
"TRDMT1",0.197625827220757,0.00627381326540425,0.0427626775710547
"RPL14",0.197568091257813,0.00628934751396861,0.0428501325650535
"BPNT2",0.19745436890656,0.00632004575747598,0.0430306870457971
"REX1BD",0.197436873160213,0.00632478041919507,0.0430472299959501
"ABI2",0.197412379115328,0.0063314142656852,0.0430766822681008
"INO80",0.19739838251825,0.00633520782352137,0.0430867958164913
"SPATA2",0.197382636346538,0.00633947800154016,0.0430973620573748
"STK33",0.197375638048,0.00634137668310484,0.0430973620573748
"B3GALT2",0.197321401234325,0.00635610868669013,0.0431660675754999
"GNPAT",0.197289908890901,0.00636467676683176,0.0431928427679324
"RAB2B",0.197279411443093,0.00636753508387252,0.0431965438526709
"TASOR",0.19726716442065,0.00637087123530202,0.0432007287406182
"RSPH3",0.197216426756245,0.006384709062084,0.043265902192845
"CLEC2B",0.197183184838186,0.0063937897653098,0.0433089733474093
"GABPB1",0.197114951427434,0.00641246522850197,0.0434067417932232
"HACE1",0.197064213763029,0.00642638365721915,0.043469446281139
"EPHA5",0.19700472822545,0.00644273614695138,0.0435485125879348
"KIAA1841",0.196939993963967,0.00646057368915439,0.0436510597070289
"CCDC12",0.196927746941525,0.00646395331267109,0.0436510597070289
"TOM1",0.196924247792255,0.00646491920912625,0.0436510597070289
"NOP56",0.196884007575658,0.00647603627945491,0.0437103193187929
"EHMT2",0.19684726650833,0.00648620154321853,0.0437631141694904
"EPB41L4B",0.196828021187349,0.00649153188549009,0.0437832609221426
"KCNH7",0.196780782672213,0.00650463202824901,0.0438557789745771
"ZKSCAN1",0.196772034799039,0.00650706056757739,0.0438563201588146
"ZNF133",0.196756288627327,0.00651143397719162,0.0438699642705739
"TAF9",0.196747540754154,0.00651386478228808,0.0438705152088035
"HINT1",0.196735293731711,0.00651726926967197,0.0438776210816128
"SFPQ",0.196646065425343,0.00654212134959965,0.0439973562567962
"MED7",0.196563835417514,0.0065650990721604,0.0441359936183109
"ACVR1B",0.196518346477013,0.00657784105875383,0.0441931368715031
"DOCK7",0.196516596902378,0.00657833157543257,0.0441931368715031
"RNGTT",0.196360884759893,0.00662211846137905,0.0444712996708793
"CNNM1",0.196320644543295,0.0066334763614279,0.0445128333660949
"KLRC3",0.196278654752063,0.00664534660447309,0.0445631932442152
"WDTC1",0.196173680273983,0.0066751051344983,0.0447439517900409
"PNMA8A",0.196166681975445,0.0066770932554532,0.0447439517900409
"DPP7",0.196103697288597,0.00669501012060037,0.0448063856001253
"PIANP",0.196100198139327,0.00669600675786838,0.0448063856001253
"FLT3",0.196065206646634,0.00670598040935945,0.044857052337105
"RTL10",0.196049460474922,0.0067104728727203,0.0448710316401447
"FBXL19",0.195865755138282,0.00676308358073071,0.045161508604835
"SDHC",0.195864005563647,0.00676358639792907,0.045161508604835
"PRPF19",0.195848259391935,0.0067681132527148,0.0451755836696574
"LRRC29",0.19582376534705,0.00677516039592609,0.0452037576940294
"SUMO4",0.195816767048511,0.00677717506657112,0.0452037576940294
"GDPD1",0.195776526831914,0.00678876979077096,0.0452326309712588
"PNLDC1",0.195776526831914,0.00678876979077096,0.0452326309712588
"GSTM5",0.195736286615317,0.00680038219562912,0.0452938437537694
"EDDM3B",0.195687298525546,0.0068145429335371,0.0453719799738819
"LEKR1",0.195654056607487,0.00682416696955323,0.0454104293983652
"CXCL14",0.195650557458218,0.00682518073041396,0.0454104293983652
"PMEPA1",0.195626063413333,0.00683228081592105,0.0454414802415034
"ACOT8",0.195543833405503,0.00685616499245342,0.0455841001776646
"GLIS3",0.195503593188906,0.00686788008996864,0.0456457397011581
"GPR22",0.19548259829329,0.00687399939426533,0.0456701574839201
"NFIB",0.195466852121578,0.00687859206090592,0.045684418680469
"TBPL1",0.195437109352789,0.00688727455974189,0.0457258228502451
"NTRK3",0.195388121263018,0.00690159643902421,0.0457883534974125
"C1orf21",0.195342632322517,0.00691491908509595,0.0458604505799901
"C1orf52",0.195274398911765,0.00693494602600448,0.0459769442604401
"MYBBP1A",0.195260402314687,0.00693906049892847,0.0459878970468375
"PRB4",0.195179921881493,0.0069627609571341,0.0461122424239137
"NDUFA13",0.195164175709781,0.00696740643044596,0.0461266510085108
"TMEM243",0.195073197828778,0.00699430105336749,0.0462882942851493
"CEP126",0.194997966119487,0.00701661065905127,0.0464194901411412
"CARM1",0.194807262484308,0.00707344718398081,0.0467789304560997
"MIEN1",0.194602562252052,0.00713491117477254,0.0470853714134459
"FGD1",0.194583316931071,0.0071407142287145,0.0471070218775952
"SALL2",0.194522081818858,0.0071592064634141,0.0472123375390967
"CEP83",0.194483591176895,0.00717085196852932,0.0472724431218685
"MRAP2",0.194450349258836,0.0071809230210624,0.0473221306779681
"ZDHHC18",0.194415357766143,0.00719153773275529,0.0473753646197311
"CHST15",0.194385614997354,0.00720057121939287,0.0474014339419744
"DUS1L",0.194343625206122,0.00721334157622256,0.0474520490586589
"THOC7",0.194322630310506,0.00721973431299347,0.0474773795878401
"KCTD2",0.194310383288063,0.00722346573830595,0.0474851975109476
"CMTM1",0.194294637116351,0.00722826580793015,0.0475000324521124
"TRAPPC2",0.194261395198292,0.00723840861466107,0.0475402506105979
"CARS2",0.194257896049023,0.00723947701523562,0.0475402506105979
"RPA3",0.194229902854868,0.00724802927503416,0.0475796818068674
"UBE2E2",0.194133676249962,0.00727749630515045,0.0477430787967332
"MRPL42",0.194131926675327,0.00727803305495285,0.0477430787967332
"ATP6V0E2",0.194053195816767,0.00730222329740785,0.0478787252484413
"MRPS6",0.19403919921969,0.00730653126908883,0.04787957122158
"SRP68",0.193981463256746,0.00732432557272242,0.0479660540422875
"ZDBF2",0.193979713682111,0.00732486539562026,0.0479660540422875
"GPR155",0.193970965808938,0.00732756504129707,0.0479669136737694
"IER2",0.19396046836113,0.00733080578498328,0.0479713135390146
"ZBTB16",0.193911480271359,0.00734594612788981,0.048053551623282
"ZNF487",0.193844996435242,0.00736653824522517,0.0481447640952274
"MT2A",0.193841497285972,0.00736762346242021,0.0481447640952274
"TOMM5",0.193726025360084,0.00740351553600711,0.0483623841029971
"ACVR1C",0.193692783442026,0.0074138769033123,0.0483962128788048
"MRPS18C",0.193682285994218,0.0074171515935525,0.0484006719640764
"ZNF737",0.193631548329812,0.00743299741261709,0.0484702024015492
"MGMT",0.19359305768785,0.00744503846293721,0.0485317760327453
"MRPL35",0.193533572150271,0.00746368149490036,0.0486363278432516
"SUDS3",0.193521325127828,0.00746752491771094,0.0486444001964316
"TFG",0.193402354052671,0.00750495275318179,0.0488246252277493
"GYG1",0.193398854903402,0.00750605609349992,0.0488246252277493
"PSMB3",0.193391856604863,0.00750826320700878,0.0488246252277493
"PIK3R4",0.193234394887743,0.00755807612046236,0.0491314408721737
"TMED2",0.193152164879914,0.00758420617831667,0.0492778555548834
"TSGA10",0.19314691615601,0.007585876778769,0.0492778555548834
"STEAP2",0.193136418708202,0.00758921896148165,0.0492824246608593
"CDAN1",0.193099677640874,0.00760092691568595,0.0493359805979977
"API5",0.193085681043796,0.00760539131193165,0.0493359805979977
"LIFR",0.193085681043796,0.00760539131193165,0.0493359805979977
"MT1X",0.193054188700372,0.00761544473014122,0.0493840436736519
"RBM5",0.192935217625215,0.00765353104226962,0.0495793776432284
"SYS1",0.192852987617386,0.00767995429495516,0.049733296259564
"DDX49",0.19283199272177,0.00768671364133975,0.0497598141995359
"ABCF3",0.192814496975423,0.00769235046971324,0.0497618071951384
"ZNF181",0.192756761012479,0.00771097808601495,0.0498341801098388
"NCBP2",0.192755011437844,0.00771154318469877,0.0498341801098388
"IDI1",0.19261854461634,0.00775573447250866,0.0501024202727678
"CNN3",0.192599299295359,0.00776198465409973,0.0501254582987436
"TAF11",0.192517069287529,0.00778874043646235,0.0502634818214827
"JPH3",0.192485576944105,0.00779900902007658,0.050294990489969
"TCEA2",0.19240859566018,0.00782416067271186,0.050420783450744
"VPS36",0.192394599063103,0.00782874143730498,0.050420783450744
"VWA7",0.192392849488468,0.00782931420042609,0.050420783450744
"SPATA5",0.192342111824063,0.00784594053847798,0.0504756408875697
"SDC2",0.192321116928447,0.00785282957523026,0.0504888713647206
"ST6GAL2",0.192319367353812,0.00785340390418254,0.0504888713647206
"UQCC2",0.192272128838676,0.0078689249018583,0.0505712462034087
"C11orf54",0.192191648405481,0.00789543086876696,0.0507241372222538
"GPATCH4",0.19214615946498,0.00791044756743283,0.0507856716292113
"NAALAD2",0.192126914143999,0.00791680842141891,0.0507915884845137
"EXOC3L2",0.192070927755689,0.00793533857042838,0.0508406117122883
"ARL6IP1",0.191927462635647,0.00798299807184758,0.0511284197495972
"BBS2",0.191887222419049,0.00799641156240152,0.0511967714567744
"SLC6A15",0.191853980500991,0.0080075073680338,0.0512502424967098
"ZSCAN18",0.191789246239508,0.00802915424309677,0.051361083932778
"TMSB15A",0.191785747090239,0.00803032582371556,0.051361083932778
"RNF182",0.191731510276564,0.00804850474932648,0.051459731153174
"UBQLN1",0.191691270059967,0.00806201594817581,0.0515284770185255
"CYB5R4",0.191682522186793,0.00806495582942047,0.0515296322511997
"MED4",0.191616038350676,0.00808733005837649,0.0516271351158124
"LYST",0.191612539201407,0.00808850917481619,0.0516271351158124
"STYX",0.191449828760383,0.00814350696586019,0.0519426694311492
"RNF125",0.191313361938879,0.00818988990271487,0.0521582610005558
"HAUS3",0.191304614065705,0.0081928711511841,0.0521582610005558
"SRRM2",0.191304614065705,0.0081928711511841,0.0521582610005558
"TAFA5",0.191301114916436,0.00819406392030577,0.0521582610005558
"SERPINE3",0.191288867893993,0.00819823982634482,0.0521670620091366
"VLDLR",0.191199639587625,0.00822872135262354,0.0523253660134822
"TMEM67",0.191173395968105,0.00823770563271225,0.0523645499759642
"DMXL2",0.191162898520297,0.00824130178207619,0.0523645499759642
"GLS2",0.191150651497855,0.00824549905085949,0.0523645499759642
"GTF2H1",0.19114890192322,0.00824609881555529,0.0523645499759642
"IDH3G",0.191050925743679,0.00827974750367172,0.0525424955414791
"ADH5",0.191024682124159,0.00828878121334379,0.0525819558221496
"CRMP1",0.190879467429481,0.00833892603852363,0.0528142070094878
"GAS2",0.190877717854847,0.00833953183074424,0.0528142070094878
"PVRIG",0.19080773486946,0.00836379556596365,0.0529051006517613
"HECW2",0.190800736570921,0.00836622538142817,0.0529051006517613
"VAPA",0.190795487847017,0.00836804815406419,0.0529051006517613
"TMSB4X",0.190795487847017,0.00836804815406419,0.0529051006517613
"RBM20",0.190774492951401,0.00837534276900568,0.0529192351696573
"IL17RB",0.190772743376767,0.00837595090819806,0.0529192351696573
"ARPP19",0.190760496354324,0.00838020897974195,0.0529282322981605
"ATXN10",0.190734252734804,0.00838933988709715,0.052967989091084
"RGS9BP",0.190725504861631,0.0083923854839456,0.0529693110166164
"TBCA",0.190484063562046,0.00847683206670408,0.0534610777472467
"ABCB8",0.190482313987412,0.00847744673934435,0.0534610777472467
"RANBP1",0.190473566114238,0.00848052069565043,0.0534610777472467
"MTSS2",0.190470066964969,0.00848175055499528,0.0534610777472467
"ADGRV1",0.190435075472276,0.00849405785284068,0.0535194045637432
"DAGLB",0.190421078875198,0.00849898520572089,0.0535194045637432
"FUNDC2",0.190419329300564,0.0084996013030661,0.0535194045637432
"CCDC90B",0.19028286247906,0.00854777912041724,0.0537864969180971
"VDAC2",0.190198882896596,0.00857754724778725,0.0539556323340097
"PHC1",0.190167390553172,0.00858873397576407,0.0540078100105622
"SLC20A1",0.190141146933652,0.00859806613031515,0.0540482945303823
"ZFYVE26",0.190078162246804,0.00862049999745528,0.054168540364417
"H3C6",0.190071163948265,0.00862299585047181,0.054168540364417
"CDK5R2",0.190055417776553,0.00862861386264834,0.0541856060856827
"STUB1",0.190004680112148,0.00864673843031602,0.0542514421566831
"DNALI1",0.18999068351507,0.00865174424780438,0.0542514421566831
"ZFYVE27",0.189896206484798,0.00868560077592247,0.0544050103445254
"AP4S1",0.189894456910164,0.00868622885485381,0.0544050103445254
"ZNF263",0.189892707335529,0.0086868569740509,0.0544050103445254
"SRSF5",0.18983322179795,0.00870823700046276,0.0545023573125478
"COG5",0.189782484133545,0.00872650975461935,0.0545984241799903
"DRG1",0.189768487536468,0.00873155649215217,0.0546117043025565
"RAB14",0.189756240514025,0.00873597450966943,0.0546210445070593
"ZNF471",0.189698504551081,0.00875682900844651,0.0547331119684561
"FBF1",0.189681008804734,0.00876315725973182,0.0547360284223249
"LYPLAL1",0.189605777095444,0.00879041495477184,0.0548670951636605
"ABHD17C",0.189598778796905,0.00879295437057377,0.0548670951636605
"AP3S1",0.189399327288553,0.00886560158056613,0.0552834641464618
"MIA",0.189373083669033,0.00887519991176367,0.0553014032510013
"KRTAP12-1",0.189369584519764,0.00887648038473647,0.0553014032510013
"CCNT1",0.18936083664659,0.00887968228338711,0.0553014032510013
"IDH2",0.189304850258281,0.00890019868041484,0.0553737831668487
"ELOB",0.18920687407874,0.00893620345860433,0.0555398172975418
"PKDCC",0.18920337492947,0.00893749172679134,0.0555398172975418
"VTCN1",0.189198126205566,0.00893942443758892,0.0555398172975418
"GPSM1",0.189122894496276,0.00896716734393344,0.05567513873514
"EIPR1",0.189114146623102,0.0089703982083407,0.0556766889129182
"KCNN3",0.189051161936254,0.00899369089014456,0.0558027146393156
"ARMCX4",0.18897068150306,0.00902353172034125,0.0559692721385232
"SNX14",0.188946187458174,0.00903263110304428,0.0560071110492879
"CSNK1A1",0.188897199368404,0.00905085425418536,0.0561014782778512
"CHD8",0.18886220787571,0.00906389071958656,0.0561490562783542
"LMBR1L",0.188860458301076,0.00906454297918386,0.0561490562783542
"OR52B6",0.188834214681556,0.00907433186295988,0.0561910549975592
"NAA30",0.188729240203476,0.00911358108468032,0.0564120631051531
"PGAP6",0.188706495733225,0.0091221048713623,0.0564120631051531
"TMEM237",0.188690749561513,0.00912801008923257,0.0564298962020879
"OR2T3",0.188640011897107,0.00914706104728731,0.0565289583451813
"SHF",0.188529788695123,0.0091885689775364,0.0567560763027885
"BOC",0.188526289545854,0.00918988941634356,0.0567560763027885
"COPZ2",0.188496546777065,0.00920111993103514,0.0567789120702072
"DCAF12L1",0.188484299754622,0.0092057477912073,0.0567789120702072
"PXMP4",0.188381074851177,0.00924483599686078,0.0569823620717399
"AP1G2",0.188365328679465,0.00925081150232327,0.0570003812660473
"CLOCK",0.188253355902846,0.00929340267982553,0.0572439275885296
"CBS",0.18817987376819,0.00932144738015,0.0573599180466825
"PLXNC1",0.188148381424766,0.00933348944953623,0.0574003130759658
"OR5M3",0.188099393334995,0.00935224892519052,0.0574737087617171
"SKAP1",0.188085396737918,0.00935761490076161,0.0574877683837578
"EIF4E",0.188066151416937,0.00936499756605437,0.0575052532439441
"SUPT5H",0.188059153118398,0.00936768344933012,0.0575052532439441
"TTYH3",0.188053904394494,0.00936969830913053,0.0575052532439441
"CEP76",0.18789119395347,0.00943234948710588,0.0578517435209161
"ERBB4",0.187840456289065,0.0094519615453604,0.0579529986280863
"BLOC1S1",0.187794967348563,0.00946957543494655,0.0580419398828558
"GLP2R",0.187782720326121,0.00947432259502222,0.0580519845093947
"ABLIM2",0.187723234788542,0.00949741019129184,0.0581743629821471
"NPRL3",0.187679495422675,0.00951441810480978,0.0582594336148942
"UBE3C",0.187611262011923,0.00954100425369578,0.0584030794631342
"VEZT",0.187565773071422,0.00955876484089252,0.0584734661541136
"RELL2",0.187551776474345,0.00956423551718435,0.0584877742367174
"COG6",0.187532531153363,0.00957176221896213,0.058514641964431
"VPS37B",0.187399563481129,0.00962390818294956,0.0587949326871986
"CSNK1G2",0.187375069436243,0.00963354137446844,0.058834538492339
"DYNC1H1",0.187355824115262,0.00964111629192682,0.0588507255227314
"FBXO34",0.187352324965993,0.00964249411541862,0.0588507255227314
"DNAJB14",0.187315583898665,0.00965697177872276,0.058900589464215
"OSBPL7",0.187291089853779,0.00966663423031167,0.0589210381479441
"LHFPL4",0.187243851338643,0.00968529310404736,0.0590155086496537
"NEU3",0.187196612823507,0.00970398381772345,0.0591034965213007
"SCFD1",0.18718261622643,0.00970952792834265,0.0591053271152957
"SLC24A2",0.187123130688851,0.00973312165567434,0.0592296448489325
"UFSP2",0.18710388536787,0.00974076576551971,0.0592309549358689
"TTBK1",0.187102135793235,0.00974146094772259,0.0592309549358689
"XRN1",0.187098636643966,0.00974285144372399,0.0592309549358689
"FHIP2A",0.187065394725907,0.0097560699102509,0.0592920148531877
"ANO7",0.187033902382483,0.00976860729089362,0.0593488971258065
"COP1",0.186983164718078,0.00978883636550121,0.0594416087403683
"SLC7A1",0.186979665568809,0.00979023283815447,0.0594416087403683
"ZBTB11",0.186953421949289,0.00980071199786175,0.0594675782492184
"RMND5B",0.186930677479038,0.00980980195538756,0.0594675782492184
"HDGFL2",0.186913181732691,0.00981679930083211,0.0594675782492184
"ZC2HC1A",0.186913181732691,0.00981679930083211,0.0594675782492184
"TRMT61B",0.186876440665363,0.00983150808893097,0.0595373686993757
"SLITRK2",0.186865943217555,0.00983571417627208,0.0595435325627414
"SNX25",0.186794210657534,0.00986449836637664,0.0596404569409033
"ALPK2",0.186717229373609,0.00989547151639214,0.0597890087480232
"FHOD3",0.186676989157011,0.00991169620780616,0.0598332329607225
"SON",0.186675239582377,0.00991240216215868,0.0598332329607225
"USP46",0.186647246388222,0.00992370347657655,0.0598820956796587
"LARP7",0.186612254895528,0.0099378461309208,0.0599480666476346
"RAB21",0.186530024887699,0.00997115149844196,0.0600950240886439
"DERL3",0.186528275313064,0.00997186119354827,0.0600950240886439
"AHDC1",0.186353317849598,0.0100430564936287,0.0605045558306485
"FN3K",0.186302580185192,0.0100637869537315,0.0605903562694679
"LSM4",0.186215101453459,0.0100996179113741,0.06078648537313
"CCT2",0.186153866341246,0.0101247665855835,0.0608789892956722
"ATP13A4",0.186131121870995,0.0101341215998479,0.0608980671414435
"YY1AP1",0.186127622721726,0.0101355615102392,0.0608980671414435
"LRRC40",0.186122373997822,0.010137721714647,0.0608980671414435
"AOX1",0.186108377400744,0.0101434842479373,0.0609130906155877
"TRIM52",0.186073385908051,0.0101579032402493,0.0609800710108955
"TMEM145",0.186059389310974,0.010163675904009,0.0609951192748305
"TMEM138",0.185968411429971,0.0102012688913667,0.0611814058494429
"CNOT6L",0.185931670362643,0.010216485448963,0.0612223827211415
"RAB1A",0.185929920788008,0.0102172105466348,0.0612223827211415
"UBR5",0.185928171213374,0.0102179356897515,0.0612223827211415
"PRSS3",0.185879183123603,0.0102382581573032,0.0613048122301361
"FAM228B",0.185672733316712,0.0103242955197097,0.0617999955546531
"FAM234B",0.185662235868904,0.0103286873040268,0.0617999955546531
"THEG",0.185656987145,0.0103308838146084,0.0617999955546531
"HSPA5",0.185648239271827,0.0103345455819846,0.0618021047995979
"NECTIN3",0.185543264793747,0.0103785762465003,0.0620146365058594
"SEC16A",0.185539765644478,0.0103800467828934,0.0620146365058594
"BLOC1S3",0.185441789464936,0.0104212965439929,0.0622057895726818
"DIAPH1",0.185440039890302,0.0104220344598908,0.0622057895726818
"ASXL2",0.185373556054184,0.0104501094592438,0.0623335178092741
"NDUFAF4",0.185352561158568,0.0104589891050685,0.0623665646635565
"SSH1",0.185329816688318,0.0104686162352695,0.0623841342724613
"SLITRK4",0.185329816688318,0.0104686162352695,0.0623841342724613
"GCNT4",0.185305322643432,0.01047899265913,0.0624193459511735
"KCTD20",0.185296574770259,0.0104827007238851,0.0624193459511735
"C14orf132",0.185284327747816,0.0104878939598834,0.0624193459511735
"CDK14",0.185284327747816,0.0104878939598834,0.0624193459511735
"TKT",0.185223092635603,0.0105138942112669,0.062554153644352
"KCNJ4",0.185147860926312,0.0105459152309646,0.062724685622132
"CD164",0.184838186215976,0.0106786305936312,0.0634736171122396
"NOL4",0.184773451954494,0.0107065587934758,0.0635991386854177
"STAMBPL1",0.184694721095934,0.0107406123329808,0.0637608632964874
"SDCBP",0.184591496192488,0.0107854050148342,0.0640064264560035
"NOL11",0.184561753423699,0.0107983419146129,0.0640628442176972
"C16orf72",0.184537259378813,0.0108090061048182,0.0640831272548736
"GORASP1",0.184535509804179,0.0108097681879357,0.0640831272548736
"TCEA3",0.184530261080275,0.0108120547215735,0.0640831272548736
"SFI1",0.184383296810963,0.0108762510575658,0.0644431677509833
"CFAP45",0.18437104978852,0.0108816158907279,0.0644476892316984
"POLR2J",0.184299317228499,0.0109130853621078,0.0645999309739223
"TMEM109",0.184273073608979,0.010924618613717,0.0646477114162796
"MYH10",0.184192593175784,0.0109600542811841,0.064825456109069
"CCNC",0.184189094026515,0.0109615972581088,0.064825456109069
"PARD3",0.184127858914301,0.0109886303672176,0.0649441964361254
"GFPT1",0.184106864018685,0.0109979123800048,0.0649784914928722
"TDRD12",0.184070122951357,0.0110141725320868,0.0650129354258181
"SLC25A6",0.184059625503549,0.0110188221799084,0.0650129354258181
"FSD1L",0.184059625503549,0.0110188221799084,0.0650129354258181
"MMS22L",0.184054376779645,0.0110211476525027,0.0650129354258181
"USH1C",0.184031632309395,0.0110312296995756,0.0650496251573637
"SAP18",0.183986143368893,0.0110514181823349,0.0650887057626258
"HDAC4",0.183910911659603,0.0110848782899691,0.0652515799775895
"TRIM44",0.183907412510333,0.0110864367444404,0.0652515799775895
"ENO1",0.183900414211795,0.0110895542326445,0.0652515799775895
"ADORA2B",0.183875920166909,0.011100471525705,0.0652952460516748
"MTRR",0.183821683353235,0.0111246792414532,0.0654170370004345
"PPIL4",0.183756949091752,0.0111536332058403,0.0655460206898282
"RNF113A",0.183756949091752,0.0111536332058403,0.0655460206898282
"RXRA",0.183718458449789,0.0111708805354296,0.0655995120204853
"GBA2",0.183707961001981,0.0111755884288717,0.0655995120204853
"HNRNPLL",0.183704461852712,0.0111771581151037,0.0655995120204853
"SLC7A2",0.183700962703443,0.0111787279955782,0.0655995120204853
"TAF6",0.183683466957096,0.0111865803122897,0.0656157581382924
"PEDS1",0.183667720785384,0.0111936515517663,0.0656366205277198
"ATF5",0.183540001837053,0.0112511528210416,0.0659530854004312
"SAR1A",0.183485765023379,0.0112756497721391,0.0660759445072071
"SPRED1",0.183459521403859,0.0112875199928297,0.0661040211307895
"KRT17",0.1834262794858,0.0113025714056548,0.066171418047652
"ICA1",0.183394787142376,0.0113168469425384,0.0662113123740064
"CLEC7A",0.183393037567741,0.0113176404933447,0.0662113123740064
"ATP6AP1",0.183387788843837,0.0113200214398266,0.0662113123740064
"SCN1A",0.183246073298429,0.0113844739723365,0.0665466153074671
"RPS19BP1",0.183176090313043,0.0114164214154961,0.0666732639041712
"YPEL4",0.183170841589139,0.0114188206530385,0.0666732639041712
"AZIN1",0.183167342439869,0.0114204203913816,0.0666732639041712
"FEZF2",0.183156844992061,0.0114252207905453,0.06668044483882
"UFC1",0.183114855200829,0.0114444401589675,0.0667300544517254
"PTP4A1",0.183064117536424,0.0114677015386707,0.0668448170837122
"IFT20",0.183030875618365,0.0114829643144836,0.066912899075599
"RBM39",0.182995884125672,0.0114990497128266,0.0669857306415316
"HEXB",0.182976638804691,0.0115079051348226,0.0670164129398026
"BHLHE40",0.182931149864189,0.01152886000218,0.0671012944727878
"MARK4",0.182929400289555,0.0115296666289985,0.0671012944727878
"NETO2",0.182892659222227,0.0115466172725926,0.0671790106488909
"USP26",0.18279643261732,0.0115911158226908,0.0674169041122934
"RBM6",0.182785935169512,0.0115959793296238,0.0674241936363802
"FAM174A",0.182708953885587,0.011631699963223,0.0676108398733748
"ARMC5",0.182661715370451,0.0116536673578526,0.0677174522636138
"AP2S1",0.182651217922643,0.0116585539565783,0.0677247756432526
"NIPSNAP3A",0.182607478556776,0.0116789342002603,0.0678220693793724
"KIAA1109",0.182542744295293,0.0117091544980472,0.0679553043522463
"APOBEC3A_B",0.182469262160637,0.0117435419884303,0.06813370306801
"CLTB",0.182458764712829,0.0117484617338911,0.0681410780565683
"SMARCA4",0.182430771518675,0.0117615899220367,0.0681843941906678
"COL3A1",0.18240277832452,0.0117747310158774,0.0682298716886523
"PHIP",0.182290805547901,0.01182742465963,0.0685139525258218
"ZNF33A",0.182276808950824,0.0118340259296186,0.0685309358950563
"JRKL",0.182173584047378,0.0118828104731384,0.0687707990072307
"CNOT4",0.182126345532242,0.0119051945418493,0.0688790003914426
"SNX12",0.182037117225874,0.0119475767685453,0.0691028007833234
"FAM216A",0.182023120628797,0.0119542369871369,0.0691060209372173
"IMMT",0.182016122330258,0.0119575683207433,0.0691060209372173
"FAM13A",0.181988129136104,0.0119709018211252,0.0691520452865248
"CREB3",0.18197938126293,0.0119750712205876,0.0691547402955146
"STAT4",0.181949638494141,0.0119892567329441,0.0692152577262637
"HSD11B2",0.18190065040437,0.0120126533214863,0.0693288978467485
"CLPTM1L",0.18182541869508,0.0120486619715654,0.0695034382425912
"USF2",0.18182191954581,0.0120503390998881,0.0695034382425912
"TBKBP1",0.181676704851133,0.0121201211922584,0.06981967408594
"FAM131A",0.181639963783805,0.0121378331177503,0.0699001453305901
"PAPSS1",0.181492999514493,0.0122089085678505,0.0702661252428894
"SERF2",0.1814580080218,0.0122258851171952,0.0703421535578366
"S100A8",0.181433513976914,0.012237781043573,0.0703846837125629
"GPR37L1",0.181419517379837,0.0122445832824008,0.0703846837125629
"C7orf26",0.181346035245181,0.0122803495832554,0.0705468498360126
"STOX2",0.181319791625661,0.0122931454949817,0.0705769398291664
"RLIM",0.18130054630468,0.0123025366090874,0.0706091498805521
"MORF4L2",0.181272553110525,0.0123162076657681,0.0706658968866009
"GEMIN7",0.181249808640274,0.0123273252274621,0.0706841760940601
"VPS37A",0.181242810341736,0.0123307477893793,0.0706841760940601
"MMAA",0.181223565020754,0.0123401641405272,0.0707164484469121
"TECPR1",0.181158830759272,0.012371883709267,0.0708764724399602
"PNMA6E",0.181094096497789,0.0124036748949436,0.0710326641030758
"CNOT7",0.181085348624616,0.0124079765013425,0.0710326641030758
"PDE4A",0.181080099900712,0.0124105580942566,0.0710326641030758
"COX20",0.181046857982653,0.0124269191440884,0.0711045165242018
"TBC1D9",0.181017115213864,0.0124415740374221,0.0711665656119125
"CFL1",0.18090689201188,0.0124960158218301,0.0714342183925619
"PSMD7",0.180807166257704,0.0125454528758834,0.0716729513337404
"ERAP2",0.18077217476501,0.0125628398780759,0.0717503356461608
"EPB41L3",0.180695193481085,0.0126011657977995,0.071911156547504
"ACBD3",0.180684696033277,0.0126064000073104,0.071911156547504
"HIVEP1",0.180684696033277,0.0126064000073104,0.071911156547504
"ZDHHC13",0.180595467726909,0.0126509679325738,0.0720993216688279
"CNOT6",0.180532483040061,0.0126825108899122,0.0722570388590603
"MSANTD2",0.180474747077117,0.0127114859099493,0.0724000338073232
"BDKRB1",0.180429258136616,0.0127343556332743,0.0724860791853186
"DAPK1",0.180411762390269,0.0127431612948834,0.0725141012624141
"CSNK1D",0.180319034934632,0.0127899206061668,0.0727580131711153
"GPR158",0.180289292165842,0.0128049507462479,0.0728213337810373
"VPS26B",0.180205312583378,0.0128474725137135,0.0730398033016619
"KLHL12",0.180186067262397,0.0128572345234656,0.0730398033016619
"BIRC6",0.180182568113127,0.0128590101336402,0.0730398033016619
"LRIF1",0.180161573217511,0.0128696683152014,0.0730609482287155
"MPPED1",0.180110835553106,0.0128954576037527,0.0731780272924741
"KCTD7",0.180103837254567,0.0128990183040707,0.0731780272924741
"MRPL30",0.180081092784317,0.0129105965400876,0.0732214700828047
"IL12RB2",0.180005861075026,0.0129489587870841,0.0734167438699398
"ARMC1",0.179888639574503,0.0130089318862533,0.0736896608758469
"ROCK2",0.179841401059367,0.0130331689627958,0.0738045674800407
"OGG1",0.179764419775442,0.0130727513172266,0.0739472181401753
"NFKBIE",0.179753922327634,0.0130781570741593,0.0739472181401753
"CDK6",0.179682189767613,0.0131151489275059,0.0741115041967021
"ZNF91",0.179619205080765,0.0131477052260217,0.074273001452263
"DPAGT1",0.179601709334418,0.0131567612137199,0.0742894530266336
"UBE2D1",0.179563218692455,0.0131767036482513,0.0743551129922943
"PLIN4",0.179556220393917,0.0131803323926094,0.0743551129922943
"CHCHD7",0.179552721244647,0.0131821470934615,0.0743551129922943
"LRRK2",0.17951248102805,0.013203031909785,0.0744504299357323
"RBCK1",0.179451245915837,0.0132348688350299,0.0746074284222812
"SPPL2B",0.179432000594855,0.0132448886213854,0.0746413819834017
"BICC1",0.179400508251431,0.0132612989856511,0.0747113182069442
"FKBP10",0.179391760378258,0.0132658605834077,0.0747144789673471
"IGFL2",0.179174813123559,0.0133794292781054,0.0752633196379204
"CEP295",0.179120576309885,0.0134079542967273,0.0753783728012278
"MCFD2",0.179110078862077,0.0134134814221891,0.0753867526454422
"MGRN1",0.179027848854247,0.0134568463882852,0.0755849813977789
"CDK8",0.179012102682535,0.0134651643233692,0.0756089623882269
"CCSAP",0.178991107786919,0.0134762619140876,0.0756465706054072
"TRUB1",0.178984109488381,0.0134799628922036,0.0756465706054072
"TNIP1",0.178966613742034,0.0134892192355709,0.0756614924231918
"STAC2",0.178959615443495,0.0134929233326141,0.0756614924231918
"ANKFY1",0.178956116294226,0.0134947757154451,0.0756614924231918
"MKX",0.178891382032743,0.0135290850271838,0.0757856004702115
"VWC2L",0.178877385435666,0.0135365133010033,0.0758044744856187
"MTMR2",0.178835395644434,0.0135588195747171,0.0758819666968012
"MAJIN",0.178828397345895,0.0135625404173229,0.0758819666968012
"GABRG1",0.178585206471677,0.0136923967847284,0.076562635434607
"C11orf68",0.17854146710581,0.0137158674758504,0.0766709191795815
"SERINC3",0.178506475613117,0.0137346694000248,0.0767530477902045
"UTRN",0.178487230292135,0.0137450200801133,0.0767879135555476
"ZNF83",0.178434743053095,0.0137732839487852,0.0768998059872983
"PLAAT4",0.178387504537959,0.0137987649482408,0.0770171200865471
"PPDPFL",0.178380506239421,0.0138025434209506,0.0770171200865471
"COL9A1",0.178307024104764,0.0138422721356943,0.0772157330962445
"XYLT2",0.178263284738898,0.0138659677039366,0.0773248172107256
"FAM193A",0.17817405643253,0.0139144168487027,0.0775183301064848
"DSEL",0.178142564089106,0.0139315519087248,0.0775603133410451
"DNM3",0.178139064939836,0.013933456944484,0.0775603133410451
"DEFB128",0.178132066641298,0.0139372677003934,0.0775603133410451
"CEACAM8",0.178055085357372,0.0139792462914296,0.0777475889632936
"HTT",0.17803933918566,0.0139878464476732,0.0777722596775065
"UFM1",0.17801659471541,0.0140002770745006,0.0778182067390989
"DPH7",0.177974604924178,0.014023251337944,0.077922714069456
"EZH1",0.177939613431484,0.0140424217660659,0.0779649766623177
"DNAJC18",0.17793786385685,0.0140433808894858,0.0779649766623177
"PTPN4",0.177929115983676,0.0140481773669728,0.0779684280848692
"FAM76A",0.177913369811964,0.014056814640968,0.0779931878296846
"FEM1A",0.177902872364156,0.0140625754062793,0.0780019775134162
"RHOQ",0.17785913299829,0.0140866008491713,0.0780656847059713
"COPG1",0.17783288937877,0.0141010333569118,0.0781206457676578
"DVL1",0.177825891080231,0.0141048842112091,0.0781206457676578
"ZNRD2",0.177719167027516,0.014163723912491,0.0784000319471495
"ZNF695",0.177705170430439,0.0141714565086777,0.0784195916314267
"FIBIN",0.177538960840146,0.0142635639482526,0.0789059005620753
"ASAP1",0.177524964243068,0.0142713442273894,0.0789255625675818
"CABS1",0.177482974451836,0.014294707352533,0.0790313660497057
"FAM169A",0.177362253802044,0.014362062870161,0.0793802563371196
"NCAPG",0.177323763160082,0.0143835968473331,0.0794757558345542
"DNMT3A",0.177295769965927,0.0143992756596403,0.079520751798237
"ARHGEF18",0.177294020391292,0.0144002560816897,0.079520751798237
"AP3D1",0.177271275921042,0.0144130068840582,0.0795676371760776
"E2F4",0.177259028898599,0.0144198767911419,0.0795820386972125
"PIM2",0.177250281025426,0.0144247856213858,0.0795856118951259
"LZTS1",0.177238034002983,0.0144316604397476,0.0796000266901141
"GTF2A1",0.177224037405906,0.0144395208847659,0.079619867742512
"UBN2",0.177211790383463,0.0144464018462907,0.0796342977807926
"SGSM1",0.177141807398076,0.01448577668172,0.0797969885727884
"DNAJB1",0.177136558674172,0.0144887335751941,0.0797969885727884
"SRR",0.1770420816439,0.0145420480128053,0.0800488528634518
"CSMD2",0.177040332069266,0.0145430369332669,0.0800488528634518
"FCHSD1",0.177008839725842,0.0145608475625162,0.0801232731519009
"UNC119",0.176975597807783,0.014579668364818,0.0802032065924419
"CDX4",0.176961601210706,0.014587599276044,0.0802232049703761
"SELENOT",0.176896866949223,0.0146243288389487,0.0803469558883927
"TSKU",0.176891618225319,0.0146273104530164,0.0803469558883927
"UXS1",0.176830383113106,0.0146621352489952,0.080514565689572
"EIF4H",0.176791892471143,0.0146840622098876,0.0805875832594358
"AK3",0.176762149702354,0.0147010254035521,0.0806497181605902
"BRAF",0.176734156508199,0.0147170064116136,0.0806755121322592
"FAM47E",0.176718410336487,0.0147260024019529,0.0806755121322592
"ACBD5",0.17670091459014,0.0147360035852202,0.0807066284333057
"PPP1CA",0.176679919694524,0.0147480128435665,0.080748721156977
"RIBC1",0.176646677776466,0.0147670450022873,0.0808292299128713
"AFDN",0.176637929903292,0.0147720570324953,0.0808329730849347
"CIPC",0.176501463081788,0.0148504374838046,0.0811997815929359
"KIF21A",0.176499713507154,0.0148514447170285,0.0811997815929359
"WDR45",0.17649446478325,0.0148544667749963,0.0811997815929359
"BTG1",0.17649096563398,0.0148564817789174,0.0811997815929359
"SLC15A5",0.176480468186172,0.0148625282242611,0.0812090629363078
"RBMX",0.176406986051516,0.0149049136009602,0.0813675215284326
"RTL3",0.176399987752978,0.0149089558080047,0.0813675215284326
"ZNF391",0.1763859911559,0.014917043096526,0.0813878752178553
"NPIPB3",0.176340502215399,0.0149433532692794,0.0815076126334879
"CRNKL1",0.176274018379281,0.0149818795477369,0.0816700474120067
"PAN2",0.176195287520721,0.015027615003634,0.0818954589459786
"CBLL1",0.176151548154855,0.0150530762673703,0.0819846647198923
"FNDC10",0.176144549856316,0.0150571535654975,0.0819846647198923
"NDUFA9",0.17612705410997,0.0150673510327061,0.0819979309071349
"GLB1",0.176125304535335,0.0150683711112276,0.0819979309071349
"ATP6AP2",0.176092062617276,0.0150877640709077,0.0820795461078567
"KLHL3",0.176055321549948,0.0151092237614105,0.0821484317228826
"FAM167A",0.175985338564561,0.0151501731419107,0.0823398499620047
"ACSBG1",0.175980089840657,0.015153248250129,0.0823398499620047
"SMARCA2",0.175941599198695,0.0151758157091044,0.0824384916181602
"KATNIP",0.175924103452348,0.0151860833467098,0.0824702799020507
"LTBP3",0.175903108556732,0.0151984125214404,0.082513241933262
"CLCN4",0.175822628123537,0.015245755392477,0.082746215550683
"ZFPM2",0.175813880250364,0.0152509091096661,0.0827501390273458
"SHLD3",0.175761393011324,0.0152818633784879,0.0828940111695148
"SELENOI",0.175724651943996,0.0153035640011603,0.0829876194209261
"FAM104A",0.175707156197649,0.0153139070863357,0.0830196019577375
"GABARAPL2",0.175698408324476,0.015319080917833,0.083023550557588
"AP1B1",0.175668665555687,0.0153366833648474,0.0830948356605424
"MRPS31",0.175633674062993,0.0153574147369277,0.0831813767081713
"MDN1",0.175626675764455,0.0153615639465883,0.0831813767081713
"PIGF",0.175609180018108,0.0153719412536525,0.0831893291374135
"SNRPD1",0.175609180018108,0.0153719412536525,0.0831893291374135
"GNAL",0.175588185122492,0.0153844021018654,0.0832326459022127
"SAMD8",0.175579437249319,0.0153895967245168,0.0832366372508186
"RBBP8",0.175568939801511,0.0153958322932613,0.0832462547507088
"FBLL1",0.17551995171174,0.0154249607919156,0.0833072781231393
"POLR2K",0.175472713196604,0.0154530945455697,0.083435095037022
"TRPC4",0.175432472980007,0.0154770956610845,0.0835405313775766
"FAM199X",0.175399231061948,0.0154969472095336,0.0836235151936576
"PEX5L",0.175358990845351,0.015521007768729,0.083729156871399
"ABLIM1",0.175308253180945,0.0155513914709499,0.083855934479473
"CASP9",0.175304754031676,0.0155534888111423,0.083855934479473
"TXLNG",0.175206777852135,0.0156123146646678,0.0841245206801313
"EIF2S3",0.17517878465798,0.0156291576781062,0.084190986096427
"RAB30",0.175114050396497,0.0156681678988033,0.0843767888345013
"COPS9",0.175079058903804,0.015689289863412,0.0844661797316467
"PDLIM2",0.175056314433553,0.0157030324614525,0.0845158023775469
"FBXW5",0.174937343358396,0.0157750881289294,0.0848791546804624
"CACNG8",0.174897103141799,0.0157995251034706,0.0849616846623718
"TERF2IP",0.174816622708604,0.0158484981517123,0.0852005041685028
"NELFCD",0.174757137171025,0.0158847806866927,0.0853218763602741
"PCBD1",0.174695902058812,0.0159222060202943,0.0854983092682625
"CYP3A43",0.174645164394407,0.0159532738246937,0.0856405122017763
"INPP5F",0.174636416521233,0.0159586356832751,0.0856446781669099
"PPP1R12B",0.174625919073425,0.0159650719883017,0.0856546062779439
"CCDC83",0.174608423327079,0.0159758041946808,0.0856875701148359
"MFSD6",0.174590927580732,0.0159865426928431,0.0857205487601314
"IL22",0.174576930983655,0.0159951380234849,0.0857420200133765
"ATP6V1FNB",0.174512196722172,0.0160349438763317,0.0858872172296079
"ANO3",0.174510447147537,0.0160360209080982,0.0858872172296079
"PLEKHO1",0.174354735005052,0.0161321297540062,0.0863524377431414
"SDHB",0.174328491385532,0.016148377233808,0.086401481448025
"SOX9",0.174324992236263,0.0161505446420569,0.086401481448025
"TBC1D1",0.174276004146492,0.0161809149999291,0.0865391662481887
"DDRGK1",0.174265506698684,0.0161874294077676,0.0865492217633747
"ARFGAP2",0.174244511803068,0.0162004650833056,0.0865867742959692
"TBC1D19",0.174220017758183,0.0162156849374664,0.0866011243614879
"KMT5B",0.174183276690855,0.0162385380906949,0.0866910409772048
"SRSF10",0.174127290302545,0.0162734159312892,0.0868349474093591
"MORC3",0.174095797959121,0.0162930633983548,0.0868653302962247
"ARX",0.174095797959121,0.0162930633983548,0.0868653302962247
"RIT2",0.174081801362044,0.016301802240729,0.0868871171940226
"HSDL2",0.174015317525926,0.0163433675565777,0.087020991091132
"ZNF275",0.174011818376657,0.0163455577611743,0.087020991091132
"SNX9",0.173992573055676,0.0163576084597181,0.0870603293227972
"CA10",0.173931337943462,0.0163960031199457,0.0871901350421715
"MVD",0.17388934815223,0.0164223762568933,0.0872733756983797
"HMOX2",0.173884099428326,0.0164256754968839,0.0872733756983797
"FGA",0.17386310453271,0.016438878233474,0.0873186831309331
"ASPHD1",0.173786123248785,0.016487367417397,0.0875001463067241
"GNB2",0.173786123248785,0.016487367417397,0.0875001463067241
"AMPD2",0.173780874524881,0.0164906780316321,0.0875001463067241
"FLG2",0.173779124950246,0.0164917816984188,0.0875001463067241
"ANK1",0.173740634308284,0.01651607865605,0.0876041706845756
"RAD51B",0.173716140263398,0.0165315565898334,0.0876613716274074
"NRDC",0.173576174292625,0.0166202445856412,0.0880773475689921
"KALRN",0.173565676844817,0.0166269128623458,0.0880773475689921
"MLST8",0.173562177695548,0.0166291361390857,0.0880773475689921
"ELOA",0.173556928971644,0.0166324715397536,0.0880773475689921
"RETREG2",0.173555179397009,0.0166335834694707,0.0880773475689921
"CSTL1",0.173500942583334,0.0166680854231392,0.0882204000813031
"KIN",0.17344670576966,0.0167026496955581,0.0883428733260389
"MDGA2",0.17341696300087,0.0167216307875802,0.0883963197262069
"LARP4B",0.173409964702332,0.0167260996561411,0.0883963197262069
"CIDEA",0.173406465553062,0.0167283344804579,0.0883963197262069
"GARNL3",0.173401216829158,0.0167316872045482,0.0883963197262069
"TSTD2",0.173355727888657,0.0167607686694664,0.0884748772388227
"C8A",0.173332983418406,0.0167753259023547,0.0885016911164907
"PMS1",0.173306739798886,0.0167921363902052,0.0885653598484813
"BSDC1",0.173242005537404,0.0168336649951766,0.0887315773300164
"STAP2",0.173229758514961,0.016841531810455,0.0887315773300164
"BAD",0.173228008940326,0.0168426559024903,0.0887315773300164
"CHMP2B",0.173163274678844,0.0168842932606119,0.08887572179684
"CPPED1",0.173144029357862,0.0168966892048267,0.0889159108451235
"RBBP4",0.173130032760785,0.0169057094130983,0.0889383180278938
"MSRB2",0.173112537014438,0.016916990568904,0.0889653563593225
"SLC4A4",0.173107288290534,0.0169203761934201,0.0889653563593225
"ATP5F1A",0.173032056581244,0.0169689683415467,0.0891957367708207
"SUN5",0.172941078700241,0.0170278931844443,0.0894299586931052
"TXN2",0.172832605072892,0.0170983824385227,0.0896237413476983
"BTF3L4",0.172832605072892,0.0170983824385227,0.0896237413476983
"HDAC3",0.172822107625084,0.017105217437864,0.0896344110183916
"CTBP1",0.172806361453372,0.0171154743954983,0.0896630013493202
"LETM1",0.172710134848465,0.0171782721858786,0.089941522664275
"TRIM68",0.172584165474769,0.0172607831802482,0.0903228878325344
"EIF5A",0.172519431213286,0.0173033186380391,0.0905201061299773
"NRXN3",0.172466943974246,0.0173378737643332,0.0906247216408305
"UBE2L5",0.172451197802534,0.0173482520017237,0.0906269940602035
"IL34",0.17241970545911,0.017369024690311,0.0906860232363007
"MIIP",0.172403959287398,0.0173794191460878,0.0907149334746606
"RAB38",0.172384713966417,0.0173921308290342,0.0907559193526242
"STK11",0.17237071736934,0.0174013807684633,0.090778823249112
"NHLRC4",0.17231473098103,0.017438423331805,0.090901935175713
"NRG3",0.172312981406396,0.0174395820162015,0.090901935175713
"GPS2",0.172297235234684,0.0174500131894582,0.0909309281044422
"GCNT2",0.17215726926391,0.0175429734822598,0.0913510116442498
"TXNDC15",0.172061042659004,0.0176071332258692,0.091647385765422
"RNF207",0.172022552017041,0.0176328541959309,0.0917094776844662
"IQCE",0.172020802442406,0.0176340241067731,0.0917094776844662
"ZBTB20",0.172013804143867,0.0176387044250698,0.0917094776844662
"SLC12A1",0.171991059673617,0.0176539229195845,0.0917375248876347
"ADGRF4",0.171971814352636,0.0176668090227051,0.0917789500161448
"NOS1AP",0.171943821158481,0.0176855670434731,0.0918180578077871
"CHST5",0.171942071583846,0.0176867399944826,0.0918180578077871
"POLR3GL",0.171938572434577,0.0176890860994013,0.0918180578077871
"PCM1",0.17192107668823,0.0177008206828101,0.0918534390308868
"NOL10",0.171784609866726,0.0177925829242472,0.0922710566772617
"STOX1",0.171662139642299,0.0178752854242224,0.092642356316976
"IFT140",0.171648143045222,0.0178847583778203,0.0926534667029605
"TRIM26",0.171490681328102,0.0179916301022393,0.0931812767025572
"FKBP1A",0.171446941962235,0.0180214149943525,0.0933096607802957
"SHISA4",0.171359463230502,0.0180811133281055,0.0935668807192292
"AQR",0.171359463230502,0.0180811133281055,0.0935668807192292
"TXNDC9",0.17131747343927,0.0181098295031405,0.0936895223824523
"GOLGA8S",0.171305226416827,0.018118212513766,0.0936933776893129
"CLK2",0.171301727267558,0.0181206082787427,0.0936933776893129
"NRBP1",0.171271984498769,0.0181409833946462,0.0937592136220725
"HAAO",0.171268485349499,0.0181433817750145,0.0937592136220725
"FZD6",0.171252739177787,0.0181541778956008,0.093789052940039
"LRRC55",0.17118625534167,0.0181998230611219,0.093998864903073
"DHX33",0.171156512572881,0.0182202755187198,0.0940711196138757
"RBM4",0.171067284266513,0.0182817527139033,0.0943437451464098
"SARS1",0.171044539796262,0.0182974521539466,0.0943726087895902
"SAP30",0.171016546602107,0.0183167906133575,0.0944462676684331
"HIF3A",0.170983304684049,0.0183397780847916,0.0945188476657451
"SIX1",0.170981555109414,0.0183409886453556,0.0945188476657451
"DBR1",0.170839839564006,0.0184392747716699,0.0949467592047719
"SLC9A8",0.170822343817659,0.0184514405167117,0.0949758310003461
"NOTCH2",0.170817095093755,0.0184550915988571,0.0949758310003461
"PDS5A",0.170785602750331,0.0184770112663339,0.0950624414352763
"MED13",0.170759359130811,0.018495294917963,0.095129194624078
"ECD",0.170752360832273,0.0185001732102512,0.095129194624078
"TMEM9",0.170610645286865,0.0185991992377583,0.0956120685285917
"KRTAP19-5",0.170545911025382,0.0186445862146166,0.0957704089714262
"ZNF71",0.170545911025382,0.0186445862146166,0.0957704089714262
"DYNAP",0.170542411876113,0.0186470423007718,0.0957704089714262
"CACNA2D2",0.17053016485367,0.0186556408137743,0.0957704089714262
"ZNF385B",0.17053016485367,0.0186556408137743,0.0957704089714262
"OAT",0.170514418681958,0.0186667011009456,0.0958008545647871
"ANKS6",0.170493423786342,0.0186814570026245,0.0958428497167522
"ARHGAP30",0.170488175062438,0.0186851475593647,0.0958428497167522
"PLA2G4C",0.170461931442918,0.0187036098353788,0.0958848798477997
"CIB4",0.170461931442918,0.0187036098353788,0.0958848798477997
"VPS28",0.170435687823398,0.0187220879399675,0.095953269584751
"ZDHHC6",0.170405945054609,0.0187430489406921,0.0960343434887149
"TFRC",0.170272977382374,0.0188370061527467,0.0964628261334515
"SNAPC3",0.170236236315046,0.0188630399622487,0.0965431993244606
"ANAPC11",0.170218740568699,0.0188754479818561,0.0965570104076706
"UBE4A",0.170209992695526,0.0188816546465486,0.0965570104076706
"RBM19",0.170204743971622,0.0188853794951638,0.0965570104076706
"NGLY1",0.170202994396987,0.0188866212530218,0.0965570104076706
"KLHDC7A",0.170195996098449,0.0188915889928051,0.0965570104076706
"PRDX3",0.170122513963793,0.0189438187367843,0.0967445334230746
"ACAA2",0.17008402332183,0.0189712271303326,0.0968580201984941
"RNF146",0.170071776299387,0.0189799551931843,0.0968760981655946
"GIGYF1",0.170045532679867,0.0189986699142102,0.096945125496664
"ZBED6CL",0.169940558201787,0.0190736889435716,0.0972875475339183
"ZWILCH",0.169937059052518,0.0190761939959953,0.0972875475339183
"OR5K2",0.16992656160471,0.019083710865289,0.0972993131641107
"ZFP1",0.169882822238843,0.0191150588100424,0.0974315384342307
"KAT8",0.169875823940305,0.0191200786229094,0.0974315384342307
"MINDY4",0.169840832447611,0.0191451948382256,0.0975245255273854
"MGST3",0.169832084574438,0.0191514783604427,0.0975245255273854
"MAN1C1",0.169816338402726,0.0191627932069172,0.097532469360165
"SORBS3",0.169804091380283,0.0191715976501172,0.097532469360165
"HAPLN3",0.169798842656379,0.0191753720565477,0.097532469360165
"CCDC69",0.169790094783206,0.0191816641657682,0.097532469360165
"DMRTC1B",0.169692118603664,0.0192522581878679,0.0978381425623458
"HSBP1L1",0.169625634767547,0.0193002894570172,0.0980555511151395
"VRK3",0.1696081390212,0.0193129465171344,0.0980665005856451
"IARS1",0.169583644976315,0.0193306784894741,0.0981298590566508
"ETNK1",0.169504914117755,0.0193877697339089,0.098357885303818
"C10orf53",0.169497915819216,0.0193928515768791,0.098357885303818
"ARCN1",0.169475171348966,0.0194093755410093,0.0983910854566189
"SPATC1",0.169466423475792,0.0194157341604453,0.0983910854566189
"TMEM14B",0.169452426878715,0.0194259117069918,0.0983910854566189
"FAXC",0.169445428580176,0.0194310022139995,0.0983910854566189
"TMA16",0.169440179856272,0.0194348208529378,0.0983910854566189
"RTL5",0.169426183259195,0.0194450070700774,0.0984159761628088
"PROCA1",0.169394690915771,0.0194679429777955,0.0984786844673102
"OS9",0.169394690915771,0.0194679429777955,0.0984786844673102
"HGF",0.169315960057211,0.0195253853493266,0.0987425119913414
"GRIA3",0.169303713034768,0.0195343340170481,0.0987610238501327
"MYG1",0.169219733452304,0.0195957921031579,0.0989913479357797
"BRD3",0.169189990683515,0.0196175986479573,0.0990747085855194
"NDUFC1",0.169177743661072,0.0196265839227922,0.0990932904412187
"HGS",0.169137503444475,0.0196561320785488,0.0991879979870582
"UBE2U",0.169134004295206,0.0196587033038406,0.0991879979870582
"MAPK8",0.169130505145936,0.0196612748205231,0.0991879979870582
"HSCB",0.169102511951782,0.0196818574472483,0.0992495405801667
"COL28A1",0.169092014503974,0.0196895807434419,0.0992495405801667
"TAMALIN",0.169085016205435,0.0196947310660794,0.0992495405801667
"PCDH1",0.169051774287376,0.019719211039849,0.0993193056580959
"ACSS2",0.168985290451259,0.0197682500739237,0.0994858093184043
"TRPC5",0.168969544279547,0.0197798800423937,0.0995021545748554
"CASD1",0.16895554768247,0.0197902227670255,0.0995021545748554
"DDR1",0.1689520485332,0.0197928091799951,0.0995021545748554
"TMEM259",0.168913557891238,0.0198212790518921,0.099612453455628
"GALNT9",0.168885564697083,0.0198420066847194,0.099612453455628
"PHOX2A",0.168868068950736,0.0198549709861636,0.099612453455628
"SYDE1",0.168864569801467,0.0198575647266049,0.099612453455628
"SCNN1A",0.168857571502928,0.0198627530878539,0.099612453455628
"TRNP1",0.168789338092176,0.0199134011677248,0.0997983876243852
"TESC",0.168782339793638,0.0199186021607029,0.0997983876243852
"TACC1",0.168778840644368,0.0199212030982924,0.0997983876243852
"AHNAK",0.168722854256059,0.0199628581159144,0.0999534418693881
"MT1A",0.168696610636539,0.0199824098543316,0.100010770703181
"NUP160",0.16869311148727,0.0199850180051549,0.100010770703181
"EIF2B3",0.168623128501883,0.020037242956868,0.100157556818631
"CCDC3",0.168617879777979,0.0200411645872363,0.100157556818631
"SMIM17",0.168591636158459,0.0200607827085196,0.100207854596718
"ZNF512B",0.168589886583824,0.0200620911742238,0.100207854596718
"MARCHF2",0.168582888285286,0.0200673257759544,0.100207854596718
"CDC25B",0.168498908702822,0.0201302332873089,0.100495118116488
"DTX1",0.168467416359398,0.0201538675774584,0.100565900591348
"SSTR1",0.168465666784763,0.02015518129757,0.100565900591348
"PSEN2",0.168423676993531,0.0201867328260631,0.100696426885565
"RUBCNL",0.168385186351568,0.0202156926084988,0.100813316648699
"METAP1",0.168362441881318,0.0202328221040445,0.100845525918104
"UVRAG",0.168334448687163,0.0202539218044596,0.100923757636096
"STK17A",0.16829945719447,0.0202803232083088,0.101001417663567
"UBR4",0.168203230589563,0.0203530806976924,0.101309737502693
"TTLL1",0.168187484417851,0.0203650079481025,0.101341482730497
"SDR39U1",0.168180486119312,0.020370310889392,0.101341482730497
"UMODL1",0.168114002283195,0.0204207484546189,0.101565352367101
"COPB1",0.168087758663675,0.0204406877448283,0.101637455889886
"SPPL2A",0.168068513342694,0.0204553205948345,0.101675925639983
"REV1",0.16806326461879,0.0204593129446914,0.101675925639983
"ADAM22",0.168019525252923,0.020492608751969,0.101786635324139
"PITPNB",0.168012526954384,0.0204979404291116,0.101786635324139
"GPC2",0.167986283334864,0.0205179449080204,0.10183182011751
"BDH1",0.167961789289979,0.0205366309906075,0.101897481503875
"VPS33B",0.167884808006054,0.0205954545508572,0.102135079445515
"GRIK5",0.167743092460645,0.0207041245456153,0.102646729496658
"ZBTB4",0.167671359900624,0.0207593191229696,0.102872437092534
"NFRKB",0.167669610325989,0.0207606669202056,0.102872437092534
"P3H1",0.167648615430373,0.0207768463902343,0.102925300579315
"SMAP2",0.167638117982565,0.0207849402132443,0.102938091599721
"RAB3GAP1",0.167564635847909,0.0208416733524161,0.10319169976928
"ACD",0.167548889676197,0.0208538478582236,0.103224612403971
"CACNA1I",0.167513898183504,0.0208809243317237,0.103331251409452
"NSA2",0.16742991860104,0.0209460319092362,0.103625984619045
"FBXL5",0.167408923705424,0.0209623361984943,0.103679181897002
"GNG13",0.167368683488827,0.0209936167533938,0.103806403623612
"KCNA3",0.167354686891749,0.0210045064002659,0.103818188532006
"GSTA4",0.167344189443941,0.0210126768393117,0.103818188532006
"ZNF540",0.167293451779536,0.0210522060333543,0.10393774202357
"PCGF1",0.167291702204901,0.0210535702546138,0.10393774202357
"UCHL5",0.167249712413669,0.021086334495439,0.104017005556476
"TRIB3",0.167232216667323,0.0210999992632703,0.104056927974871
"MAP2K4",0.167113245592165,0.021193122807356,0.104488585414514
"CEP135",0.16701002068872,0.0212742087185647,0.104833013727682
"TMEM132A",0.166945286427237,0.0213251958470294,0.105056543824616
"GSKIP",0.166934788979429,0.0213334739701528,0.105069609669455
"MYBPH",0.166891049613563,0.0213679960390868,0.105184157624139
"OR52Z1",0.166819317053541,0.0214247167060851,0.105435575547522
"TTC29",0.166803570881829,0.021437184977378,0.105469142949819
"QPRT",0.166787824710117,0.0214496595157257,0.105502723496364
"SKA2",0.166777327262309,0.0214579793575677,0.105515856367018
"AGO1",0.166730088747173,0.0214954531486005,0.105644495527174
"UTS2B",0.166691598105211,0.0215260291270039,0.10573911624827
"THRB",0.166639110866171,0.0215677841726248,0.105909040675634
"SYNE1",0.166633862142267,0.021571963521638,0.105909040675634
"LAMTOR5",0.166623364694459,0.0215803243178558,0.105922243616367
"RNASE11",0.166604119373477,0.0215956597123791,0.105969196533065
"PPP1R27",0.166597121074939,0.0216012385522262,0.105969196533065
"TXNRD2",0.166549882559803,0.0216389282833771,0.106098352486309
"LRRC24",0.166506143193936,0.0216738767992392,0.106192930210683
"LHCGR",0.166504393619301,0.0216752757530052,0.106192930210683
"VTI1A",0.166488647447589,0.021687869845719,0.106226765601534
"ZNF708",0.166434410633915,0.0217312978716291,0.106292031412954
"SGK3",0.166427412335376,0.0217369069529433,0.106292031412954
"KIF17",0.166416914887568,0.0217453229185142,0.106292031412954
"TSC22D3",0.166415165312933,0.0217467258529073,0.106292031412954
"KRT4",0.166402918290491,0.0217565485818319,0.106304981515263
"ECPAS",0.166397669566587,0.0217607594952265,0.106304981515263
"FZD4",0.16635393020072,0.0217958778110422,0.106448696129452
"ZNF559",0.166318938708027,0.0218240076799046,0.106558213707163
"ASCL3",0.166266451468987,0.0218662612422915,0.106736616560647
"BCAP29",0.16624895572264,0.0218803614461414,0.106777169687383
"ADAM8",0.166241957424101,0.0218860037247431,0.106777169687383
"NANOGNB",0.166206965931408,0.0219142339592123,0.106859068778655
"DHDDS",0.166182471886523,0.0219340138183258,0.106927254760252
"TPM3",0.166175473587984,0.0219396680360509,0.106927254760252
"TKFC",0.166121236774309,0.0219835308920062,0.107085139003419
"MAP10",0.166121236774309,0.0219835308920062,0.107085139003419
"DUSP9",0.166077497408443,0.0220189592681708,0.107229414571629
"ETHE1",0.166070499109904,0.0220246323782806,0.107229414571629
"IGSF21",0.166019761445499,0.0220658001608548,0.107401846182988
"FBXL6",0.16596027590792,0.0221141503793683,0.107581107706456
"DNAJC4",0.165886793773264,0.0221740033005995,0.107788049360228
"TNRC6C",0.165818560362512,0.0222297061020202,0.108030702878306
"MAGEH1",0.165703088436624,0.0223242473897996,0.10836311066649
"TAF6L",0.165699589287354,0.0223271176828365,0.10836311066649
"KRT81",0.16561560970489,0.0223961002709043,0.108669672293949
"AP1S1",0.165577119062928,0.0224277786701937,0.108766864306554
"HNRNPM",0.16556662161512,0.02243642493712,0.108780548319224
"LRRC4",0.165543877144869,0.0224551683771372,0.108828905349393
"TGFBR3",0.1655403779956,0.0224580531814392,0.108828905349393
"SLC39A12",0.16548439160729,0.0225042535331295,0.109017222105938
"PRPH",0.165479142883386,0.0225085890148049,0.109017222105938
"CAPZA1",0.165391664151653,0.0225809531428178,0.109282684865319
"PLBD2",0.165360171808229,0.0226070532863997,0.109380654709016
"CACNG2",0.16532692989017,0.0226346316500591,0.109485724086119
"B3GALT4",0.16522195541209,0.0227219117121865,0.109879446695182
"RNF20",0.165162469874512,0.0227714990695534,0.110090736894377
"NBPF12",0.16514322455353,0.0227875619951846,0.110139882976725
"RAB15",0.165020754329104,0.0228900095984625,0.110548464778446
"PCYOX1",0.165001509008122,0.0229061445396287,0.110548464778446
"TMEM232",0.165001509008122,0.0229061445396287,0.110548464778446
"ALDH18A1",0.164999759433488,0.0229076118383266,0.110548464778446
"POLR1B",0.16498576283641,0.0229193531439524,0.11057655368547
"SH3RF2",0.164914030276389,0.0229796087606655,0.110802466563587
"SPECC1L",0.164908781552485,0.0229840230623099,0.110802466563587
"SAMHD1",0.164809055798309,0.0230680337183695,0.111114106742586
"GAK",0.16480205749977,0.0230739391238961,0.111114106742586
"CAMSAP2",0.164796808775866,0.0230783690326886,0.111114106742586
"UBE2N",0.164796808775866,0.0230783690326886,0.111114106742586
"KPNA2",0.164786311328058,0.023087231048357,0.1111281255307
"VPS53",0.16472682579048,0.0231375045311389,0.1113414157752
"FNDC8",0.164718077917306,0.0231449056381246,0.111348340468216
"LATS1",0.16470058217096,0.0231597139701359,0.111390888000582
"BCAP31",0.164688335148517,0.023170084657751,0.111412075455241
"C16orf46",0.16467083940217,0.0231849068645221,0.111440222029959
"REP15",0.164649844506554,0.0232027042926878,0.111482815891494
"NOX4",0.164634098334842,0.0232160600848393,0.111518296847855
"SMAD3",0.164609604289957,0.0232368489225939,0.111589454995722
"NLGN3",0.164576362371898,0.0232650879883054,0.111689053264874
"DMTF1",0.164571113647994,0.0232695494888426,0.111689053264874
"YBEY",0.164525624707493,0.0233082467017871,0.111788470664852
"GLO1",0.164518626408954,0.023314205035318,0.111788470664852
"GPATCH2",0.164474887043088,0.0233514743455159,0.111909708718721
"NLRP2",0.164317425325968,0.0234860689589771,0.112468159968681
"RPL38",0.164235195318138,0.02355662234622,0.112777103034608
"ZNF500",0.164210701273253,0.0235776734848054,0.112848956945727
"OGDH",0.16414596701177,0.0236333866054874,0.113057666046128
"ACAN",0.164130220840058,0.0236469555666087,0.113086288093244
"MRPL38",0.164124972116154,0.0236514800434896,0.113086288093244
"YWHAE",0.164088231048826,0.0236831722494358,0.113165344176136
"FCHO2",0.164084731899557,0.0236861924600833,0.113165344176136
"GNRHR",0.163981506996112,0.0237754379225563,0.113504621329668
"PRPS1",0.163964011249765,0.0237905929155549,0.113547946151521
"SLC38A6",0.163948265078053,0.0238042395158891,0.113584051404892
"HS2ST1",0.163930769331706,0.0238194103047374,0.113627409157414
"BARX1",0.163906275286821,0.0238406633856181,0.113699752142442
"RIMKLA",0.163836292301434,0.0239014764062514,0.113931590955373
"PHKB",0.163836292301434,0.0239014764062514,0.113931590955373
"IFNE",0.163820546129722,0.0239151777138862,0.113967812958545
"PCDH7",0.163792552935568,0.0239395522792305,0.114025778721476
"CAPNS2",0.16377855633849,0.0239517475745865,0.114054742492334
"METTL5",0.163771558039952,0.023957847226249,0.114054742492334
"RNLS",0.16375581186824,0.0239715763286889,0.11409101924429
"IGDCC4",0.1637033246292,0.0240173888959483,0.114243542623379
"FOXRED2",0.163698075905296,0.0240219742922473,0.114243542623379
"LUC7L2",0.163601849300389,0.0241061734474644,0.114585618555573
"EPC2",0.163577355255503,0.0241276464456149,0.114643917591047
"GPNMB",0.163573856106234,0.0241307153593063,0.114643917591047
"SLC16A9",0.163537115038906,0.0241629592276865,0.114767911123162
"NTM",0.163496874822309,0.0241983164491101,0.114877416879405
"MSANTD1",0.16341114566521,0.0242737910943554,0.115177165263766
"FAM78B",0.16338490204569,0.024296936006878,0.115250398744238
"CHST10",0.163379653321786,0.0243015672657319,0.115250398744238
"POGZ",0.163302672037861,0.0243695796494396,0.115543607396023
"FAM131B",0.163295673739322,0.0243757707003179,0.11554362781704
"ATP7B",0.163281677142245,0.0243881568588043,0.115573006215435
"C2orf69",0.16322744032857,0.0244362043440907,0.115741961027197
"MIEF1",0.163183700962703,0.024475011568138,0.115837637112657
"SEC24D",0.163155707768549,0.0244998759841811,0.115874732712045
"RPS15",0.163150459044645,0.0245045404786316,0.115874732712045
"EIF5",0.163139961596837,0.024513871757619,0.115874732712045
"STK39",0.163125964999759,0.0245263182139077,0.115874909932441
"REEP6",0.163054232439738,0.0245901915905148,0.11611793126282
"SLMAP",0.163026239245583,0.0246151565396866,0.116155082712102
"LAPTM4A",0.163024489670949,0.0246167175719907,0.116155082712102
"PHF20",0.162980750305082,0.0246557710396939,0.116295346433214
"OGT",0.162933511789946,0.0246980085762192,0.116443141693215
"KAAG1",0.162916016043599,0.0247136678793192,0.116465420467869
"LACTB",0.162889772424079,0.0247371728301022,0.1165395406062
"CDC42BPA",0.162872276677733,0.0247528534667472,0.116561848548909
"PRELID2",0.162851281782117,0.0247716815036609,0.116621105057316
"MMP16",0.162828537311866,0.0247920924283049,0.116628997025446
"TRIM47",0.162819789438693,0.0247999466305761,0.116636565921088
"RAPGEFL1",0.162784797945999,0.0248313848215469,0.116726032144111
"TAF8",0.162770801348922,0.0248439696815614,0.116726032144111
"BRD3OS",0.162723562833786,0.0248864840469787,0.11686697914543
"HYDIN",0.162709566236709,0.0248990928923922,0.116867418662558
"PYROXD1",0.162695569639631,0.0249117072252601,0.116897247271095
"SMPDL3A",0.162679823467919,0.0249259049113127,0.116934488852971
"C2orf72",0.162655329423034,0.0249480040162017,0.117008770217625
"FAT1",0.162613339631802,0.0249859273519419,0.117157212961302
"AIM2",0.162592344736186,0.0250049075806614,0.117180470956004
"RELCH",0.162588845586917,0.0250080721557883,0.117180470956004
"ZMYM6",0.162583596863013,0.0250128196634608,0.117180470956004
"S100A16",0.162580097713743,0.0250159850986071,0.117180470956004
"RBM43",0.162553854094223,0.0250397368311472,0.117262318219284
"HOOK2",0.162524111325434,0.0250666788731747,0.117329647778298
"GPX1",0.162513613877626,0.0250761937714454,0.117344774461417
"NAA20",0.162504866004453,0.02508412522258,0.117352485635497
"TMEM9B",0.162363150459045,0.0252129152019387,0.117866434120503
"NARS1",0.162338656414159,0.0252352326486676,0.117911735037907
"VPS50",0.162338656414159,0.0252352326486676,0.117911735037907
"EIF5A2",0.162328158966351,0.0252448024596725,0.117926946157289
"ST8SIA3",0.162214436615098,0.0253486752913637,0.118293818026364
"ABCC11",0.162207438316559,0.0253550794322085,0.118294145260037
"MYADM",0.162154951077519,0.0254031547754606,0.118459255577154
"DMPK",0.162135705756538,0.0254208019956685,0.11850482093475
"VIPR1",0.162130457032634,0.0254256166998042,0.11850482093475
"OCIAD1",0.162114710860922,0.0254400655089168,0.118521226880195
"ELOVL2",0.162105962987749,0.0254480956699901,0.118521226880195
"MCF2",0.16209896468921,0.0254545213651992,0.118521226880195
"MCAT",0.162084968092133,0.0254673769335653,0.118521986446864
"C17orf49",0.162034230427727,0.0255140250934842,0.11866575853256
"CHRNA4",0.162025482554554,0.0255220752868901,0.11866575853256
"TNNT3",0.162025482554554,0.0255220752868901,0.11866575853256
"MTBP",0.162002738084303,0.0255430159923903,0.118726074333968
"PLXNA1",0.161962497867706,0.025580101055662,0.118809740690262
"SNAPC5",0.16194150297209,0.0255994681200075,0.118851522438611
"ZNF208",0.161938949441223,0.0256018245218747,0.118851522438611
"SLC38A2",0.161896014031589,0.0256414732627635,0.118946883918373
"MRPL50",0.161896014031589,0.0256414732627635,0.118946883918373
"PRR12",0.161834778919375,0.0256981120316874,0.119150432051587
"KCNJ10",0.161813784023759,0.0257175557330618,0.119210988054272
"GATM",0.16178404125497,0.0257451225824736,0.119309158647711
"PAPPA",0.161775293381797,0.0257532353024579,0.119317147732251
"VAV3",0.161736802739834,0.0257889573314225,0.119416361642859
"G3BP1",0.16173155401593,0.0257938318091289,0.119416361642859
"MTMR12",0.161710559120314,0.0258133376247637,0.119477049189613
"E2F2",0.161686065075429,0.025836110401542,0.119523209774387
"CAPN7",0.161686065075429,0.025836110401542,0.119523209774387
"FBXO27",0.161665070179813,0.0258556436392168,0.119583952601786
"KDM2A",0.16165282315737,0.025867043876942,0.119607059035843
"TIMM10",0.16154434953002,0.0259682057657972,0.120045101703472
"UBL4A",0.161535601656847,0.0259763787477536,0.120053167407336
"MEIG1",0.161448122925114,0.0260582299748518,0.120401658340013
"CARHSP1",0.161434126328036,0.0260713466742602,0.120417836023006
"PBOV1",0.161430627178767,0.0260746267336173,0.120417836023006
"CUX1",0.161400884409978,0.0261025215283788,0.120516858359457
"GTF2H2C",0.161388637387535,0.0261140150557654,0.120540124859484
"TET3",0.161376390365092,0.0261255129223892,0.120563399885975
"MCM9",0.161344898021668,0.0261550987992401,0.120649560622281
"PGGT1B",0.161322153551418,0.0261764842386743,0.120649560622281
"RBBP6",0.161274915036282,0.0262209480582804,0.120780267716809
"ZNF474",0.161273165461647,0.0262225961091666,0.120780267716809
"PITRM1",0.161271415887012,0.0262242442488574,0.120780267716809
"ENTPD6",0.161215429498703,0.0262770316302966,0.120993550968299
"KCNMB4",0.161145446513316,0.0263431439292997,0.121238185318778
"IP6K1",0.161126201192335,0.0263613497882177,0.121292083923319
"ZNF148",0.161119202893796,0.0263679727739328,0.121292674760091
"PPAT",0.161080712251834,0.0264044246949287,0.121400550369889
"GPHN",0.161050969483044,0.026432621662698,0.121470384392851
"OCIAD2",0.161008979691812,0.0264724730787165,0.121623593411589
"RPS6KA5",0.160989734370831,0.0264907555125661,0.121647737878703
"GTF3A",0.160877761594212,0.0265973407969975,0.122047158900424
"GLCE",0.160842770101519,0.0266307239652432,0.122170326891398
"ITGB4",0.160818276056634,0.0266541135381036,0.122247599321616
"BTN3A2",0.160751792220516,0.0267176882620979,0.12248670201802
"MYOCOS",0.1607307973249,0.0267377914605279,0.122541102654434
"TEKT5",0.160694056257572,0.0267730032390512,0.122643619422924
"DUSP16",0.160690557108303,0.02677635881254,0.122643619422924
"BTN2A2",0.160680059660495,0.0267864276946941,0.122643619422924
"RAB3C",0.160664313488783,0.0268015370991266,0.122682722270414
"SMOX",0.160643318593167,0.0268216943275918,0.122738592898517
"CAPN10",0.160634570719994,0.026830097004546,0.122738592898517
"SLC9A6",0.160631071570724,0.0268334587066098,0.122738592898517
"SFXN3",0.160564587734607,0.0268973996284107,0.123000939143046
"MAP3K21",0.160538344115087,0.0269226753642081,0.123086385581873
"WBP4",0.16052084836874,0.0269395371534939,0.12311933057973
"PRKD1",0.160513850070202,0.0269462844011605,0.12311933057973
"LGALS8",0.160510350920932,0.026949658567677,0.12311933057973
"CCDC50",0.160492855174586,0.0269665348283107,0.123144624382642
"NFE2",0.160484107301412,0.0269749763519697,0.123144624382642
"TCAP",0.16047186027897,0.0269867982868101,0.12314610126798
"XAGE3",0.160470110704335,0.0269884874967788,0.12314610126798
"ZNF17",0.160440367935546,0.0270172179227536,0.12323241022879
"ZNF716",0.16039312942041,0.0270629024291406,0.123334984325678
"TPTE2",0.160379132823332,0.0270764512756102,0.123366626987874
"LCNL1",0.160344141330639,0.0271103488042425,0.123490944943423
"HSPA13",0.160293403666234,0.0271595647564441,0.123594549559296
"IRAK1",0.160293403666234,0.0271595647564441,0.123594549559296
"IPCEF1",0.160282906218426,0.0271697569118946,0.123610811226929
"B3GNT8",0.160251413875002,0.0272003530275453,0.123689747538942
"GPR82",0.160226919830116,0.0272241703942889,0.123767917790589
"KLF3",0.16020942408377,0.0272411937276252,0.123815170128286
"TTC9",0.160198926635962,0.0272514121008719,0.123831477468585
"INKA2",0.160186679613519,0.0272633376831335,0.123855532612552
"THAP4",0.160155187270095,0.0272940239811838,0.123964784015707
"SEPTIN6",0.160134192374479,0.027314497933794,0.124027610846471
"ARPC1A",0.160085204284708,0.0273623216176073,0.124214564543129
"MRPL20",0.160062459814458,0.0273845498201727,0.124285261832697
"TMCC1",0.160018720448591,0.0274273398030796,0.124449222099688
"GGT7",0.160011722150052,0.0274341915076534,0.124450075442539
"CARMIL2",0.159983728955898,0.0274616129760111,0.124544216595431
"OR9A4",0.159974981082724,0.0274701869936046,0.12455285561849
"TBL1XR1",0.159959234911012,0.0274856259981703,0.124592609500444
"RGS17",0.159927742567588,0.0275165262841485,0.124702413220761
"SLC35A2",0.159857759582202,0.0275853000280319,0.124983761116818
"WARS1",0.159826267238778,0.0276162961623961,0.125093850868035
"PDZRN3",0.15981576979097,0.0276266348268334,0.125110337542663
"COG8",0.159682802118735,0.0277578781266631,0.125660301256197
"SH3RF3",0.159672304670927,0.0277682621163165,0.125660301256197
"ARFGAP1",0.159672304670927,0.0277682621163165,0.125660301256197
"CCAR2",0.159640812327503,0.0277994340241154,0.125770889010266
"GSK3B",0.159614568707983,0.0278254334729471,0.125858027498368
"CA9",0.159607570409444,0.0278323701707754,0.125858921382422
"ZNF280C",0.159574328491386,0.0278653396871141,0.125977507624436
"NOSIP",0.159558582319674,0.0278809684810888,0.12601765908829
"RNF128",0.159532338700154,0.027907033130521,0.12610494816008
"OR10AG1",0.159518342103076,0.027920942795519,0.126137282933989
"CDK13",0.15950084635673,0.0279383382140387,0.126185345703842
"FAM98B",0.159446609543055,0.0279923229219871,0.126361111832344
"C6orf201",0.159441360819151,0.0279975519791305,0.126361111832344
"PWP2",0.159408118901092,0.0280306887413756,0.126480102182636
"IGFBP5",0.159360880385956,0.0280778355078915,0.126662235735599
"WDR53",0.159338135915705,0.0281005599735091,0.126734136214744
"CSGALNACT1",0.159292646975204,0.0281460560806828,0.126908677779535
"TMEM50A",0.159268152930319,0.028170580057492,0.126988595982071
"SLC9A7",0.159192921221028,0.028246017947744,0.127267221035481
"FAM240A",0.159089696317583,0.0283498067161908,0.127642475947825
"DPYSL2",0.159052955250255,0.0283868270500718,0.127778351888923
"ZNF182",0.159042457802447,0.0283974118736322,0.127780287208851
"APBA2",0.159038958653177,0.0284009408976194,0.127780287208851
"SEPHS1",0.158991720138041,0.0284486194162665,0.127933160659329
"OR56A3",0.158932234600463,0.0285087563138651,0.128111052193875
"ZDHHC8",0.15886750033898,0.0285743227955798,0.128344933166009
"EVI5L",0.158862251615076,0.0285796446388348,0.128344933166009
"MARCHF7",0.158860502040441,0.0285814187747608,0.128344933166009
"PTBP2",0.158832508846287,0.0286098177489742,0.128428698507607
"PRKD3",0.158816762674575,0.0286258027635088,0.128428698507607
"KIAA0895L",0.15881501309994,0.0286275793471391,0.128428698507607
"CD52",0.158759026711631,0.0286844797796405,0.128622171516103
"EYA3",0.158748529263823,0.0286951593593656,0.128639173354659
"USP31",0.158638306061839,0.028807500163485,0.128957064490232
"GPR12",0.158629558188665,0.028816432167732,0.128966136392179
"DHX9",0.158594566695972,0.0288521838419504,0.129059578973659
"ZMYND15",0.158585818822799,0.0288611276772586,0.129059578973659
"PNPO",0.158575321374991,0.028871863405009,0.129059578973659
"BTBD18",0.158575321374991,0.028871863405009,0.129059578973659
"TRIL",0.158479094770084,0.0289704332607719,0.12943823243497
"LRATD1",0.158437104978852,0.0290135355320596,0.129537841165849
"PGBD1",0.158437104978852,0.0290135355320596,0.129537841165849
"IMMP2L",0.158417859657871,0.0290333090317197,0.129595143278297
"FBN2",0.158353125396388,0.0290999043585284,0.129826903059517
"PHPT1",0.158335629650041,0.0291179254659446,0.129826903059517
"ATP9B",0.158330380926137,0.0291233336557164,0.129826903059517
"RPL7L1",0.158328631351503,0.0291251365761945,0.129826903059517
"MTRFR",0.158319883478329,0.0291341526079195,0.129828068266644
"ADNP2",0.158307636455887,0.0291467790551845,0.129838453703726
"TMEM207",0.158281392836367,0.0291738514592135,0.129897090352335
"LDHA",0.158277893687097,0.0291774627344209,0.129897090352335
"MFSD12",0.158269145813924,0.0291864925919676,0.12990632403422
"MTPAP",0.158256898791481,0.02919913840017,0.129931643736377
"LYRM9",0.158214909000249,0.0292425309706352,0.13006275503872
"LSM6",0.158118682395343,0.0293421799253176,0.130412792071688
"VAMP4",0.158109934522169,0.0293512532747189,0.130422080932346
"PEX13",0.158071443880207,0.0293912044640341,0.130561699518027
"PAG1",0.158066195156303,0.0293966559473819,0.130561699518027
"TCP11L1",0.158050448984591,0.0294130155750475,0.130603299781167
"CETN2",0.158031203663609,0.0294330212258614,0.130661065941095
"ARF5",0.157899985566009,0.0295697331100055,0.131205591723084
"CCDC27",0.157871992371855,0.029598968324648,0.131304116967013
"TPRG1",0.157833501729892,0.0296392070065776,0.131397106512183
"TMEM168",0.157784513640121,0.0296904873594383,0.131585083513258
"DIPK1A",0.157774016192313,0.0297014858475326,0.131590194451913
"OLFM3",0.157756520445967,0.0297198243841385,0.131590194451913
"ANKRD28",0.157707532356196,0.0297712236762419,0.131755301748221
"RNASEH2A",0.157676040012772,0.0298043061000724,0.131870462147584
"OR4K13",0.157621803199097,0.029861354884364,0.132068449417344
"MED22",0.157620053624463,0.0298631967171473,0.132068449417344
"EMC10",0.157593810004943,0.0298908358369929,0.132136254939553
"EID2",0.157592060430308,0.0298926792203689,0.132136254939553
"ASIC2",0.157522077444921,0.029966494093238,0.132431198221797
"GNPTAB",0.157509830422479,0.0299794276625016,0.132457012307755
"CFAP99",0.15750283212394,0.0299868204103332,0.132458339163525
"WDR47",0.157480087653689,0.0300108575769806,0.132533170042017
"PCMTD1",0.157455593608804,0.0300367621274706,0.132593037055816
"ZNF781",0.157453844034169,0.0300386131817926,0.132593037055816
"ZBTB38",0.157368114877071,0.0301294340643381,0.132962502501318
"CAMK1",0.157306879764857,0.0301944493538814,0.133171425704417
"PIK3R3",0.157303380615588,0.0301981681226283,0.133171425704417
"PPM1H",0.157264889973625,0.0302391003526783,0.133288987063163
"OIP5",0.157249143801913,0.0302558589811216,0.133331387997033
"CPXCR1",0.15724039592874,0.0302651727504494,0.133340968692473
"ZSCAN29",0.157215901883854,0.0302912643062469,0.133424446269686
"F11",0.15718440954043,0.0303248387604454,0.133509356126845
"AADAT",0.15718440954043,0.0303248387604454,0.133509356126845
"ARL16",0.15713192230139,0.0303808666638846,0.133661499602994
"BCS1L",0.157107428256505,0.0304070431939009,0.13368218895699
"KCNJ13",0.157081184636985,0.0304351108018347,0.133774094924704
"PATJ",0.157005952927694,0.0305156936652079,0.134065183460697
"PIKFYVE",0.156991956330617,0.0305307058654268,0.134099591425849
"PPP1R12C",0.156944717815481,0.0305814185055089,0.134267436731088
"COPS5",0.156942968240846,0.0305832981288311,0.134267436731088
"TTC8",0.156911475897422,0.0306171481829945,0.134384455808603
"PSG8",0.156893980151076,0.0306359675565775,0.134435462896297
"FCRL2",0.156813499717881,0.0307226636512795,0.134752575470008
"ERVW-1",0.156799503120804,0.0307377625455735,0.134787145644783
"FAM136A",0.156766261202745,0.0307736477532554,0.134881165322647
"CCL23",0.156745266307129,0.0307963304753046,0.134948913176159
"TSHZ1",0.156724271411513,0.0308190274355843,0.13501669162256
"GRXCR2",0.15668927991882,0.0308568873620589,0.135119162572992
"SPIN2A",0.156661286724665,0.03088720381514,0.135196817683401
"ZNF114",0.156642041403684,0.0309080610874225,0.135216432154768
"BAIAP2",0.156586055015374,0.0309688049979918,0.13537504278319
"ZSCAN23",0.156575557567566,0.0309802057908412,0.13537504278319
"DNAJC28",0.156573807992932,0.0309821062703908,0.13537504278319
"FARP1",0.156570308843662,0.0309859075273043,0.13537504278319
"TNNT1",0.156568559269028,0.0309878083046763,0.13537504278319
"SH2B1",0.156470583089486,0.0310944104095786,0.135785553784535
"WDFY3",0.156468833514852,0.0310963168524554,0.135785553784535
"SLC25A22",0.156425094148985,0.0311440102760859,0.135962023355816
"RORB",0.156411097551908,0.0311592853174431,0.135996918109037
"PQBP1",0.15634461371579,0.031231928888317,0.136250292903109
"TMEM170A",0.156332366693348,0.0312453263102955,0.136276906625661
"TRIP11",0.156215145192825,0.0313738064459237,0.13677339149955
"CRAMP1",0.15619065114794,0.0314007097555149,0.136858729380162
"B9D1",0.156131165610361,0.0314661281111189,0.137002385641673
"HDAC9",0.156129416035726,0.0314680539347004,0.137002385641673
"PPM1E",0.156124167311822,0.031473832007226,0.137002385641673
"SUCLA2",0.156120668162553,0.0314776845571011,0.137002385641673
"MTFR1",0.15610842114011,0.0314911716417793,0.137029152279094
"CEP192",0.156101422841572,0.0314988807547598,0.137030770318168
"ACTRT1",0.156052434751801,0.0315528895208917,0.137218595729704
"ICA1L",0.156026191132281,0.031581855185074,0.137295793164908
"GRK4",0.155940461975182,0.0316766340622176,0.137613375397016
"DNAAF6",0.155933463676644,0.0316843817844919,0.137613375397016
"IFNAR2",0.155933463676644,0.0316843817844919,0.137613375397016
"C1R",0.155914218355662,0.0317056963331985,0.137673932740947
"PSMA1",0.155880976437604,0.0317425411007119,0.137747942611379
"ITPKB",0.155877477288334,0.0317464216150623,0.137747942611379
"SPRR2G",0.155873978139065,0.0317503025329218,0.137747942611379
"PPFIA1",0.15587222856443,0.0317522431431776,0.137747942611379
"CD200",0.155816242176121,0.0318143959631275,0.137978774050602
"BRMS1L",0.155810993452217,0.0318202280914512,0.137978774050602
"ZNF121",0.155800496004409,0.0318318950760576,0.137997324150523
"OR6A2",0.15579349770587,0.0318396750868577,0.137999018779799
"ESPNL",0.155735761742926,0.03190392190442,0.138245393384443
"GFRA2",0.155716516421945,0.0319253619949412,0.138306207519722
"RELT",0.155679775354617,0.0319663271016665,0.138451559589686
"CNBP",0.155651782160462,0.031997568605052,0.13855473945466
"MARCHF10",0.15563603598875,0.0320151533572773,0.138598749211987
"ASZ1",0.155594046197518,0.0320620862073191,0.138769761763126
"MLLT1",0.155571301727268,0.0320875325834579,0.138815556759013
"ZNFX1",0.15556080427946,0.0320992828547515,0.13883423033704
"DNAJC22",0.155532811085305,0.0321306347977855,0.138902282805361
"OVGP1",0.155525812786766,0.032138476850013,0.138902282805361
"PAIP2",0.155515315338958,0.032150242979265,0.138902282805361
"IFITM5",0.155513565764324,0.0321522043567989,0.138902282805361
"MAP3K12",0.155494320443342,0.0321737862242747,0.138963374543144
"PRDM2",0.155445332353572,0.0322287774646901,0.139097683422073
"ITFG1",0.155440083629668,0.0322346741192297,0.139097683422073
"ERLIN1",0.155394594689166,0.0322858168844109,0.139247334956878
"ZBTB41",0.155336858726222,0.0323508281619663,0.139437818313612
"TANC2",0.155315863830606,0.0323744961952101,0.139475453504439
"MBD1",0.155315863830606,0.0323744961952101,0.139475453504439
"ATG5",0.155254628718393,0.032443612030773,0.139740982077195
"CTSK",0.155244131270585,0.0324554730410646,0.139759837333392
"SLC25A48",0.155217887651065,0.0324851416890605,0.139855349512424
"FAM222B",0.15516365083739,0.0325465299307008,0.140022804189304
"DHRS7",0.155151403814947,0.0325604054251131,0.140050237613867
"HS6ST2",0.155069173807118,0.032653699687235,0.140386854364365
"KLC4",0.154962449754403,0.0327751222859413,0.140875352502267
"SHROOM3",0.154951952306595,0.0327870861823991,0.140875352502267
"ABCC10",0.154941454858787,0.0327990537881261,0.140875352502267
"MAPK15",0.154939705284153,0.0328010487497663,0.140875352502267
"SLC12A8",0.154936206134883,0.0328050389822425,0.140875352502267
"TSHR",0.154909962515363,0.0328349788697857,0.140939109485663
"GLG1",0.154883718895843,0.0328649419624223,0.141020055351249
"LRRC49",0.154880219746574,0.0328689387954587,0.141020055351249
"CLEC3A",0.154832981231438,0.032922936459035,0.141219283718176
"MKNK1",0.154721008454819,0.033051231920134,0.141665285968306
"SSMEM1",0.154715759730915,0.033057256171015,0.141665285968306
"THPO",0.154701763133838,0.0330733253982894,0.141688279771534
"OVCH2",0.154696514409934,0.0330793530681809,0.141688279771534
"FAM155A",0.154644027170894,0.0331396810848518,0.141823254798509
"GSTM2",0.154635279297721,0.0331497448301802,0.141833822324959
"NUP88",0.154525056095737,0.0332767704871568,0.142344701240985
"CHSY3",0.154505810774755,0.03329899188488,0.142367863799128
"UBE2G1",0.154500562050851,0.0333050544516164,0.142367863799128
"H2AP",0.154484815879139,0.0333232477734915,0.142380456512864
"RPS6KL1",0.154472568856697,0.0333374039662888,0.14238643311501
"CD38",0.154463820983523,0.0333475186573707,0.14238643311501
"MTRNR2L8",0.154437577364003,0.0333778783601782,0.142450926932059
"DENND11",0.154253872027363,0.0335910538055389,0.14327987288972
"VGF",0.154250372878094,0.0335951254756952,0.14327987288972
"ADCY8",0.154231127557113,0.0336175271475975,0.143342679682313
"ALAD",0.154215381385401,0.0336358652139661,0.143388134840454
"PCSK5",0.154204883937593,0.03364809530602,0.143407537182846
"H2AC7",0.15419263691515,0.0336623685149888,0.143435636410206
"DCTN4",0.154176890743438,0.0336807273311945,0.143481127654514
"NGDN",0.154162894146361,0.0336970534094099,0.143485218758354
"OARD1",0.154122653929763,0.0337440282865416,0.143652489692148
"NRBP2",0.15408766243707,0.0337849211496025,0.143791292470876
"TMEM184B",0.154075415414627,0.0337992435793425,0.143791292470876
"C2orf50",0.154073665839993,0.0338012900611074,0.143791292470876
"CDYL2",0.154068417116089,0.0338074301370539,0.143791292470876
"GIPR",0.154038674347299,0.0338422417741455,0.143906581824668
"RGS11",0.154015929877049,0.0338688829485363,0.143973835880944
"ANGEL2",0.154010681153145,0.0338750334373502,0.143973835880944
"TMEM63C",0.153984437533625,0.0339058000931067,0.144045660268167
"CHMP7",0.153907456249699,0.0339961857040835,0.14436397549101
"COA6",0.153884711779449,0.034022929615586,0.144411871250155
"CFAP20DC",0.153814728794062,0.0341053305011059,0.144722103282208
"USB1",0.153788485174542,0.0341362744285661,0.144794245111947
"KCNJ3",0.153769239853561,0.0341589817681907,0.144857662012427
"HTR6",0.153751744107214,0.0341796359160719,0.144912345146097
"PPP1R12A",0.153732498786233,0.0342023677069137,0.144951673612227
"N4BP2L2",0.153730749211598,0.0342044348687667,0.144951673612227
"MCF2L",0.153674762823289,0.034270639996642,0.145161916940017
"ANKRD12",0.153666014950115,0.0342809943543498,0.145161916940017
"CLDN18",0.153662515800846,0.0342851368399238,0.145161916940017
"CYB5R3",0.153652018353038,0.034297566842762,0.145181631540214
"COA3",0.15364152090523,0.0343100006654747,0.145201353371494
"ALDH2",0.153629273882787,0.0343245116210707,0.1452298547882
"SCMH1",0.153622275584249,0.034332805931165,0.145229885616608
"LRRC28",0.153608278987171,0.0343493996481875,0.145229885616608
"TRPV1",0.153603030263267,0.0343556240444515,0.145229885616608
"MED6",0.153564539621305,0.0344012988360105,0.145357162231071
"TMED5",0.153550543024227,0.0344179206067182,0.145363858695869
"PODNL1",0.153545294300323,0.0344241555253851,0.145363858695869
"S100A14",0.153524299404707,0.0344491047737577,0.145394684916316
"KRTAP19-6",0.153503304509091,0.0344740693454669,0.145443095824046
"TPGS2",0.153491057486649,0.0344886390915674,0.145462923142302
"POLQ",0.153438570247609,0.0345511399810475,0.145693630680976
"TUT4",0.153389582157838,0.0346095607150341,0.145907032937692
"CD200R1L",0.15332659747099,0.0346847960573378,0.146162797869615
"PLGLB2",0.153319599172451,0.0346931640869834,0.146162797869615
"CNKSR1",0.153317849597817,0.0346952563616366,0.146162797869615
"LNPEP",0.153312600873913,0.034701533827044,0.146162797869615
"HECTD2",0.153267111933411,0.0347559788472971,0.14632888372726
"MYNN",0.153249616187065,0.0347769385004505,0.14632888372726
"OR2B2",0.153240868313891,0.0347874223418283,0.14632888372726
"DMD",0.153233870015353,0.0347958113425125,0.14632888372726
"TBC1D32",0.15322162299291,0.0348104962174531,0.146357682880944
"ZNF37A",0.153149890432888,0.034896613095714,0.1466867310771
"AP3B2",0.153132394686542,0.0349176445646388,0.146742108435912
"CCDC160",0.15308690574604,0.0349723766336658,0.146939056470268
"GSTP1",0.153057162977251,0.0350082022578235,0.147056496933674
"ANKRD31",0.15303791765627,0.0350314001022802,0.14712085187996
"TRAPPC12",0.152987179991864,0.035092620464288,0.14734482459331
"F8A2",0.152980181693326,0.0351010717578652,0.147347182771385
"POLDIP2",0.152966185096248,0.0351179795155661,0.147351917643836
"SPRY4",0.152966185096248,0.0351179795155661,0.147351917643836
"POU6F2",0.152890953386958,0.0352089769123374,0.147700550946723
"POGK",0.152869958491342,0.0352344071367404,0.147774037207672
"NSMAF",0.152834966998648,0.0352768254009111,0.147885519907388
"ZNF707",0.152780730184974,0.0353426591463797,0.148095019568721
"ARL3",0.152770232737166,0.0353554131672126,0.14809982294456
"EFTUD2",0.152766733587896,0.0353596653731951,0.14809982294456
"SURF6",0.152715995923491,0.0354213710250754,0.148291756391909
"KSR1",0.152630266766392,0.0355258394080917,0.148695781440054
"FAM189A2",0.152604023146872,0.0355578716091884,0.148796506872777
"GBE1",0.15259177612443,0.0355728283325012,0.148821668860122
"SARAF",0.152555035057102,0.0356177304509105,0.148913528968257
"HINT3",0.152500798243427,0.0356841021839843,0.149157630346484
"KLHL13",0.152462307601464,0.0357312681669264,0.149287956215999
"ALMS1",0.152418568235598,0.0357849298918786,0.149478718555295
"HELQ",0.152341586951672,0.035879540131594,0.149806906214543
"PRPF4",0.15227335354092,0.035963576021801,0.150124216759758
"MOXD1",0.152227864600419,0.0360196923911092,0.15032486594332
"IMP4",0.15219462268236,0.0360607473260779,0.150462582006664
"SLX1A",0.152154382465763,0.0361104983488172,0.150602873417265
"FOXL2NB",0.152105394375992,0.0361711431463024,0.15075480236562
"CCDC80",0.152051157562318,0.0362383860391245,0.151001360478958
"GPM6B",0.152035411390606,0.0362579279557978,0.151042541128783
"ISG20L2",0.151981174576931,0.036325307217899,0.151262304927867
"FAM71F2",0.151951431808142,0.0363623020591303,0.151382602152545
"ING3",0.151888447121294,0.0364407492305976,0.151675380572909
"ZGPAT",0.15185695477787,0.0364800264346185,0.151764653783547
"USP2",0.151851706053966,0.036486576113093,0.151764653783547
"FJX1",0.151811465837368,0.0365368233449232,0.151939815807122
"VPS72",0.15177822391931,0.0365783760302864,0.15207875127819
"OSBPL10",0.151741482851982,0.0366243491438054,0.152202123856188
"COL6A1",0.151734484553443,0.0366331114615593,0.152204669556414
"PEAK1",0.151704741784654,0.0366703710798463,0.152285173696964
"C3orf36",0.15169949306075,0.0366769496299499,0.152285173696964
"CCKBR",0.151640007523171,0.0367515762588823,0.15256111096041
"PNPLA1",0.15161726305292,0.0367801438578324,0.152645770375306
"MAGEL2",0.151563026239246,0.0368483423209239,0.1528948325229
"CHCHD4",0.151503540701667,0.0369232634535814,0.15310365636303
"BET1",0.151470298783608,0.0369651871684464,0.153243470712077
"CACFD1",0.151400315798222,0.0370535790724427,0.153541744565551
"PRTG",0.151370573029432,0.0370911996572475,0.153621859091324
"TAS1R2",0.151361825156259,0.0371022706729282,0.153621859091324
"COTL1",0.151351327708451,0.0371155595757403,0.153621859091324
"NEURL2",0.151344329409912,0.0371244210774339,0.153621859091324
"CBLIF",0.151330332812835,0.0371421494416179,0.153621859091324
"HAUS7",0.1513285832382,0.037144365989799,0.153621859091324
"ODF3B",0.151323334514296,0.037151016304656,0.153621859091324
"TAMM41",0.151311087491854,0.0371665376167001,0.153621859091324
"MDM2",0.151300590044046,0.037179845956992,0.153621859091324
"RAB10",0.151300590044046,0.037179845956992,0.153621859091324
"STX3",0.151290092596238,0.037193158321527,0.153642872110781
"SPRTN",0.151263848976718,0.0372264568449953,0.153693032171021
"FADS2",0.151248102805006,0.0372464480405891,0.153693032171021
"RBP2",0.15122360876012,0.0372775634750925,0.153787447638795
"CCDC15",0.15120086428987,0.0373064760295558,0.153872735496463
"CXXC4",0.151193865991331,0.0373153760086953,0.153875460882843
"LDB1",0.151179869394253,0.0373331813454443,0.153914899516008
"PPP1R36",0.151164123222541,0.0373532209235175,0.15395709283071
"ZNF250",0.151158874498637,0.0373599028008556,0.15395709283071
"DNAI1",0.151143128326926,0.0373799544884309,0.154005742339717
"KCNA4",0.151129131729848,0.0373977858381847,0.154045224595046
"F9",0.151115135132771,0.0374156243690152,0.154050749716871
"CRK",0.151115135132771,0.0374156243690152,0.154050749716871
"NISCH",0.151081893214712,0.0374580196729793,0.154157332616254
"AJM1",0.151071395766904,0.0374714160863196,0.154178490158208
"F8",0.151053900020557,0.0374937524300132,0.154230017039351
"FIP1L1",0.151048651296653,0.037500455524507,0.154230017039351
"TOP2B",0.150969920438093,0.0376011234005816,0.154575958756166
"CLCN7",0.150947175967843,0.0376302476624309,0.154627613936977
"SRRM5",0.150919182773688,0.0376661190437365,0.154740967721254
"CNTN3",0.150857947661475,0.0377446883167178,0.154995558268035
"TMEM70",0.150850949362936,0.037753676462586,0.154998386813642
"TBC1D9B",0.150828204892685,0.0377829004121049,0.155050197340468
"RALA",0.150805460422435,0.0378121434489883,0.155136114027528
"VIM",0.150770468929741,0.0378571700294554,0.155264735136692
"UAP1",0.150761721056568,0.0378684337410384,0.155264735136692
"PPP1R3C",0.150749474034125,0.037884207687848,0.155295316676525
"DDT",0.150721480839971,0.0379202832429298,0.155409087084696
"CCDC124",0.150670743175565,0.0379857440652995,0.155636834400906
"GRIFIN",0.150637501257507,0.038028683862435,0.155750811362903
"ASIC5",0.150630502958968,0.0380377290357024,0.155753700388243
"PIGS",0.150611257637987,0.0380626126209564,0.155821427731035
"ARPC4",0.150583264443832,0.0380988314393617,0.155885732082551
"SYT16",0.150579765294563,0.0381033608351277,0.155885732082551
"IFIT1",0.150537775503331,0.0381577490232257,0.156074051852336
"DNAAF5",0.150481789115021,0.038230368455361,0.156336842844826
"SYNRG",0.150464293368675,0.0382530859184683,0.156395497507293
"PALLD",0.150371565913037,0.0383736786312194,0.156785565984829
"KPNA6",0.150355819741325,0.0383941884464464,0.156835053242746
"GGPS1",0.15033132569644,0.0384261109759028,0.156931128052911
"UPP1",0.150312080375459,0.0384512086608159,0.156999294479536
"PRKAG2",0.150275339308131,0.0384991608041449,0.157160727252068
"GLRX",0.150222852069091,0.0385677513202596,0.157371930010305
"DMXL1",0.150205356322744,0.038590637707078,0.157390178898058
"C16orf70",0.150205356322744,0.038590637707078,0.157390178898058
"HSD3B7",0.15020010759884,0.0385975058552745,0.157390178898058
"PCYT1B",0.150191359725667,0.0386089550588406,0.15740249829271
"C10orf62",0.150145870785165,0.0386685370787551,0.157576608876899
"GSTA1",0.150093383546125,0.0387373818545129,0.157753890866743
"SLAMF9",0.150070639075875,0.0387672466582969,0.157841094089896
"CLIP4",0.150058392053432,0.0387833357427929,0.157865850410832
"C1orf109",0.150053143329528,0.0387902327872836,0.157865850410832
"KLHL29",0.150026899710008,0.0388247335176918,0.157937426089395
"POMK",0.149953417575352,0.0389214731705507,0.158227564852679
"INTS11",0.149850192671907,0.0390577123744276,0.15860248108079
"ATN1",0.149844943948003,0.03906465051251,0.15860248108079
"YIF1B",0.149799455007501,0.0391248245507494,0.158743259463349
"EDF1",0.149799455007501,0.0391248245507494,0.158743259463349
"CANX",0.149741719044557,0.039201311727143,0.159019048179001
"DUSP26",0.149722473723576,0.0392268354272465,0.159088030062813
"ZFP64",0.149704977977229,0.0392500509369564,0.159147622948024
"IMPDH2",0.149678734357709,0.0392848959005626,0.159219773402541
"KLF10",0.149664737760632,0.039303490532554,0.159235446439771
"H3-2",0.149619248820131,0.0393639742909976,0.159436474486808
"ZFX",0.149607001797688,0.0393802717670379,0.159467900156375
"VN1R2",0.149594754775245,0.0393965749253547,0.15949933520614
"TTC23",0.149579008603533,0.0394175444807773,0.159549644716731
"DECR1",0.149519523065955,0.0394968476490643,0.159785645723243
"LINGO2",0.149516023916685,0.0395015167222216,0.159785645723243
"ANKRD6",0.149498528170339,0.0395248690601948,0.159845486047682
"TAS2R19",0.14946528625228,0.0395692705287174,0.159990408398858
"LCT",0.149432044334221,0.0396137139880311,0.160135437757677
"LHFPL1",0.149390054542989,0.0396699131611477,0.16023031457797
"SMARCAL1",0.14938655539372,0.0396745994538888,0.16023031457797
"OGA",0.149381306669816,0.0396816297668695,0.16023031457797
"HDAC11",0.149379557095181,0.0396839734375789,0.16023031457797
"RNF216",0.149369059647373,0.0396980379091572,0.160233532740743
"ACTR3B",0.149346315177123,0.03972852532709,0.160321940148819
"CYP2F1",0.149306074960525,0.0397825128895475,0.160505122213262
"NEDD9",0.14928158091564,0.0398154051099652,0.160596889679467
"LRRC19",0.149276332191736,0.0398224564203047,0.160596889679467
"ZSCAN25",0.149243090273677,0.0398671391330303,0.160742377039826
"ZNF329",0.149206349206349,0.039916574376967,0.160894478194529
"NBEA",0.149201100482445,0.0399236407644518,0.160894478194529
"SYAP1",0.149195851758541,0.0399307082047357,0.160894478194529
"ARMCX5",0.149173107288291,0.0399613459478607,0.16098319605743
"ZNF12",0.149141614944866,0.0400038000966837,0.161059504186257
"FUNDC1",0.149139865370232,0.0400061597729731,0.161059504186257
"RPS6KA3",0.149113621750712,0.0400415689754676,0.161167315126257
"NHSL1",0.149083878981923,0.0400817312832102,0.161259460026978
"ZNF354B",0.149064633660941,0.0401077367171891,0.161329332528586
"DSP",0.149057635362402,0.0401171967579041,0.161332637091003
"LANCL3",0.149024393444344,0.0401621575941506,0.161478677121282
"SLBP",0.149008647272632,0.0401834696254438,0.161494830799395
"MDM1",0.148975405354573,0.0402284929395889,0.161615747824323
"CTTNBP2NL",0.148973655779938,0.0402308637628655,0.161615747824323
"RPS6KA2",0.148957909608226,0.0402522064624986,0.161641476531049
"CATSPER3",0.148942163436514,0.0402735586866402,0.161682928209736
"IL4I1",0.148877429175032,0.0403614401871225,0.162000914879583
"NT5C1A",0.148823192361357,0.0404351947731348,0.162192374910452
"ILK",0.148744461502797,0.040542459567699,0.16251791691057
"HIVEP3",0.148669229793506,0.040645180519587,0.162824837276664
"OR6V1",0.148613243405197,0.0407217659727215,0.163071276796539
"HSDL1",0.148611493830562,0.0407241612218387,0.163071276796539
"HOXB8",0.148566004890061,0.0407864792899351,0.163285806477777
"ZNF561",0.148548509143714,0.0408104691161787,0.163346832664756
"MAPK12",0.148471527859789,0.0409161653253378,0.163699722282778
"OR10J1",0.148443534665634,0.0409546573188884,0.163783550339949
"CNTNAP5",0.148443534665634,0.0409546573188884,0.163783550339949
"RBIS",0.148424289344653,0.0409811382169155,0.163854364662623
"BZW1",0.148408543172941,0.0410028151094326,0.163905944987963
"WBP1L",0.148399795299768,0.0410148619911475,0.163906656889232
"CSRP3",0.148394546575864,0.0410220915480135,0.163906656889232
"ZNF843",0.14838929785196,0.0410293221759028,0.163906656889232
"RANBP9",0.148345558486093,0.041089619075169,0.164112430677471
"ZFTA",0.148293071247053,0.0411620736393839,0.164366663948927
"APCDD1L",0.148252831030456,0.0412176948203867,0.164553584537311
"YAP1",0.148177599321165,0.0413218516594124,0.164934152936778
"SVOP",0.148163602724088,0.0413412540536572,0.164973610034695
"CCDC182",0.148156604425549,0.0413509581206864,0.164973610034695
"LENG8",0.148107616335778,0.041418940187889,0.165109952390398
"SH3BGRL2",0.148067376119181,0.0414748528156908,0.16529755680449
"PARP2",0.148013139305506,0.0415503136204027,0.165457069760051
"GLT1D1",0.147950154618658,0.0416380902102137,0.165700612138494
"FAM216B",0.147922161424504,0.041677151987674,0.165785407991864
"CTXN2",0.147895917804984,0.0417138003492663,0.165860535516904
"LYRM1",0.147881921207906,0.0417333572053091,0.165902975556908
"TMEM229A",0.147792692901538,0.0418582132463548,0.166338249121107
"B3GLCT",0.147790943326904,0.041860664535725,0.166338249121107
"SCNN1D",0.147696466296632,0.0419932132628526,0.166793970841564
"CNTNAP2",0.147666723527842,0.0420350144163355,0.166889015569618
"FAF1",0.147622984161976,0.0420965501499571,0.16707567203154
"CYTH3",0.147614236288802,0.0421088663660557,0.16707567203154
"FAM32A",0.147594990967821,0.0421359726882146,0.167090134655596
"PRDM10",0.147594990967821,0.0421359726882146,0.167090134655596
"CYP20A1",0.147591491818552,0.0421409026835861,0.167090134655596
"CDCA2",0.147586243094648,0.0421482985844138,0.167090134655596
"MAPKAP1",0.147528507131704,0.0422297254223835,0.167341895181081
"KAT2B",0.147507512236088,0.0422593678957888,0.16742383428548
"WIPI2",0.147476019892664,0.0423038643452536,0.16756457486998
"ODF2",0.147427031802893,0.0423731591892367,0.167767886584309
"TLK2",0.147420033504354,0.0423830662233535,0.167771544041405
"GTF2A2",0.147402537758008,0.0424078423122,0.167798487928527
"CCNYL1",0.147376294138488,0.0424450292309169,0.167884304165972
"CCER1",0.147374544563853,0.0424475093313193,0.167884304165972
"SLC30A7",0.147323806899448,0.0425194851510638,0.168062202048946
"COL25A1",0.147294064130658,0.0425617254567275,0.168193564246687
"NPFFR2",0.147264321361869,0.0426040009600256,0.168325009927954
"BAK1",0.147147099861346,0.0427709593214624,0.168872681745939
"UBA2",0.147141851137442,0.0427784478863963,0.168872681745939
"SERHL2",0.147140101562808,0.0427809443190599,0.168872681745939
"CENPT",0.147129604115,0.0427959254810522,0.168872681745939
"F5",0.147122605816461,0.042805915366528,0.168872681745939
"TMEM54",0.147108609219384,0.0428259010047184,0.168915845230015
"ZNF282",0.14707711687596,0.0428708973038838,0.169057617830941
"CRLF1",0.147045624532536,0.0429159332425944,0.169128079603016
"METAP2",0.147045624532536,0.0429159332425944,0.169128079603016
"HMGN4",0.147026379211554,0.0429434747302113,0.169162935109558
"PRPF40A",0.147019380913016,0.0429534934905187,0.169162935109558
"MET",0.147014132189111,0.0429610088468962,0.169162935109558
"ZNF479",0.146973891972514,0.0430186632170476,0.169318557269037
"ISOC2",0.14694239962909,0.0430638292680217,0.169460614287732
"PLCL2",0.146884663666146,0.0431467369558459,0.169735126601365
"SLC4A8",0.146849672173453,0.0431970491321323,0.169871392275693
"LTN1",0.146844423449549,0.0432046001986263,0.169871392275693
"NALCN",0.146800684083682,0.043267568792811,0.170083164549471
"TTI1",0.146793685785143,0.0432776509030039,0.170086996688658
"PISD",0.146779689188066,0.0432978210309696,0.170104586260662
"HEMK1",0.146777939613431,0.0433003428508882,0.170104586260662
"SAMD12",0.146748196844642,0.0433432326288213,0.170211385929928
"ASAP3",0.146734200247565,0.043363428370891,0.170244983866883
"SPIRE2",0.146720203650487,0.0433836319990964,0.170288505930039
"HM13",0.146683462583159,0.0434367040607148,0.170454950465003
"STXBP6",0.146678213859255,0.0434442902234642,0.170454950465003
"ATP5MJ",0.146588985552887,0.0435734249615332,0.170925705646208
"KITLG",0.146576738530445,0.0435911744133552,0.170953364389386
"STOML2",0.146571489806541,0.043598783175554,0.170953364389386
"PPP1R13B",0.14652250171677,0.0436698519644243,0.171196086332407
"STX19",0.146489259798711,0.0437181324683637,0.17131343725958
"JADE1",0.146447270007479,0.0437791822778617,0.171516678880081
"CCR3",0.146424525537229,0.0438122807322402,0.171574366734183
"GPR31",0.14639128361917,0.0438606930995756,0.171649935307787
"RPS25",0.146389534044535,0.0438632423596415,0.171649935307787
"CNST",0.146386034895266,0.0438683412520918,0.171649935307787
"ZNF804B",0.146349293827938,0.0439219096031487,0.17175554954803
"ZBTB8OS",0.146344045104034,0.0439295666952477,0.17175554954803
"BBS5",0.146342295529399,0.0439321193077178,0.17175554954803
"CRBN",0.146342295529399,0.0439321193077178,0.17175554954803
"WNK3",0.146335297230861,0.0439423309999036,0.171759517319841
"TRA2B",0.146284559566455,0.0440164252369449,0.17197113977231
"ELOVL3",0.146279310842551,0.0440240961261198,0.17197113977231
"OSBPL8",0.146265314245474,0.0440445573039846,0.172015088291346
"TRMU",0.14623382190205,0.0440906240728831,0.172158999620565
"AMER3",0.146174336364471,0.0441777491643414,0.172463136160794
"ST3GAL5",0.146114850826893,0.0442650183603575,0.172731609464696
"PYCR3",0.146071111461026,0.0443292789250084,0.172946232129404
"PRSS12",0.146062363587853,0.0443421404049599,0.172960278655604
"HPCAL1",0.145990631027831,0.044447722415821,0.173299721051748
"ACVR2B",0.145948641236599,0.0445096241020032,0.173460653925918
"TMEM175",0.145936394214157,0.0445276923461591,0.173460653925918
"SUMF2",0.145934644639522,0.0445302740249428,0.173460653925918
"MARCHF5",0.145917148893175,0.0445560977036693,0.173468768128774
"TCP11L2",0.145889155699021,0.0445974416581656,0.173561447706521
"DENND6B",0.145883906975117,0.0446051972227674,0.173561447706521
"NAA10",0.145882157400482,0.0446077826617745,0.173561447706521
"NADSYN1",0.145873409527309,0.0446207117380606,0.173575591006044
"CCDC71",0.145810424840461,0.0447138936915187,0.173777247010784
"E2F3",0.145806925691191,0.0447190752374079,0.173777247010784
"ZNF256",0.145750939302882,0.0448020483252599,0.174063460479
"LURAP1",0.145715947810189,0.0448539718854791,0.17419271759892
"HEYL",0.145696702489207,0.0448825512969787,0.174267469443321
"MYLPF",0.145675707593591,0.0449137462097631,0.174316110601317
"NDP",0.145623220354551,0.0449918128534199,0.174582816715244
"SIGLEC8",0.145600475884301,0.0450256769643927,0.174677927500415
"C9orf72",0.145563734816973,0.0450804255639564,0.174817696809063
"EMD",0.145518245876471,0.0451482866775524,0.17500817808011
"ARL6IP5",0.145497250980855,0.0451796359947411,0.17501478741411
"PHYH",0.145399274801314,0.0453261736106358,0.175479191200712
"CFAP298",0.145376530331063,0.045360248048944,0.175501966555226
"COQ9",0.145366032883255,0.0453759819351033,0.175526478587405
"FAM177B",0.145346787562274,0.0454048392444475,0.175553573112231
"LRTM2",0.145336290114466,0.045420586061164,0.175553573112231
"PPIL3",0.145336290114466,0.045420586061164,0.175553573112231
"NLRX1",0.145336290114466,0.045420586061164,0.175553573112231
"PRPF40B",0.14531529521885,0.0454520933923863,0.175639001902795
"VWA5A",0.145283802875426,0.0454993886483892,0.175716967651372
"OMD",0.145280303726157,0.0455046462155179,0.175716967651372
"ZC3H11A",0.145264557554445,0.0455283115530108,0.175751704539899
"ATG4B",0.145257559255906,0.0455388327828048,0.175755991124543
"EIF4G3",0.145170080524173,0.0456705197348996,0.17612296324136
"EPHX1",0.145168330949538,0.045673156717013,0.17612296324136
"NPAS1",0.145163082225634,0.0456810684269196,0.17612296324136
"FAM237B",0.145135089031479,0.0457232835613637,0.176249338243969
"OR8J1",0.145117593285133,0.0457496845739669,0.176314715044038
"FZD8",0.145089600090978,0.0457919526930824,0.176441202495566
"ADH1A",0.145075603493901,0.0458130989878687,0.176444035888637
"PAFAH2",0.145073853919266,0.0458157428484137,0.176444035888637
"MORC1",0.145070354769997,0.0458210309520182,0.176444035888637
"DAZAP2",0.145031864128034,0.0458792337629442,0.176625903915061
"ROBO1",0.14502661540413,0.0458871752942747,0.176625903915061
"CHST2",0.145010869232418,0.0459110067805641,0.176681220406721
"ERICH6B",0.144981126463629,0.0459560500273054,0.176816675979413
"AXIN2",0.144968879441186,0.0459746079757994,0.176816675979413
"CLUH",0.144933887948493,0.0460276651906634,0.176911437559339
"MYL6B",0.14492164092605,0.0460462472974469,0.176946443318337
"UNC5B",0.144881400709452,0.0461073469246902,0.177144787320616
"ANKZF1",0.144865654537741,0.0461312739039517,0.17717403547736
"PTRH2",0.144863904963106,0.0461339330973656,0.17717403547736
"FANCG",0.144804419425527,0.0462244218925168,0.177485054125132
"UTP6",0.14473793558941,0.0463257318197297,0.177787976826843
"GTF2F2",0.144727438141602,0.0463417450634,0.177787976826843
"TBC1D8",0.144725688566967,0.0463444143867343,0.177787976826843
"SMC6",0.144715191119159,0.0463604330234913,0.177787976826843
"ANP32E",0.144701194522082,0.0463817983984455,0.177827614712636
"COL4A3",0.144695945798178,0.0463898125337312,0.177827614712636
"FGFR1",0.144671451753292,0.0464272271236268,0.177898008568087
"UBE2D4",0.144664453454754,0.0464379216337228,0.177902487062853
"ANKRD30A",0.144653956006946,0.0464539672560185,0.177920461437166
"C1orf94",0.144638209835234,0.0464780443700034,0.177920461437166
"ASB15",0.144636460260599,0.0464807202480153,0.177920461437166
"HBEGF",0.144594470469367,0.0465449799232919,0.178093432707928
"FBXO10",0.144578724297655,0.0465690964176801,0.178149210302457
"SMURF1",0.144547231954231,0.0466173607062964,0.178297323069996
"HNRNPDL",0.144515739610807,0.0466656667502162,0.178429535474774
"LEF1",0.144512240461538,0.0466710366670739,0.178429535474774
"KCNN2",0.14449824386446,0.0466925214934983,0.178475139462254
"RHOC",0.144487746416652,0.0467086405312827,0.178500219063277
"CAMSAP3",0.144477248968844,0.0467247642141341,0.178525306150403
"ERP29",0.144468501095671,0.0467382041655372,0.178540131109751
"COPG2",0.144452754923959,0.0467624042104789,0.178552731497373
"SEMA6D",0.14444925577469,0.0467677834184575,0.178552731497373
"PPP6R2",0.144442257476151,0.0467785433840128,0.178552731497373
"PTGR2",0.144437008752247,0.0467866147142215,0.178552731497373
"CFAP20",0.144435259177612,0.0467893054159426,0.178552731497373
"APOLD1",0.144405516408823,0.0468350671114321,0.178685172703242
"ALDH5A1",0.144372274490764,0.0468862567384205,0.178760648086966
"SEMA3C",0.144368775341495,0.0468916478356203,0.178760648086966
"ZCWPW2",0.144328535124898,0.0469536826479737,0.178944660700263
"IFTAP",0.144325035975628,0.0469590802148205,0.178944660700263
"RNF19A",0.144304041080012,0.0469914764913752,0.178958567486322
"CDK10",0.144276047885858,0.0470347005382886,0.179086659990434
"PIK3R6",0.144256802564876,0.0470644363124477,0.179163353561205
"E2F7",0.144242805967799,0.0470860721817844,0.179203555589607
"TEX264",0.144237557243895,0.0470941877722098,0.179203555589607
"KLHL5",0.144178071706316,0.0471862460643158,0.179480719245858
"SPEN",0.144146579362892,0.0472350435604479,0.179603486704898
"REG3G",0.144144829788258,0.0472377557664629,0.179603486704898
"RALGAPA1",0.144127334041911,0.0472648849733013,0.179633494456934
"AFP",0.144118586168738,0.0472784544503791,0.179648507693852
"KDM5D",0.144087093825314,0.0473273314808865,0.179734847182907
"ZFHX2",0.144069598078967,0.0473545035958267,0.179791158600459
"ABRAXAS1",0.144057351056524,0.0473735318183344,0.179826845577076
"NT5C3A",0.144045104034082,0.047392566418444,0.179862542253782
"RPS4Y1",0.144031107437004,0.0474143280584659,0.179908571885394
"HHEX",0.144001364668215,0.0474605992190131,0.180015753302916
"MAGEE2",0.143994366369676,0.0474714920227491,0.180015753302916
"PCSK4",0.143945378279906,0.0475478000487768,0.180204917662627
"SPEF1",0.143938379981367,0.0475587095417139,0.180204917662627
"PRKACB",0.143936630406732,0.047561437241104,0.180204917662627
"LGALS1",0.143931381682828,0.047569621122122,0.180204917662627
"PAEP",0.143912136361847,0.0475996387341643,0.180245509529451
"PHTF2",0.143912136361847,0.0475996387341643,0.180245509529451
"TRPM8",0.143901638914039,0.0476160186340306,0.18027098398726
"ZNF311",0.143864897846711,0.0476733853047617,0.180357106722871
"ARFRP1",0.143863148272076,0.0476761184879069,0.180357106722871
"TSN",0.143856149973538,0.0476870525271759,0.180357106722871
"EPDR1",0.143836904652556,0.0477171319173665,0.180423334591175
"TUBG1",0.143831655928652,0.047725338132557,0.180423334591175
"HEATR4",0.143826407204748,0.0477335455244696,0.180423334591175
"TRIM3",0.143800163585228,0.0477746001392035,0.180541973330588
"RGS7BP",0.143742427622284,0.0478650239304533,0.180847094259589
"CNTN6",0.143719683152034,0.0479006845781807,0.180945223540069
"TMEM204",0.143707436129591,0.0479198956376368,0.1809811872454
"SC5D",0.143656698465186,0.0479995527502526,0.181208742098993
"DHX36",0.14358321633053,0.04811511388209,0.181498256283965
"FIGLA",0.143576218031991,0.048126131787565,0.181503157767481
"ZNF521",0.143516732494412,0.0482198689098008,0.181819961994638
"SARM1",0.14347474270318,0.0482861278552922,0.182017135975288
"CEP41",0.143471243553911,0.0482916528570117,0.182017135975288
"PELI3",0.143413507590967,0.0483828914661862,0.182266040025411
"KIDINS220",0.143404759717794,0.0483967280191697,0.182266040025411
"ERCC6L2",0.143383764822178,0.0484299491980724,0.182354381295
"KHDC1L",0.143368018650466,0.0484548775486664,0.18237470638833
"C4orf54",0.143368018650466,0.0484548775486664,0.18237470638833
"RTN4",0.143352272478754,0.0484798165884931,0.18243180628787
"ANKRD16",0.143333027157772,0.0485103121583118,0.182467573390081
"WDR89",0.143327778433868,0.0485186319048588,0.182467573390081
"DAB1",0.143305033963618,0.0485546978769645,0.182566446053994
"CFAP36",0.143289287791906,0.0485796797073199,0.182623610751592
"ZNF679",0.143229802254327,0.0486741521576274,0.182905123882465
"SAMD1",0.14318956203773,0.0487381467229306,0.183108756426766
"NUP58",0.143177315015287,0.0487576372329767,0.183129229155282
"WWC1",0.143173815866018,0.0487632071422798,0.183129229155282
"CCDC136",0.143135325224055,0.0488245111268516,0.183322591436486
"RHPN1",0.143117829477708,0.0488523977841103,0.183390428344934
"SPATA48",0.143095085007458,0.0488886702667367,0.18348971179694
"ISCA1",0.143079338835746,0.0489137951207273,0.183525769983414
"GTPBP1",0.143053095216226,0.0489556937699016,0.183593682097727
"TYK2",0.142993609678647,0.04905077468504,0.183886900610544
"SNX7",0.142991860104012,0.0490535735083386,0.183886900610544
"DACH2",0.142937623290338,0.0491404030006816,0.184064614207928
"OR4P4",0.142902631797644,0.0491964899010093,0.184200811024709
"FTSJ1",0.142892134349836,0.0492133263585374,0.184226915829233
"OPCML",0.142815153065911,0.0493369403218465,0.184610232085043
"OR51I2",0.142809904342007,0.0493453779486258,0.184610232085043
"SERPIND1",0.142734672632716,0.0494664492979355,0.184925549710548
"CCNB3",0.142732923058081,0.0494692678493198,0.184925549710548
"C17orf64",0.1427136777371,0.0495002807359777,0.184967435579255
"PADI3",0.142666439221964,0.0495764718734165,0.185156716723841
"SLC19A1",0.142662940072695,0.0495821195409951,0.185156716723841
"CDY2B",0.142657691348791,0.0495905920460834,0.185156716723841
"THAP5",0.142615701557559,0.0496584154620306,0.185298814619158
"BBC3",0.142559715169249,0.0497489667162337,0.185573115973079
"CHMP1B",0.142535221124364,0.0497886260616105,0.185620405498119
"NLGN4X",0.142533471549729,0.0497914598780904,0.185620405498119
"STRN4",0.142531721975095,0.0497942938287414,0.185620405498119
"ADORA1",0.142494980907767,0.0498538377940881,0.185768211221546
"DPP10",0.14247748516142,0.0498822128729617,0.18581560681297
"SYCP3",0.142473986012151,0.0498878895004193,0.18581560681297
"CLCA1",0.142468737288247,0.0498964054490813,0.18581560681297
"HOOK1",0.142431996220919,0.0499560509510316,0.186000639466002
"KCNMA1",0.142400503877495,0.0500072228537672,0.186154055016336
"KLHL23",0.142384757705783,0.0500328251480418,0.186159228150953
"RPS4X",0.142348016638455,0.050092606228577,0.186323344737085
"GUCA1C",0.142302527697953,0.0501667031833682,0.186561797820108
"SH3GLB1",0.142274534503799,0.0502123465914377,0.186593525228726
"RIPOR1",0.142274534503799,0.0502123465914377,0.186593525228726
"HIPK3",0.14226753620526,0.0502237628370236,0.186593525228726
"GYS1",0.142260537906721,0.0502351812406316,0.186593525228726
"NPEPL1",0.142218548115489,0.0503037369973966,0.186773875181586
"PKIG",0.142159062577911,0.0504009907844977,0.187097774575885
"APELA",0.142096077891063,0.0505041356938556,0.187406166941873
"CRHR2",0.142075082995447,0.0505385562952029,0.187496638333176
"ACOT9",0.142045340226657,0.0505873521887852,0.187635084421932
"NOB1",0.142040091502753,0.0505959672921851,0.187635084421932
"TICAM1",0.142033093204215,0.0506074559934721,0.18764043044155
"CLPX",0.141973607666636,0.0507051975171501,0.187928213699205
"CACHD1",0.141973607666636,0.0507051975171501,0.187928213699205
"CHN2",0.141957861494924,0.050731096515687,0.187986896533129
"ENY2",0.141943864897847,0.0507541270751915,0.188034929033183
"IPO9",0.141929868300769,0.0507771663218587,0.188045678807661
"ETDB",0.141886128934903,0.0508492199854287,0.188275184862781
"RAB3B",0.141865134039287,0.0508838359071804,0.188328680024277
"SPIB",0.141842389569036,0.0509213585806431,0.188382350796882
"SH3D19",0.141835391270497,0.0509329086423982,0.188382350796882
"FIBP",0.141793401479265,0.0510022547280247,0.188505662669652
"EI24",0.141784653606092,0.0510167116970345,0.188505662669652
"KANSL1",0.141781154456823,0.0510224954377324,0.188505662669652
"CAPZA2",0.141758409986572,0.0510601030305359,0.188607295134155
"ANAPC10",0.141735665516321,0.0510977336463579,0.188708972430172
"TCAF1",0.141707672322167,0.0511440798711572,0.188826858424617
"RASSF4",0.141704173172897,0.0511498756034557,0.188826858424617
"TFPI2",0.141693675725089,0.0511672660735113,0.188853727507687
"COL24A1",0.141665682530935,0.0512136646700707,0.188977191814173
"GPAM",0.141642938060684,0.0512513892550175,0.189014799709065
"TRIM58",0.141634190187511,0.0512659048544507,0.189031004750587
"MRPS18A",0.141607946567991,0.0513094721393987,0.189101072098872
"GNB4",0.141604447418721,0.0513152834331272,0.189101072098872
"EHF",0.141588701247009,0.0513414410191959,0.189160140555238
"SHISAL1",0.141572955075297,0.0513676096766253,0.189208874300932
"RNASE3",0.141567706351393,0.0513763350233256,0.189208874300932
"TRMT2B",0.141562457627489,0.0513850616006814,0.189208874300932
"ZNF770",0.141518718261623,0.0514578309543562,0.189343795679329
"KLRK1",0.141515219112353,0.0514636561971803,0.189343795679329
"TAX1BP1",0.141457483149409,0.051559851779618,0.189612278621249
"VAV2",0.14145398400014,0.0515656866094092,0.189612278621249
"VWA3B",0.141432989104524,0.0516007071010864,0.189703701933049
"DEFB115",0.141380501865484,0.0516883447204385,0.189913737162878
"OR5K4",0.141315767604001,0.0517966012394355,0.190236642034945
"TOMM22",0.141308769305463,0.051808315910497,0.190242254806221
"C2orf74",0.141284275260577,0.0518493345775033,0.190355449689297
"SAP30L",0.141273777812769,0.0518669222552708,0.190382594347374
"LUC7L3",0.141223040148364,0.0519519991764838,0.190619948255405
"SF3B6",0.141212542700556,0.051969615748692,0.190620998010392
"MAP3K5",0.141203794827383,0.0519843000119233,0.190620998010392
"ESF1",0.141202045252748,0.0519872372776865,0.190620998010392
"TTI2",0.141198546103479,0.0519931122223675,0.190620998010392
"PARN",0.141181050357132,0.0520224952100795,0.190691289606172
"SKAP2",0.141172302483959,0.0520371918701218,0.190707730644897
"GAN",0.141133811841996,0.0521018981076551,0.190869958622708
"ZNF205",0.141126813543457,0.0521136700474131,0.190875642636887
"NAA38",0.141104069073207,0.0521519440931105,0.19092507187324
"APOL2",0.141100569923937,0.052157834477258,0.19092507187324
"MOK",0.141100569923937,0.052157834477258,0.19092507187324
"ENPP5",0.141083074177591,0.0521872946780359,0.190995476270233
"GABRG3",0.141065578431244,0.0522167686823174,0.19106590358757
"IL17RE",0.141039334811724,0.0522610055805575,0.191190311502937
"EMX2",0.141025338214647,0.0522846113019462,0.191234142534988
"ARC",0.141020089490743,0.0522934657274675,0.191234142534988
"TAF3",0.140939609057548,0.0524293894167754,0.191618645156105
"RPL24",0.14092911160974,0.0524471401773114,0.191646016425644
"SMIM8",0.140899368840951,0.0524974610686798,0.191782255190512
"RIIAD1",0.140890620967777,0.0525122689488133,0.191782255190512
"TACC2",0.140888871393143,0.0525152309404734,0.191782255190512
"CEP20",0.140857379049719,0.0525685704878702,0.191901998129684
"ZNF700",0.140813639683852,0.0526427277173819,0.19206085958759
"FANCD2",0.140811890109217,0.0526456958099171,0.19206085958759
"MRPL49",0.140806641385313,0.0526546009201127,0.19206085958759
"RAB26",0.140801392661409,0.0526635072792915,0.19206085958759
"CCDC28A",0.140794394362871,0.0526753843679452,0.192066668968322
"C11orf91",0.140757653295543,0.0527377755276615,0.192256626147688
"DENND4A",0.140722661802849,0.0527972526311464,0.192404169645178
"PDCD7",0.140694668608695,0.0528448743444952,0.192486754403537
"ZNF681",0.140684171160886,0.0528627416650107,0.192486754403537
"TNNC2",0.140542455615478,0.0531044410408517,0.193178523739569
"LRRN4",0.140542455615478,0.0531044410408517,0.193178523739569
"FKBP7",0.140495217100342,0.0531852107455915,0.193407885724589
"H2AC15",0.140493467525708,0.0531882041701377,0.193407885724589
"THRAP3",0.140442729861302,0.0532750742344265,0.193659258439421
"ATIC",0.140440980286668,0.0532780718495259,0.193659258439421
"FGF23",0.140384993898358,0.0533740693506133,0.193970445454768
"NUP205",0.140346503256396,0.053440150729002,0.194172812259697
"GPR83",0.140276520271009,0.0535604723398065,0.194529279547796
"ITSN1",0.140271271547105,0.0535695054998027,0.194529279547796
"PNPLA7",0.140218784308065,0.053659906526987,0.194743959249516
"SH3BGRL",0.140185542390006,0.0537172258385208,0.194834376691651
"SYT14",0.140180293666102,0.0537262808900025,0.194834376691651
"CASP3",0.14016804664366,0.0537474142597658,0.194834376691651
"KCND2",0.140145302173409,0.0537866802117317,0.194863247261746
"TTC14",0.140064821740214,0.0539258120744984,0.195329415497155
"CD58",0.140028080672886,0.0539894277990333,0.195491057544385
"ASNS",0.140015833650444,0.0540106468436273,0.195491057544385
"FRY",0.140008835351905,0.0540227751117248,0.195491057544385
"ZNF365",0.139963346411404,0.054101663827308,0.195695737278934
"CHST7",0.1399580976875,0.0541107725052696,0.195695737278934
"CNIH1",0.139947600239692,0.0541289936699001,0.195723733935925
"ARIH2OS",0.139910859172364,0.0541928077509137,0.1959165461781
"EIF1B",0.139884615552844,0.0542384273550095,0.196000645936711
"KAZN",0.13987936682894,0.0542475550892515,0.196000645936711
"SRSF8",0.13984962406015,0.0542993029364257,0.19609581031364
"PROX2",0.139846124910881,0.0543053936036704,0.19609581031364
"SECISBP2",0.139802385545014,0.0543815746656659,0.196259462041218
"BRI3",0.13979713682111,0.0543907223337568,0.196259462041218
"C18orf63",0.139791888097206,0.0543998712752837,0.196259462041218
"ZDHHC4",0.139783140224033,0.0544151223413662,0.196259462041218
"CPEB4",0.139777891500129,0.054424274679346,0.196259462041218
"PEX14",0.139777891500129,0.054424274679346,0.196259462041218
"ZNF780B",0.139739400858166,0.054491430757596,0.196425778967161
"LGALS16",0.13971840596255,0.0545280902388756,0.196504101696586
"MBD6",0.139714906813281,0.0545342021360788,0.196504101696586
"MTIF3",0.139697411066934,0.0545647701257494,0.196549421447653
"FBXL18",0.1396956614923,0.0545678277043307,0.196549421447653
"FAH",0.139623928932278,0.0546933105417871,0.196768859683352
"CENATAC",0.139622179357644,0.054696374078651,0.196768859683352
"STAM2",0.139620429783009,0.0546994377574806,0.196768859683352
"GRIK3",0.139620429783009,0.0546994377574806,0.196768859683352
"TAOK3",0.139618680208374,0.0547025015782804,0.196768859683352
"SETD5",0.139611681909836,0.0547147582812766,0.196775048269039
"RPL35",0.139553945946892,0.0548159627961856,0.197025196532248
"RBAK",0.13951195615566,0.0548896633006469,0.197160408349534
"TPD52",0.139510206581025,0.0548927359328404,0.197160408349534
"LIPK",0.13950845700639,0.0548958087073022,0.197160408349534
"TENT4A",0.139476964662966,0.0549511429808848,0.197321197137282
"SMARCA1",0.139454220192716,0.0549911353065049,0.197426844095403
"IQSEC3",0.139438474021004,0.0550188364000941,0.197488331464186
"HAX1",0.139371990184886,0.0551359238327684,0.197827759018108
"GDPD2",0.139366741460982,0.0551451763465554,0.197827759018108
"CLINT1",0.139343996990732,0.055185285410882,0.197912961558936
"TAS1R1",0.139338748266828,0.055194544773658,0.197912961558936
"ASB5",0.139335249117558,0.0552007183958289,0.197912961558936
"SLURP2",0.139251269535094,0.0553490567051945,0.198406714592363
"KBTBD7",0.139188284848246,0.0554605265779692,0.198637881515325
"ZNF423",0.13916728995263,0.0554977244155773,0.198672704846717
"DPP4",0.139158542079457,0.0555132295999716,0.198690125720404
"FSD1",0.139130548885302,0.0555628702539891,0.198753527075943
"DPY19L3",0.13909205824334,0.0556311860550914,0.198959791414187
"STYK1",0.139083310370166,0.055646722051255,0.198962996606188
"TRDC",0.139071063347724,0.0556684784698415,0.198962996606188
"DCP1B",0.139069313773089,0.055671587103432,0.198962996606188
"ZNF462",0.138995831638433,0.0558022793192977,0.199228325094094
"SNX32",0.138936346100854,0.0559082633742868,0.199563830509545
"ZNF787",0.13893109737695,0.0559176228880085,0.199563830509545
"SBDS",0.138843618645217,0.0560738054664033,0.200082994056276
"C12orf60",0.138836620346678,0.0560863156248872,0.20008940412806
"DDX21",0.138822623749601,0.0561113428586616,0.200140458217793
"POU2F2",0.138796380130081,0.0561582937866389,0.200231442298447
"OXT",0.138787632256908,0.0561739513053272,0.200249038858234
"TBL2",0.138729896293964,0.0562773813867177,0.200579460835561
"MRPS23",0.138677409054924,0.0563715451715458,0.200876736810492
"DENND2C",0.1386459167115,0.056428105869605,0.201039928504529
"NHS",0.138591679897825,0.0565256258091321,0.201348958155894
"ATL2",0.138568935427574,0.0565665626606699,0.201456354738877
"RAN",0.138535693509515,0.056626437472242,0.20163114322814
"INTS6",0.138519947337803,0.0566548174819637,0.201688983236048
"EEF2K",0.138514698613899,0.056664280094214,0.201688983236048
"KRTAP25-1",0.138500702016822,0.0566895201058571,0.201724395159279
"TECRL",0.138497202867553,0.0566958315587413,0.201724395159279
"TTLL3",0.138481456695841,0.0567242402755809,0.201787030740333
"FAM53A",0.138446465203147,0.0567874128296841,0.201941331473808
"KCNC3",0.138444715628513,0.0567905729811943,0.201941331473808
"PLA2G4B",0.138430719031435,0.0568158594194074,0.201959076992168
"POLR2E",0.138416722434358,0.0568411551502477,0.20201054492598
"NCALD",0.138383480516299,0.0569012697683516,0.202185714268214
"RSRP1",0.138351988172875,0.0569582688521791,0.202349748731843
"CHEK1",0.138341490725067,0.0569772790150537,0.202378787159593
"ASDURF",0.138322245404086,0.0570121445797265,0.202464120968049
"PACRG",0.138292502635297,0.0570660623546428,0.202617068542834
"MED28",0.138268008590411,0.0571104968165474,0.202697764831973
"TIMM44",0.138250512844065,0.0571422531939879,0.202771940081877
"PNPLA6",0.138213771776737,0.0572089890137518,0.202942917218133
"SP4",0.138212022202102,0.0572121685132508,0.202942917218133
"ARHGEF28",0.138194526455755,0.057243971527637,0.202989903652705
"LY6G5C",0.138192776881121,0.05724715263112,0.202989903652705
"DAB2IP",0.138184029007947,0.0572630603363108,0.203007766674438
"TAFA4",0.138164783686966,0.0572980701250581,0.203093330357864
"GABRD",0.138128042619638,0.057364956029496,0.203291825200544
"PLOD2",0.138105298149387,0.0574063938573916,0.203400078102949
"RGS12",0.13809130155231,0.0574319063295451,0.203424588233695
"AKAP6",0.138079054529867,0.0574542374139992,0.203453799382603
"PHF21A",0.138066807507425,0.0574765756600663,0.203494317919886
"MAZ",0.138052810910347,0.0575021138555641,0.203546148287816
"NAB2",0.138024817716193,0.0575532183245746,0.203676454369031
"USF3",0.138014320268385,0.0575723921554208,0.203676454369031
"FAM217B",0.138003822820577,0.0575915712542162,0.203676454369031
"FKBP11",0.138002073245942,0.0575947682829163,0.203676454369031
"ATP5PO",0.137940838133729,0.0577067565316604,0.203961276492296
"SLC25A17",0.137932090260555,0.0577227695013773,0.203976695337582
"CREB1",0.137921592812747,0.0577419899014478,0.203976695337582
"FGF14",0.137919843238113,0.0577451938144789,0.203976695337582
"ABCD2",0.137898848342497,0.0577836522062166,0.204030761850279
"NMT2",0.137891850043958,0.0577964763624265,0.204030761850279
"NR2E1",0.137888350894689,0.057802889320509,0.204030761850279
"CDKN2AIPNL",0.137867355999073,0.0578413793910984,0.20412804261303
"RHOJ",0.137846361103457,0.0578798905912386,0.204159544997884
"SYNPO2",0.137800872162955,0.0579634040503038,0.204399588153319
"RNASEH2B",0.137795623439051,0.057973046607846,0.204399588153319
"SPRY2",0.13777637811807,0.0580084139666715,0.204485681246047
"FOXK1",0.137769379819531,0.0580212792335345,0.204492434603791
"LSM11",0.137687149811702,0.0581726223814309,0.204987150112378
"ASB13",0.137659156617547,0.058224217629661,0.205130256263262
"FAM106A",0.137608418953142,0.0583178301449621,0.205343852901077
"OXLD1",0.137601420654603,0.0583307519444735,0.205350635874644
"ADGRB3",0.137568178736545,0.0583921627172849,0.205528087242369
"EPS8L2",0.137545434266294,0.0584342113029673,0.205637333765634
"SLC4A1",0.137527938519947,0.0584665733437766,0.205657746808441
"FBXL12",0.137450957236022,0.0586091418083893,0.205981244338253
"USP15",0.137410717019425,0.0586837801418916,0.206177373478791
"SDC4",0.137389722123809,0.0587227529534641,0.206264083911773
"FOXO3",0.13733023658623,0.0588332917132339,0.206613493049334
"BEND2",0.137305742541345,0.0588788574580912,0.206734638444691
"PGPEP1L",0.137298744242806,0.0588918815794269,0.206741500070936
"UBTFL1",0.137262003175478,0.0589602971490748,0.206942775710603
"AURKB",0.137253255302305,0.0589765962139958,0.206961088104582
"CDA",0.137237509130593,0.0590059438812259,0.207020615484514
"EPS15",0.137232260406689,0.0590157291089929,0.207020615484514
"SS18L2",0.137218263809611,0.0590418295827245,0.207034399039985
"CORO6",0.137197268913995,0.0590809981150562,0.207116869035685
"C17orf107",0.137193769764726,0.0590875282834725,0.207116869035685
"FOCAD",0.137185021891553,0.0591038563046625,0.20711925264942
"CCT6B",0.137167526145206,0.0591365234925764,0.207171958872136
"KIFBP",0.137148280824225,0.059172474568202,0.207259027576095
"MAPK4",0.137130785077878,0.0592051729775359,0.207334672891142
"OMG",0.137122037204705,0.0592215277599436,0.20735306570017
"GPR180",0.137109790182262,0.0592444307038604,0.207389869691328
"NUDT9",0.137104541458358,0.0592542484832366,0.207389869691328
"C8orf48",0.137069549965665,0.0593197345805172,0.207580169201
"EGR2",0.136966325062219,0.0595132657605685,0.207941911434437
"MMP7",0.136952328465142,0.0595395472398772,0.207941911434437
"JPT1",0.136950578890507,0.059542833096307,0.207941911434437
"RBM28",0.136948829315873,0.0595461191019785,0.207941911434437
"ENTPD2",0.136941831017334,0.0595592646171785,0.207941911434437
"NME3",0.136933083144161,0.059575699869695,0.207941911434437
"CST5",0.136931333569526,0.0595789873680485,0.207941911434437
"AQP9",0.136912088248545,0.0596151597044356,0.208029283004492
"CYTH1",0.136889343778294,0.0596579321279483,0.20810077333238
"CALML6",0.136822859942177,0.0597831040289113,0.208471027631909
"PC",0.136821110367542,0.0597864009421987,0.208471027631909
"U2AF1L4",0.136794866748022,0.0598358725958426,0.208565650727876
"TBCCD1",0.136794866748022,0.0598358725958426,0.208565650727876
"DDX20",0.136786118874849,0.05985237062971,0.208584227258904
"SPART",0.136744129083617,0.0599316132960483,0.208789560344564
"TMEM51",0.136740629934347,0.0599382207456777,0.208789560344564
"TTL",0.136737130785078,0.0599448287945788,0.208789560344564
"CSRP1",0.136723134188001,0.0599712669836708,0.208803762525547
"ETFRF1",0.136684643546038,0.0600440214668507,0.208869522961066
"RNF214",0.136682893971403,0.0600473302131012,0.208869522961066
"SPAG7",0.136682893971403,0.0600473302131012,0.208869522961066
"TMEM63B",0.136677645247499,0.0600572573517307,0.208869522961066
"CHKA",0.136651401627979,0.0601069132962471,0.208964391794622
"LZIC",0.136600663963574,0.0602030105434815,0.209181660448383
"BID",0.136576169918688,0.0602494475216917,0.20930407029671
"GATD3A",0.136541178425995,0.0603158371569535,0.209456782213325
"INTS4",0.136502687784032,0.0603889352262415,0.209593710144078
"ZNF501",0.136488691186955,0.0604155343962489,0.209647068075872
"SPCS2",0.136451950119627,0.0604854030541924,0.209850527111294
"DDAH2",0.136436203947915,0.0605153670946424,0.209915489572723
"KDM3A",0.136409960328395,0.0605653342815842,0.21003391307993
"FBXW8",0.136406461179126,0.0605719991351738,0.21003391307993
"RABGGTB",0.13638196713424,0.0606186699949096,0.210156725603291
"SCO1",0.136360972238624,0.0606586971138231,0.210252139043112
"RBM15B",0.13635572351472,0.060668707287606,0.210252139043112
"TTC22",0.13630323627568,0.0607688837303643,0.210493709092479
"ZNF675",0.136301486701046,0.0607722252852136,0.210493709092479
"AVPI1",0.136275243081526,0.0608223667336429,0.210573387947199
"BNIPL",0.136271743932256,0.0608290548283969,0.210573387947199
"ZBTB49",0.136177266901984,0.0610098619863908,0.211100807865328
"WDR5",0.13617201817808,0.0610199197633635,0.211100807865328
"RNF175",0.136168519028811,0.0610266257049102,0.211100807865328
"ZSCAN16",0.136159771155638,0.0610433932082017,0.211119705843773
"PKD2",0.13614927370783,0.0610635192088984,0.211150210099127
"FN3KRP",0.136128278812214,0.0611037875672703,0.211163617335765
"VAMP1",0.13612303008831,0.0611138580653257,0.211163617335765
"SFXN2",0.136121280513675,0.0611172152010367,0.211163617335765
"COLEC12",0.136117781364406,0.0611239299270264,0.211163617335765
"C2orf49",0.136105534341963,0.0611474362414564,0.211205755362574
"EIF2AK4",0.136046048804384,0.0612617154392332,0.211561353095991
"GPBP1",0.136021554759499,0.0613088225493535,0.211684889985529
"NARS2",0.135995311139979,0.0613593274689481,0.211820110870624
"TEX9",0.135977815393632,0.0613930163978287,0.211869716794616
"NSUN3",0.135904333258976,0.0615346758476766,0.2122684902348
"TADA3",0.135829101549686,0.0616799861412779,0.212651914560551
"ASB16",0.135785362183819,0.0617645983226181,0.212837432464945
"ABTB2",0.135732874944779,0.0618662587153121,0.21301460824725
"TNFSF13B",0.135731125370144,0.0618696497595118,0.21301460824725
"CCDC42",0.135727626220875,0.0618764323057042,0.21301460824725
"HSD17B3",0.135713629623798,0.0619035685950942,0.213068751765938
"OLFM2",0.135634898765238,0.0620563923224066,0.213516061719467
"CRIP3",0.135627900466699,0.062069991627701,0.213523515129664
"TMEM123",0.135603406421814,0.0621176084612621,0.213592699380004
"KRTAP3-3",0.135599907272544,0.0621244133129246,0.213592699380004
"ASMTL",0.135578912376928,0.0621652552727434,0.213693780135056
"B4GALT3",0.135563166205216,0.0621959012021797,0.213759781165239
"SLC35E1",0.135547420033504,0.0622265595294466,0.213821584905029
"RNF112",0.1355421713096,0.0622367817275508,0.213821584905029
"LRRD1",0.135482685772022,0.0623527296484241,0.214180536861131
"ABCA3",0.135465190025675,0.0623868656915917,0.21423071738898
"ZNF718",0.13546344045104,0.0623902801391445,0.21423071738898
"CPNE4",0.135456442152502,0.0624039394627536,0.214238230405586
"MTHFR",0.13544069598079,0.0624346819125712,0.214260803410059
"HSD17B4",0.13543719683152,0.0624415152553376,0.214260803410059
"NAIF1",0.135435447256886,0.0624449321568298,0.214260803410059
"WFS1",0.135426699383712,0.0624620189655704,0.214264156392182
"CNNM3",0.135423200234443,0.0624688547630879,0.214264156392182
"NBPF14",0.135410953212,0.0624927848882048,0.214290979900111
"ZNF564",0.135407454062731,0.0624996234480564,0.214290979900111
"C4orf50",0.135381210443211,0.0625509322195357,0.214427534899422
"XRCC3",0.135374212144672,0.0625646203932824,0.214435098268479
"GADL1",0.135319975330998,0.0626707870813324,0.214759563216691
"PNISR",0.135286733412939,0.0627359300000723,0.214943355105733
"SERPINB9",0.13525699064415,0.0627942628383564,0.215103751425008
"TEX19",0.135242994047072,0.0628217289748642,0.21515837343381
"PWWP3A",0.135220249576822,0.0628663824611444,0.215232366424259
"BRICD5",0.135132770845088,0.0630383692938997,0.215742089963876
"DYRK2",0.13509952892703,0.0631038253676106,0.215926537663154
"PIK3IP1",0.135015549344566,0.0632694363351057,0.216413918130849
"ZNF599",0.135003302322123,0.0632936176770878,0.216456986584379
"OCEL1",0.13493856806064,0.0634215592311953,0.216854822446321
"RPRD1A",0.134922821888928,0.0634527121810952,0.216921627804161
"OR10Q1",0.134865085925984,0.0635670469877517,0.217232967894465
"CYRIB",0.134852838903542,0.063591321518154,0.217276165509155
"MAX",0.134816097836214,0.0636641906928286,0.217437201083153
"USP25",0.13481084911231,0.0636746061583759,0.217437201083153
"XAGE5",0.134809099537675,0.0636780782904974,0.217437201083153
"RBKS",0.134805600388406,0.0636850230201782,0.217437201083153
"RBM12B",0.134775857619616,0.0637440782837459,0.217543251587594
"RBM48",0.134772358470347,0.0637510289108429,0.217543251587594
"BCAR3",0.134740866126923,0.0638136125036529,0.217677265227072
"ENAH",0.134723370380576,0.0638484029111701,0.217728275204144
"SQOR",0.134721620805942,0.0638518828064412,0.217728275204144
"SULT1C4",0.134670883141536,0.0639528673821242,0.217953239275283
"SLC22A4",0.134663884842998,0.0639668065512368,0.217960970470881
"ECT2L",0.13462714377567,0.0640400280272365,0.218162383051381
"CD207",0.134620145477131,0.0640539827560855,0.218162383051381
"CFHR4",0.134616646327862,0.0640609610544965,0.218162383051381
"GIPC3",0.13457465653663,0.0641447492178519,0.218368089025265
"WBP2NL",0.13452216929759,0.064249610622797,0.218645358599008
"ISCA2",0.134515170999051,0.0642636027444618,0.218653132602581
"NTSR2",0.134499424827339,0.0642950941422563,0.218716313073916
"OR4Q2",0.134494176103435,0.0643055940827196,0.218716313073916
"RAPGEF5",0.134473181207819,0.0643476078873907,0.218791431154921
"RHEX",0.134471431633184,0.0643511100521516,0.218791431154921
"CCDC120",0.134445188013664,0.0644036612558584,0.218910129580554
"CCDC85C",0.134441688864395,0.0644106707372556,0.218910129580554
"MOCS1",0.134436440140491,0.0644211861305806,0.218910129580554
"BTF3",0.134427692267317,0.0644387149097234,0.21892985986065
"UGCG",0.13438745205072,0.0645193975998993,0.219124253423481
"COMMD2",0.134380453752181,0.0645334378113282,0.219132088102612
"ZFR2",0.13433496481168,0.0646247601689994,0.219310363062202
"CCDC39",0.13433496481168,0.0646247601689994,0.219310363062202
"ORC6",0.134326216938507,0.0646423342837394,0.219310363062202
"PSMC2",0.134320968214603,0.0646528806303344,0.219310363062202
"FERMT2",0.134319218639968,0.0646563963921871,0.219310363062202
"TMC5",0.13430872119216,0.0646774942500128,0.219342088725847
"SPDYA",0.134277228848736,0.0647408216383841,0.219477143749948
"LRRC37B",0.134236988632139,0.0648218138173526,0.219667784798263
"CYP4X1",0.134233489482869,0.0648288605329249,0.219667784798263
"C9orf129",0.134221242460427,0.0648535289749849,0.219667784798263
"HPGDS",0.134217743311157,0.0648605785121784,0.219667784798263
"FYN",0.134214244161888,0.0648676286765056,0.219667784798263
"FOXN3",0.134191499691637,0.0649134700336993,0.219711449816509
"PAK1IP1",0.134184501393099,0.0649275803992994,0.219711449816509
"OR2K2",0.134140762027232,0.0650158270640534,0.219930372441272
"ZNF525",0.134090024362827,0.0651183161289444,0.220237173492243
"PCNT",0.134079526915019,0.0651395372586305,0.220269056281402
"ARAF",0.134062031168672,0.0651749183819897,0.220348800814996
"NBN",0.134049784146229,0.0651996945223818,0.220388680271046
"L3MBTL2",0.134030538825248,0.0652386440256382,0.220404651921639
"TNPO3",0.13402004137744,0.0652598972312758,0.220408680853473
"IQCB1",0.133986799459381,0.0653272364205291,0.220584246499693
"RFC5",0.133976302011573,0.0653485132329219,0.220616202664145
"WNK4",0.133951807966688,0.0653981811738339,0.220743978240109
"IRX5",0.133890572854475,0.0655224861301454,0.221003783811919
"PSMA6",0.133831087316896,0.0656434244868596,0.221331755861453
"NT5DC3",0.133811841995915,0.0656825906626674,0.221423838125628
"GALNT10",0.133796095824203,0.0657146499272585,0.221491933232536
"PLPPR3",0.133759354756875,0.0657895046397019,0.221664223101402
"GOLGA2",0.133664877726603,0.0659823083585322,0.22219357931914
"LMO7",0.133563402397792,0.066189908075594,0.222772161329932
"PROS1",0.133531910054368,0.0662544440128336,0.222909024749357
"HJV",0.133523162181195,0.0662723797854589,0.222929208370539
"LRCOL1",0.133507416009483,0.0663046741755189,0.222977726536271
"RPRML",0.133498668136309,0.0663226210595945,0.222977726536271
"HDX",0.133498668136309,0.0663226210595945,0.222977726536271
"DEFB133",0.133470674942155,0.066380077766882,0.223130729369022
"ATP5F1E",0.133461927068981,0.0663980413270756,0.22315094832184
"VARS2",0.133432184300192,0.0664591471465785,0.223316126683969
"CDHR3",0.133376197911883,0.0665742945142194,0.223622576321504
"CLTRN",0.133376197911883,0.0665742945142194,0.223622576321504
"TADA2A",0.133367450038709,0.0665923010051428,0.223642836463235
"COX8A",0.133335957695285,0.066657157320122,0.223739947899101
"SPDYE4",0.133274722583072,0.0667834145365604,0.224083192577219
"SMC4",0.133265974709899,0.0668014672173358,0.22410350309879
"PFDN4",0.133255477262091,0.0668231356954685,0.224135934311884
"CNKSR3",0.133237981515744,0.0668592625828467,0.224200819549629
"NMNAT2",0.133222235344032,0.0668917904191694,0.224221613112124
"STIL",0.133218736194763,0.0668990205821717,0.224221613112124
"HBG2",0.133209988321589,0.0669170987820673,0.224221613112124
"BFSP2",0.133208238746955,0.0669207149007807,0.224221613112124
"HOXD12",0.133197741299147,0.0669424149646111,0.224254088229431
"CFAP97D1",0.133183744702069,0.0669713573218814,0.224310808705785
"TEX261",0.133124259164491,0.0670944763660118,0.224642603193194
"SLC39A3",0.133115511291317,0.0671125976859783,0.224662999530979
"PPP4R3C",0.133082269373259,0.0671814951523093,0.224853333954216
"TMEM89",0.133070022350816,0.06720689298217,0.224894170974314
"CMTM4",0.133064773626912,0.0672177801659144,0.224894170974314
"SLC22A16",0.133026282984949,0.0672976635188383,0.225121111208638
"CWF19L2",0.132986042768352,0.0673812607838972,0.225291862383797
"LYRM7",0.132984293193717,0.0673848973696665,0.225291862383797
"C4orf33",0.132958049574197,0.0674394653845201,0.225433945860265
"WDHD1",0.132928306805408,0.0675013527334529,0.225584415454333
"RNF208",0.132907311909792,0.0675450658237624,0.225665769109944
"ARVCF",0.132881068290272,0.0675997396742478,0.225808037588312
"FBH1",0.132867071693195,0.0676289138262045,0.225865092027574
"COX11",0.13283907849904,0.0676872929562667,0.226019646567359
"CASTOR2",0.132779592961461,0.067811485157716,0.226393867859404
"USP12",0.132716608274613,0.0679431853743348,0.22667147732245
"GRAMD1C",0.132639626990688,0.0681044356170217,0.227087741400374
"KCTD15",0.132639626990688,0.0681044356170217,0.227087741400374
"IFNA6",0.132611633796533,0.0681631494105529,0.227170246840433
"DNAJC25",0.132608134647264,0.0681704915368712,0.227170246840433
"POLDIP3",0.132606385072629,0.0681741628419205,0.227170246840433
"C10orf126",0.132604635497995,0.0681778343082366,0.227170246840433
"ZNF555",0.132548649109685,0.0682954064083571,0.227440265706576
"ANKRD45",0.132539901236512,0.0683137919770025,0.227460934027901
"ZNF276",0.132532902937973,0.0683285033380277,0.227469363340643
"TANGO6",0.13246816867649,0.0684647059444827,0.227846198309358
"BCKDHB",0.132466419101856,0.0684683901662883,0.227846198309358
"ZDHHC1",0.132461170377952,0.0684794438016677,0.227846198309358
"CABP7",0.132455921654048,0.0684904988920933,0.227846198309358
"EFNA5",0.132410432713546,0.0685863706456744,0.228043271885102
"UBXN7",0.1323929369672,0.0686232735187702,0.228084758184117
"YWHAZ",0.132371942071584,0.0686675783327236,0.228191404438069
"GPC3",0.132361444623776,0.0686897394828953,0.228224439527229
"CFAP73",0.132352696750602,0.0687082115616207,0.228245207955324
"GALNT3",0.132333451429621,0.0687488643894317,0.228339639220528
"MPP7",0.132291461638389,0.0688376295290295,0.228524827764141
"DVL2",0.132289712063754,0.0688413301028624,0.228524827764141
"GPR150",0.132273965892042,0.0688746425647088,0.228554162142591
"KLHL15",0.132240723973984,0.0689450120210558,0.228706402221179
"ACYP1",0.132219729078368,0.0689894860714965,0.22880954535261
"LIN54",0.132214480354464,0.0690006082365549,0.22880954535261
"PCMTD2",0.132161993115424,0.0691119102772685,0.229137943607006
"ZNF853",0.13215324524225,0.0691304748331786,0.229158812208811
"NSUN6",0.132128751197365,0.0691824772083421,0.229290495890505
"LMLN2",0.132116504174922,0.0692084903461659,0.229336012367813
"SEC24C",0.132093759704672,0.0692568216029485,0.229427076082108
"WDR36",0.132092010130037,0.069260540530677,0.229427076082108
"CUL9",0.132060517786613,0.069327509056627,0.2295674750251
"C17orf78",0.132032524592458,0.0693870809133244,0.229724006937998
"SLCO4A1",0.132002781823669,0.0694504216961341,0.229783115752167
"MED24",0.132002781823669,0.0694504216961341,0.229783115752167
"HOXC11",0.132001032249034,0.0694541490908644,0.229783115752167
"RB1",0.13194679543536,0.0695697791781492,0.230081696498434
"HMGCR",0.131929299689013,0.0696071126364293,0.230081696498434
"C12orf4",0.131927550114378,0.0696108468795395,0.230081696498434
"MGAT5B",0.131924050965109,0.06961831585525,0.230081696498434
"PGRMC1",0.131915303091936,0.0696369911501137,0.230095345431158
"ZIC2",0.131904805644128,0.0696594068894713,0.230095345431158
"CRTC2",0.131885560323146,0.0697005176739558,0.230190427600141
"ABHD13",0.131878562024608,0.0697154719481625,0.230199107868438
"SIPA1L2",0.131819076487029,0.069842688801431,0.23057840835346
"POU3F1",0.131770088397258,0.0699475975008061,0.230880260695262
"CCL20",0.131764839673354,0.0699588453241855,0.230880260695262
"RO60",0.131749093501642,0.069992597630142,0.230950839812815
"GULP1",0.13173334732993,0.0700263631925986,0.231021437729195
"AACS",0.131666863493813,0.0701690751310985,0.231451368270646
"BMP7",0.131623124127946,0.0702630936113022,0.231720560883751
"ANAPC13",0.131600379657696,0.0703120237273044,0.231800062688638
"TMEM254",0.131586383060618,0.0703421483496427,0.231817533541191
"CLIC5",0.13155314114256,0.0704137364278995,0.231996426273542
"DENR",0.13154964199329,0.0704212754628779,0.231996426273542
"ZHX1",0.131493655604981,0.0705419893838243,0.232242675133363
"NUDT15",0.131458664112288,0.070617521049099,0.23238089387177
"HCFC1",0.131455164963018,0.0706250778333778,0.23238089387177
"CMAS",0.131442917940576,0.070651531759806,0.232410918095949
"SPTSSA",0.131399178574709,0.0707460758868839,0.23265605093563
"AMN1",0.131353689634208,0.0708445109357884,0.232938747576899
"WDR41",0.131315198992245,0.0709278891241595,0.233171846027601
"CASP7",0.131308200693706,0.0709430573666911,0.233180665149652
"SEC23A",0.131299452820533,0.070962021379997,0.233201955180859
"DUSP28",0.131283706648821,0.0709961669941942,0.233273120123781
"NTNG2",0.131266210902474,0.0710341222370772,0.233356775180238
"C1QTNF12",0.131210224514165,0.0711556899258486,0.23363285250618
"KCNIP3",0.131187480043914,0.0712051251018985,0.233754072139753
"DYNLRB1",0.131082505565834,0.0714336494776138,0.234421865690373
"MTRF1L",0.131058011520949,0.0714870575351035,0.234503831414179
"CCDC189",0.131045764498506,0.0715137737341506,0.234503831414179
"GSDME",0.131042265349237,0.0715214084244573,0.234503831414179
"MAN1A1",0.131023020028256,0.0715634110653019,0.234600362481232
"GNPDA1",0.131012522580448,0.0715863300465338,0.234602055867308
"COX6B2",0.131010773005813,0.0715901504567344,0.234602055867308
"PPP1R3D",0.131005524281909,0.0716016126817122,0.234602055867308
"CNIH3",0.130956536192138,0.0717086653973594,0.234841747155978
"OLA1",0.130939040445792,0.0717469300213035,0.234906167523114
"KMT2B",0.130928542997984,0.0717698967598463,0.234906167523114
"SLC2A7",0.130907548102368,0.071815848161267,0.235015381156443
"FANCM",0.130869057460405,0.0719001544929448,0.235250049984274
"DCPS",0.130828817243808,0.0719883789000283,0.23545621091715
"RASSF9",0.130806072773557,0.0720382837645457,0.235578180281326
"ZNF484",0.130790326601845,0.0720728497491137,0.235649954816955
"WDR5B",0.130779829154037,0.0720959012240562,0.235684062884732
"PCDH10",0.130755335109152,0.0721497112929377,0.235818692353326
"KL",0.130725592340362,0.0722150959494574,0.235991099204211
"SLC25A12",0.130708096594016,0.0722535799914046,0.236003949970401
"ZBED3",0.130692350422304,0.0722882298710682,0.236003949970401
"CARNMT1",0.1306871016984,0.0722997828299002,0.236003949970401
"LAMP3",0.13068360254913,0.0723074856356092,0.236003949970401
"FAM71A",0.130676604250592,0.0723228932467744,0.23601299218535
"MRPS2",0.130606621265205,0.0724771160726767,0.236433645375251
"PLEKHA7",0.130573379347146,0.0725504654196528,0.236631591368745
"PDIA2",0.130461406570528,0.072797980521744,0.237355985374318
"SORBS2",0.130351183368544,0.0730422973371607,0.23809476458946
"FASTKD3",0.130347684219274,0.0730500643123585,0.23809476458946
"RNF6",0.130317941450485,0.073116110670262,0.238268449289446
"CLDND2",0.130298696129504,0.0731588723681196,0.238366207318039
"PDIA6",0.130282949957791,0.0731938743064166,0.238422409632268
"PARP15",0.130279450808522,0.0732016543602176,0.238422409632268
"PIP4P2",0.130272452509983,0.0732172164811583,0.238431514385722
"ARFGEF2",0.130260205487541,0.0732444566530841,0.238449740590631
"LRPAP1",0.130258455912906,0.0732483487774926,0.238449740590631
"OTOG",0.13021121739777,0.0733534995937726,0.238750428444283
"PHOX2B",0.130111491643594,0.0735758868789936,0.239390812430677
"KLHL22",0.130090496747978,0.0736227748781544,0.239501644944158
"SAFB",0.130071251426997,0.0736657768343952,0.239583511759949
"UQCC1",0.130067752277727,0.0736735975603654,0.239583511759949
"NAB1",0.130041508658207,0.0737322744748405,0.239687297777663
"ZNF273",0.130036259934303,0.0737440144051429,0.239687297777663
"SCARA5",0.130015265038687,0.0737909892887937,0.239798245338004
"XPA",0.130006517165514,0.0738105693184132,0.239820144848762
"PKD1L3",0.129927786306954,0.073986979266386,0.240280666195048
"ZNF774",0.129910290560607,0.0740262278705996,0.240353586876099
"RAB5IF",0.129812314381066,0.0742463321544278,0.240884400196618
"TRIM2",0.129808815231797,0.0742542028235132,0.240884400196618
"CTSH",0.129749329694218,0.0743881077160304,0.241276884283533
"ASXL1",0.129733583522506,0.0744235858729792,0.241350041632881
"STRIP1",0.129721336500063,0.0744511894759961,0.241397641432935
"NDOR1",0.129707339902986,0.0744827466113852,0.241416136014271
"ADK",0.12968634500737,0.0745301026407952,0.241527710726964
"PODN",0.129668849261023,0.0745695846365024,0.241613733981839
"TSEN15",0.129640856066869,0.0746327910850774,0.241734652498249
"APOBEC3H",0.129626859469791,0.0746644105864493,0.241795133017605
"NUP42",0.129611113298079,0.0746999955004252,0.24186843203293
"BHLHA15",0.129511387543903,0.0749256858807657,0.242511564157017
"H3C12",0.129457150730229,0.0750486614974469,0.242786904924012
"EML6",0.129387167744842,0.075207581249291,0.243213225649661
"GPR21",0.129381919020938,0.0752195112097045,0.243213225649661
"CHCHD1",0.129381919020938,0.0752195112097045,0.243213225649661
"SNX17",0.129367922423861,0.0752513319307143,0.243273996042586
"KBTBD12",0.129343428378975,0.0753070444251264,0.243411969831025
"GGTLC2",0.129320683908725,0.075358807360702,0.243494997624303
"TCHP",0.129285692416031,0.0754384989033106,0.243706807901272
"AP1AR",0.129280443692127,0.07545045851816,0.243706807901272
"KBTBD3",0.129241953050165,0.0755382092777785,0.243902367025482
"THAP1",0.129236704326261,0.0755501816899985,0.243902367025482
"TTC7B",0.129227956453087,0.0755701391244383,0.243908247904755
"GMPR2",0.129224457303818,0.0755781232932543,0.243908247904755
"OR10Z1",0.129210460706741,0.0756100667983012,0.243969178908962
"GRB7",0.129203462408202,0.0756260426492446,0.24397857531824
"BRIX1",0.129196464109663,0.075642021232887,0.243987977296269
"TAS2R1",0.129138728146719,0.075773948858467,0.244286944395085
"SLC25A38",0.129129980273546,0.0757939541309565,0.244309266025154
"ESRP2",0.129101987079391,0.0758579997339473,0.244473512171044
"TMEM100",0.129091489631583,0.0758820281251748,0.24450875729223
"CXCL1",0.129058247713525,0.0759581586739485,0.244711846022885
"MRS2",0.129016257922293,0.0760544119218071,0.244937436980802
"COPS6",0.128974268131061,0.07615076384958,0.245172657075659
"EPHB2",0.128969019407157,0.0761628147823655,0.245172657075659
"PNPT1",0.128967269832522,0.076166832102858,0.245172657075659
"AADACL2",0.128942775787637,0.0762230925949575,0.245249377701475
"OR6K3",0.128941026213002,0.0762271124878188,0.245249377701475
"CD2BP2",0.128937527063733,0.0762351527881375,0.245249377701475
"AKIRIN2",0.128916532168117,0.0762834090008171,0.245336481229423
"PSMA8",0.128907784294943,0.0763035230485844,0.24535891812248
"CYP7A1",0.128900785996405,0.076319617375999,0.245368423844751
"SPTA1",0.128890288548597,0.0763437640165255,0.245387451954419
"RAI14",0.128886789399327,0.0763518142700327,0.245387451954419
"CCDC153",0.128869293652981,0.0763920758393262,0.245445315417258
"SERTM2",0.128867544078346,0.0763961029407003,0.245445315417258
"TAT",0.128834302160287,0.0764726505024214,0.245606744760657
"ARID2",0.128809808115402,0.0765290936598489,0.24570351610647
"CTNNB1",0.128762569600266,0.0766380434785049,0.245968740334174
"CWC25",0.128746823428554,0.0766743879490838,0.245993595630651
"NCOA3",0.128739825130015,0.0766905455208801,0.245993595630651
"ARV1",0.128739825130015,0.0766905455208801,0.245993595630651
"CPNE1",0.128731077256842,0.076710746357813,0.245993595630651
"SOHLH1",0.128725828532938,0.0767228689253752,0.245993595630651
"EDEM1",0.12871533108513,0.0767471187082747,0.245993595630651
"PPP1CB",0.128696085764149,0.0767915927417252,0.246035399665615
"PLEKHO2",0.128690837040245,0.0768037256398873,0.246035399665615
"UNC119B",0.128683838741706,0.076819905248724,0.246045026654977
"TOGARAM2",0.128661094271455,0.0768725080130098,0.246171289377738
"CYP46A1",0.128648847249013,0.0769008446398763,0.246177609615072
"BTRC",0.128622603629493,0.0769615944232569,0.246245457846282
"KPNA1",0.128508881278239,0.0772252920020633,0.247004547598995
"ZNF761",0.128461642763103,0.0773350423904674,0.247313228028146
"CHD9",0.128421402546506,0.0774286328625514,0.247527755450361
"CUEDC2",0.128372414456735,0.0775426926101404,0.247807550853351
"MYO7B",0.128363666583562,0.0775630747021292,0.247830279407522
"VARS1",0.128349669986485,0.0775956950534803,0.247875754674648
"TSC22D2",0.128346170837215,0.0776038518731349,0.247875754674648
"CCZ1",0.128328675090869,0.0776446463642744,0.247947312345199
"TIMM8B",0.128316428068426,0.0776732128161836,0.247970072231632
"POLR3D",0.128284935725002,0.0777467083999634,0.248162284409112
"ESRRG",0.128255192956212,0.0778161724738445,0.248256719699611
"RANBP2",0.128209704015711,0.0779225086163279,0.248491453134024
"KIAA1614",0.12818695954546,0.0779757206858979,0.248511016984612
"NEMF",0.12816421507521,0.0780289621020858,0.248638269274621
"KIAA0232",0.128150218478132,0.0780617406416733,0.248700284582717
"AMBRA1",0.128139721030324,0.0780863318438042,0.248706836474916
"STAC",0.12813797145569,0.0780904309856986,0.248706836474916
"CSTF1",0.128127474007882,0.0781150294867491,0.248742760561727
"NDUFC2",0.128090732940554,0.0782011735241603,0.248932182842546
"DDX52",0.128060990171764,0.0782709653472075,0.24906944093107
"DAGLA",0.128060990171764,0.0782709653472075,0.24906944093107
"NID2",0.128041744850783,0.0783161515569991,0.249128333585167
"CDCA3",0.128041744850783,0.0783161515569991,0.249128333585167
"CES5A",0.128013751656628,0.0783819145510599,0.24929506746519
"ZNF333",0.127994506335647,0.0784271524673484,0.249396475307373
"ANAPC2",0.127964763566858,0.0784971070701088,0.249533952619805
"TRIM4",0.127940269521972,0.0785547545591272,0.249674710031698
"HES3",0.127915775477087,0.0786124362191273,0.249815528131431
"NTPCR",0.127905278029279,0.0786371673944033,0.249851605692051
"TLE2",0.127868536961951,0.0787237759685958,0.250084238814338
"JHY",0.12782304802145,0.0788311122828439,0.250340053221288
"DNAJC24",0.127809051424372,0.0788641625923347,0.25040243124353
"INPP5E",0.127707576095562,0.0791041118887636,0.25103304171641
"MRPL1",0.127707576095562,0.0791041118887636,0.25103304171641
"BTNL8",0.127702327371658,0.0791165390631179,0.25103304171641
"GSTO1",0.127676083752138,0.0791786985639388,0.251144934507493
"DEPDC5",0.127676083752138,0.0791786985639388,0.251144934507493
"FREM1",0.1275833562965,0.0793986444139006,0.251652032131981
"CCDC18",0.127578107572596,0.07941110890106,0.251652032131981
"ADD1",0.127576357997962,0.0794152640808255,0.251652032131981
"CDC40",0.127574608423327,0.0794194194359552,0.251652032131981
"DNAH12",0.127551863953076,0.0794734550130305,0.251737830024314
"SIX3",0.127551863953076,0.0794734550130305,0.251737830024314
"DHRS3",0.12753086905746,0.079523360321979,0.251823663609802
"ERCC3",0.127529119482826,0.0795275202383064,0.251823663609802
"HMBOX1",0.127483630542324,0.0796357396766655,0.252123592846483
"DCAF11",0.12742939372865,0.0797649257172983,0.252489788592587
"CEP85L",0.127418896280842,0.0797899489738296,0.252496609214332
"ETAA1",0.127417146706207,0.0797941201318799,0.252496609214332
"MARF1",0.12740315010913,0.0798274957259164,0.252543051095169
"TMEM52B",0.127343664571551,0.0799694675886336,0.252916552719612
"USP20",0.127338415847647,0.0799820042838869,0.252916552719612
"DMRTA1",0.127333167123743,0.0799945425634369,0.252916552719612
"PPP2R1B",0.127317420952031,0.0800321669091932,0.252992679281668
"TSHZ3",0.127282429459338,0.0801158276383197,0.253145604369126
"TAB2",0.127270182436895,0.0801451255414811,0.253145604369126
"TRABD",0.127266683287626,0.0801534979569042,0.253145604369126
"SCP2",0.127263184138356,0.0801618710772655,0.253145604369126
"GINS3",0.127247437966644,0.0801995588435539,0.253205444520121
"TSPAN6",0.127243938817375,0.0802079358417774,0.253205444520121
"LCE3C",0.127233441369567,0.080233071067768,0.253241986692857
"MME",0.12721944477249,0.0802665945769695,0.253304988225665
"GMIP",0.127159959234911,0.080409195447723,0.25366927942258
"TFAP2E",0.127144213063199,0.0804469768885224,0.253729243164218
"HRC",0.127133715615391,0.0804721724615407,0.253739370739783
"KRT83",0.12711447029441,0.0805183808590372,0.253842214875655
"ACVR2A",0.127102223271967,0.080547797332207,0.25384925126161
"MBL2",0.127053235182196,0.0806655498231122,0.254134583079697
"ZNF667",0.127026991562676,0.0807286885368651,0.254247721267199
"NEFH",0.12700949581633,0.0807708031251839,0.254337467402788
"SESN1",0.126997248793887,0.0808002938656693,0.254387439014707
"CYP2E1",0.126985001771444,0.080829793278745,0.254437421081045
"DYRK3",0.126939512830943,0.0809394384848457,0.254709984295318
"HAUS8",0.126920267509962,0.0809858628870841,0.254756943789655
"SENP5",0.12687827771873,0.0810872269282555,0.255000125927168
"SNRNP35",0.126871279420191,0.0811041308635348,0.255000125927168
"B4GALT2",0.126855533248479,0.0811421750931102,0.255033871093727
"ERC2",0.126803046009439,0.0812690929848891,0.255389799862997
"RNF180",0.126754057919668,0.0813876938415354,0.255687841076122
"UNC5CL",0.126752308345034,0.0813919321620613,0.255687841076122
"RBPJL",0.126731313449418,0.0814428058688102,0.255687841076122
"MFF",0.126724315150879,0.0814597694582846,0.255687841076122
"LRRC59",0.126724315150879,0.0814597694582846,0.255687841076122
"HERC4",0.126724315150879,0.0814597694582846,0.255687841076122
"TVP23B",0.12671731685234,0.081476735891896,0.255698121242993
"PVR",0.126671827911839,0.0815870870579332,0.255928745184714
"FCRLB",0.126670078337204,0.0815913337347282,0.255928745184714
"BICRAL",0.126659580889396,0.0816168175318012,0.255965690045998
"ARL14EP",0.126640335568415,0.0816635544646316,0.256069265141279
"RHBDL3",0.126594846627914,0.0817741092057769,0.256329852891421
"CDH18",0.1265336115157,0.081923123057099,0.256710779566171
"MAT2B",0.126463628530314,0.0820936920553048,0.257158972295349
"UPK2",0.126433885761524,0.0821662703401657,0.257253866218821
"TRAF3",0.126430386612255,0.0821748123543633,0.257253866218821
"PCLO",0.126400643843466,0.0822474483203898,0.257338472915329
"STK40",0.126386647246388,0.08228164781678,0.257402354208741
"TMEM213",0.126374400223946,0.0823115817581664,0.257452872369036
"RPL22L1",0.126344657455156,0.0823843149396031,0.257637217985939
"COMMD9",0.126330660858079,0.0824185602001501,0.257701160270886
"PPM1M",0.126316664261002,0.0824528169080276,0.25772646907561
"MICAL3",0.126304417238559,0.082482800919787,0.25772646907561
"MIPOL1",0.126299168514655,0.0824956538945167,0.25772646907561
"IMPA1",0.126299168514655,0.0824956538945167,0.25772646907561
"SMC2",0.126265926596596,0.0825770934744621,0.257905058486733
"CLN6",0.126241432551711,0.0826371429438249,0.257995867873433
"NOMO3",0.126213439357556,0.082705813897245,0.258123960619142
"CDK11A",0.126202941909748,0.0827315773304893,0.258144896585432
"EIF1AX",0.126199442760479,0.0827401665753048,0.258144896585432
"ZNF222",0.12619244446194,0.0827573472157731,0.258155372741236
"TMEM185B",0.126180197439498,0.0827874202380151,0.258206055505205
"EPHA6",0.12616620084242,0.0828218001636225,0.258260433547322
"RNF14",0.126155703394612,0.0828475926394046,0.258260433547322
"TPRX1",0.12614345637217,0.0828776920219236,0.258260433547322
"BMP2K",0.126134708498996,0.08289919696248,0.258260433547322
"RUNDC1",0.126132958924361,0.0829034984888166,0.258260433547322
"TMEM129",0.126129459775092,0.0829121020797543,0.258260433547322
"IFT74",0.126122461476553,0.082929311414826,0.258260433547322
"ASCC2",0.126104965730207,0.0829723473146503,0.258329410195425
"DENND2B",0.126099717006303,0.0829852615845953,0.258329410195425
"WDR11",0.12609096913313,0.0830067889581681,0.258329410195425
"DEDD2",0.126073473386783,0.0830498571712666,0.258420381961109
"SLC14A1",0.126066475088244,0.0830670894846664,0.258430945063407
"MREG",0.126019236573108,0.0831834827812633,0.258722386945328
"DNMT1",0.126006989550665,0.0832136802062031,0.258722386945328
"PRKCZ",0.126003490401396,0.08322230965979,0.258722386945328
"VANGL1",0.125994742528223,0.0832438864400554,0.258722386945328
"PCDH9",0.12595625188626,0.0833388776845048,0.258931438967861
"CEP57",0.125912512520393,0.0834469279841392,0.259180912528153
"SPEGNB",0.125905514221855,0.0834642264723517,0.259191535350456
"CHPF2",0.125896766348681,0.0834858536339755,0.259215594757793
"TSPAN33",0.1258775210277,0.0835334492377418,0.259320262294559
"SPACA1",0.125858275706719,0.083581066638126,0.259424962694639
"PIGBOS1",0.125821534639391,0.0836720331341224,0.259621015253841
"ABO",0.125800539743775,0.0837240496843827,0.259739261113876
"MALSU1",0.125767297825716,0.0838064623397833,0.259908583636299
"FAM171A1",0.125735805482292,0.0838845975752672,0.260107711159836
"LVRN",0.125711311437407,0.0839454098635284,0.260209871304773
"SLC29A2",0.125686817392521,0.0840062575501896,0.260355271491427
"LIPM",0.125651825899828,0.0840932442489609,0.260519366744041
"PPP1R42",0.125646577175924,0.0841062984894196,0.260519366744041
"CCDC179",0.125643078026655,0.084115002220313,0.260519366744041
"DUS2",0.125564347168095,0.084311027431296,0.261083194877613
"GEMIN5",0.125548600996383,0.0843502764462322,0.261118144026161
"BSND",0.125531105250036,0.0843939036637715,0.261180122886134
"AMER2",0.125529355675401,0.0843982673815497,0.261180122886134
"RC3H1",0.125466370988553,0.0845554818822909,0.261579953558666
"SWAP70",0.125445376092937,0.0846079389165877,0.26169888492981
"ATXN1",0.125408635025609,0.0846998015697359,0.261939641350619
"GSAP",0.125396388003167,0.0847304402343504,0.261961175191373
"GPR50",0.125384140980724,0.0847610877918882,0.261982730676485
"JRK",0.125380641831455,0.0847698458705289,0.261982730676485
"P2RY12",0.125366645234377,0.0848048854467817,0.262047657280625
"PLA2G12A",0.125349149488031,0.0848487012588472,0.26213967654429
"MTERF2",0.125301910972895,0.0849670946849291,0.262459284366773
"DHX8",0.12527391777874,0.0850373162692195,0.262592083109117
"ACOX1",0.125252922883124,0.0850900130041114,0.262624538566317
"CHRAC1",0.125224929688969,0.0851603160623317,0.26273568082663
"IL31RA",0.125216181815796,0.0851822953204778,0.26273568082663
"CCDC54",0.125200435644084,0.0852218694511772,0.26281433848583
"BRD7",0.125184689472372,0.0852614583269722,0.262893015637202
"SLC22A9",0.125177691173833,0.0852790581168109,0.262903877416567
"TEX13A",0.125139200531871,0.0853759090505349,0.263085750567974
"TBCC",0.125137450957236,0.0853803134607245,0.263085750567974
"PABPC4",0.125126953509428,0.0854067437485492,0.263123778661812
"FKBP3",0.125107708188447,0.0854552163168471,0.263227009275782
"SF3A3",0.125065718397215,0.085561051221956,0.263468786911995
"PANK4",0.125021979031348,0.0856714076457369,0.263721643183086
"TESK2",0.125007982434271,0.0857067457928205,0.263786945357072
"BHLHA9",0.124972990941577,0.0857951422879383,0.263972006156431
"TMPRSS3",0.124953745620596,0.085843791504073,0.26403202936969
"TTC17",0.124948496896692,0.0858570633091737,0.26403202936969
"MANEAL",0.124948496896692,0.0858570633091737,0.26403202936969
"SLC7A11",0.12493275072498,0.0858968885932437,0.264111012737474
"OR5T3",0.124917004553268,0.0859367286832486,0.264190015619482
"OTC",0.124899508806921,0.085981012819258,0.264239163306313
"ULK1",0.12488026348594,0.0860297464919949,0.26431292954545
"MEA1",0.124873265187401,0.0860474733152888,0.26431292954545
"PAM",0.124864517314228,0.0860696359609575,0.264318677660867
"BEST2",0.124855769441055,0.0860918031811445,0.264318677660867
"IQCH",0.124848771142516,0.0861095402513596,0.264329680100985
"RALGPS1",0.124829525821535,0.0861583322949504,0.264384772841179
"NEXMIF",0.124813779649823,0.0861982695346938,0.264384772841179
"USP5",0.124813779649823,0.0861982695346938,0.264384772841179
"HEATR9",0.124806781351284,0.0862160241800109,0.264395807485367
"DNAJC12",0.124785786455668,0.0862693056989164,0.264515769698401
"FUT11",0.124687810276127,0.0865183017399677,0.265219445642936
"MASTL",0.124684311126857,0.0865272050922257,0.265219445642936
"KAT5",0.12467031452978,0.0865628258410972,0.265285089499234
"SHOX2",0.124649319634164,0.0866162789882402,0.26537031662515
"PIN4",0.124637072611721,0.0866474721985523,0.26537031662515
"C22orf42",0.124586334947316,0.086776797080414,0.265635709272875
"FABP5",0.124575837499508,0.0868035732434702,0.265674128793027
"CANT1",0.124556592178527,0.0868526800609017,0.265780870525545
"AMIGO1",0.12453909643218,0.0868973419256839,0.26586634123629
"CUL7",0.124532098133641,0.0869152118203363,0.26586634123629
"ZNF689",0.124523350260468,0.0869375533267309,0.26586634123629
"CTDNEP1",0.124493607491679,0.0870135488484558,0.266055179812338
"ANKRD24",0.124462115148255,0.0870940726620861,0.266214222755666
"NOP2",0.124444619401908,0.087138833887558,0.266307455683854
"LRIG3",0.124395631312137,0.0872642633067145,0.266603530429609
"STX17",0.124323898752116,0.0874481885294593,0.266944588471801
"LRRC3",0.124318650028212,0.0874616586452641,0.266944588471801
"WDR73",0.124308152580404,0.0874886038588119,0.26698319700444
"OR8I2",0.124297655132596,0.0875155557158266,0.267021813192089
"SCAND1",0.12427666023698,0.0875694793644934,0.267142697911022
"IFNL3",0.124252166192095,0.087632423891012,0.267247411591858
"CCT6A",0.124192680654516,0.0877854399096539,0.26762665291425
"EPX",0.124182183206708,0.0878124649147031,0.267665349232413
"SEMA4G",0.124159438736457,0.0878710419281014,0.267756498458023
"CCT5",0.124140193415476,0.0879206315072412,0.267771609842669
"UBE2G2",0.124138443840841,0.0879251407607698,0.267771609842669
"OSBPL5",0.124138443840841,0.0879251407607698,0.267771609842669
"LBX2",0.124131445542303,0.0879431796250962,0.267771609842669
"TWF1",0.124110450646687,0.0879973139827781,0.267871688261997
"RPAP1",0.124096454049609,0.0880334183616223,0.267871688261997
"OR5H1",0.124096454049609,0.0880334183616223,0.267871688261997
"RXFP2",0.124078958303263,0.0880785654975273,0.267908027562186
"FAM227A",0.124068460855455,0.0881056626675389,0.267946809311017
"BMP5",0.124059712982281,0.088128248735844,0.267971861509382
"CYP4B1",0.12403696851203,0.088186994187681,0.268106837611774
"FAM181B",0.124024721489588,0.0882186393244103,0.268159392581818
"GCM1",0.124007225743241,0.0882638624164781,0.268202361087804
"RPE",0.124001977019337,0.0882774329588617,0.268202361087804
"PIP",0.123996728295433,0.0882910051698329,0.268202361087804
"CD109",0.123965235952009,0.0883724734834065,0.268364929231886
"RAB5C",0.123945990631028,0.0884222892607035,0.268444587835139
"PACC1",0.12393549318322,0.0884494709657756,0.268444587835139
"EPHA10",0.123930244459316,0.0884630643236407,0.268444587835139
"KIAA1586",0.123919747011508,0.0884902560506901,0.268444587835139
"ZSWIM8",0.123916247862238,0.0884993214446857,0.268444587835139
"RTL9",0.123916247862238,0.0884993214446857,0.268444587835139
"CYP3A5",0.123867259772468,0.0886263149467225,0.268680439379156
"RHCG",0.123865510197833,0.0886308531220495,0.268680439379156
"GDF11",0.123860261473929,0.0886444687627347,0.268680439379156
"MMP24",0.123858511899294,0.0886490076812143,0.268680439379156
"ANKRD18A",0.123841016152948,0.0886944070858407,0.268730815498891
"SLC1A1",0.12383051870514,0.0887216556490742,0.268769771435865
"ATXN2",0.123806024660254,0.0887852616548123,0.268918836630761
"ZNF8",0.123790278488542,0.0888261704746381,0.26899911785055
"FRMD6",0.123783280190004,0.0888443570079044,0.269010572548577
"ZNF232",0.123764034869022,0.0888943853212417,0.269118421180015
"CKMT2",0.12372554422706,0.0889945094960095,0.269377870234599
"MAGEB16",0.123701050182174,0.0890582717921814,0.269527189108861
"ZDHHC23",0.123685304010462,0.089099281114847,0.269547847452299
"MTG1",0.123681804861193,0.0891083963466746,0.269547847452299
"COA7",0.123606573151902,0.0893045541362726,0.270053732682809
"ALG9",0.123559334636766,0.0894278992041227,0.270293132213319
"JKAMP",0.123557585062132,0.0894324701523057,0.270293132213319
"AMHR2",0.123529591867977,0.0895056307099865,0.270399087534731
"UBQLN4",0.123505097823092,0.0895696854087127,0.270505084846882
"PCGF5",0.123505097823092,0.0895696854087127,0.270505084846882
"USP53",0.123464857606494,0.0896749976133098,0.270666722958498
"TRIM54",0.123454360158686,0.0897024866204201,0.270666722958498
"PHF3",0.123452610584052,0.0897070687758374,0.270666722958498
"EN1",0.123447361860148,0.089720816363728,0.270666722958498
"SBNO2",0.123445612285513,0.0897253992669209,0.270666722958498
"DDOST",0.123443862710878,0.0897299823570697,0.270666722958498
"HNRNPH2",0.123429866113801,0.0897666538092692,0.270705962625854
"DAZ4",0.123414119942089,0.089807923498632,0.270784464843954
"NR1H4",0.123408871218185,0.0898216834283729,0.270784464843954
"RUFY1",0.123389625897204,0.0898721509086306,0.270849167398674
"BEX4",0.123389625897204,0.0898721509086306,0.270849167398674
"SUSD5",0.123368631001588,0.0899272321634238,0.270927728324585
"CEP78",0.123295148866932,0.0901202288631536,0.2712881688926
"TLR3",0.123289900143028,0.0901340269853599,0.2712881688926
"CENPU",0.123242661627892,0.0902582859947049,0.271530887441545
"SMYD2",0.123242661627892,0.0902582859947049,0.271530887441545
"RADX",0.123232164180084,0.0902859176693579,0.271568095049377
"CENPN",0.12322691545618,0.0902997360385859,0.271568095049377
"PRR16",0.123151683746889,0.0904979848999458,0.27198911586601
"CNTF",0.123137687149812,0.0905349067041423,0.271996516098647
"GDAP2",0.123135937575177,0.0905395227747934,0.271996516098647
"ARHGEF3",0.123134188000542,0.0905441390332667,0.271996516098647
"ZNF14",0.12309219820931,0.0906549855960037,0.272285704565932
"HTR3E",0.123057206716617,0.0907474404243178,0.272475755203305
"POTEA",0.123032712671732,0.0908122035558739,0.272626380583427
"CFAP161",0.123020465649289,0.0908445989469533,0.272679802303648
"ENKD1",0.123004719477577,0.0908862637107285,0.272761025399577
"USP33",0.122983724581961,0.0909418404415237,0.272883967237451
"CFAP410",0.122969727984884,0.0909789066546783,0.272921395371092
"AKT1S1",0.122946983514633,0.0910391649533115,0.273044394518716
"DOK4",0.122906743298036,0.0911458537731384,0.273276603799508
"ANGPTL1",0.12288574840242,0.0912015570786395,0.273399723916641
"ARHGAP18",0.122847257760457,0.0913037503184997,0.273602186911987
"ITGB1BP2",0.122843758611188,0.0913130451393455,0.273602186911987
"HPS4",0.122814015842398,0.0913920815856376,0.27379507791039
"COQ8B",0.122789521797513,0.0914572113753356,0.273944133894274
"HMSD",0.122784273073609,0.0914711725725366,0.273944133894274
"MAN1B1",0.122749281580916,0.0915642906520392,0.274135090127843
"SULT1C3",0.12267230029699,0.0917694164568886,0.274661157331547
"TMEM241",0.122614564334046,0.0919235010616858,0.275078241600392
"LRRC45",0.122600567736969,0.0919608859403223,0.275146027847078
"TMCO5A",0.122511339430601,0.0921994994757107,0.275815770015757
"C8orf34",0.122458852191561,0.0923400906611953,0.276159760624733
"MRPL44",0.122457102616926,0.0923447799738714,0.276159760624733
"TMEM147",0.122366124735924,0.0925888857792407,0.276758967799792
"BTN3A3",0.122352128138846,0.0926264860946656,0.276827053017119
"RNFT2",0.122315387071518,0.0927252447875096,0.277077867464245
"DENND6A",0.12230838877298,0.0927440654714012,0.277089772315452
"SPIDR",0.122294392175902,0.0927817159658917,0.277157921845648
"TMIGD1",0.122257651108574,0.0928806064278226,0.277364599559644
"TECPR2",0.122227908339785,0.0929607220679291,0.277559463683556
"PFKFB1",0.122184168973918,0.0930786391303468,0.277745882706019
"SMC3",0.122182419399284,0.0930833582885715,0.277745882706019
"CSN2",0.12217717067538,0.0930975169061726,0.277745882706019
"KRTAP17-1",0.122149177481225,0.0931730584924642,0.277838103210165
"WAS",0.122107187689993,0.0932864623552058,0.278043085053595
"BDP1",0.122107187689993,0.0932864623552058,0.278043085053595
"JUND",0.122077444921204,0.0933668565443015,0.278238297881183
"AMPD3",0.122040703853876,0.0934662431358725,0.278445614421049
"LIPT1",0.122014460234356,0.0935372850932771,0.278612812823292
"MAB21L2",0.121986467040201,0.0936131105378531,0.278794203859822
"OSER1",0.121954974696777,0.0936984726193986,0.278959457140107
"NDUFAF2",0.121928731077257,0.0937696549879704,0.279122699531238
"BRSK2",0.121921732778718,0.0937886442175245,0.279122699531238
"JAKMIP2",0.121918233629449,0.0937981399795487,0.279122699531238
"DAZAP1",0.121909485756275,0.0938218827310589,0.279148873966107
"ALKBH2",0.121897238733833,0.0938551306156089,0.279201240488648
"DGAT2L6",0.121891990009929,0.09386938257808,0.279201240488648
"NTS",0.121855248942601,0.0939691945288228,0.279376718144169
"OPA1",0.121855248942601,0.0939691945288228,0.279376718144169
"LRRC58",0.121848250644062,0.0939882158973985,0.279376718144169
"AREG",0.121829005323081,0.0940405404537222,0.279487767904792
"TARS2",0.121809760002099,0.0940928881778422,0.279568513838156
"CYBRD1",0.121808010427465,0.0940976482108936,0.279568513838156
"PHLDB2",0.121790514681118,0.0941452590762442,0.27966547773309
"EXTL3",0.121767770210867,0.0942071818426281,0.279740194264556
"GPSM2",0.121762521486963,0.0942214763107619,0.279740194264556
"VN1R5",0.121759022337694,0.0942310069144491,0.279740194264556
"USF1",0.121732778718174,0.09430251088199,0.279804894124457
"RPL26L1",0.121732778718174,0.09430251088199,0.279804894124457
"SERPINB10",0.121720531695731,0.0943358941629518,0.279807112873026
"MEMO1",0.121703035949385,0.0943836008653128,0.279807112873026
"FTCDNL1",0.121697787225481,0.0943979166162926,0.279807112873026
"OR4A15",0.121640051262537,0.0945555038558542,0.280021735394405
"SEL1L",0.121638301687902,0.0945602824897902,0.280021735394405
"DCAF8",0.121636552113267,0.0945650613157267,0.280021735394405
"FAM240C",0.121584064874227,0.0947085153981344,0.280357621425829
"PCBD2",0.121549073381534,0.0948042475206075,0.280469689302748
"ORC5",0.121545574232265,0.0948138249616829,0.280469689302748
"JADE2",0.121536826359091,0.0948377719289788,0.280469689302748
"SCT",0.121531577635187,0.0948521424167103,0.280469689302748
"TAOK1",0.121526328911283,0.0948665146351179,0.280469689302748
"SPG7",0.121526328911283,0.0948665146351179,0.280469689302748
"UBXN8",0.121472092097609,0.0950151289310037,0.280759647579075
"AP1S2",0.121470342522974,0.0950199260191751,0.280759647579075
"RAB11FIP1",0.121468592948339,0.0950247232998142,0.280759647579075
"PPCS",0.121456345925897,0.0950583096537923,0.280770044455832
"ILRUN",0.121423104007838,0.0951495201685376,0.280906171145686
"RNF149",0.121409107410761,0.0951879453945744,0.280943114124171
"SLC2A13",0.121402109112222,0.0952071626307496,0.280943114124171
"TEX14",0.121393361239049,0.0952311885107986,0.28096961716077
"SPDL1",0.121384613365875,0.0952552192078928,0.280996126034845
"CLP1",0.121354870597086,0.0953369596177008,0.281169484906133
"GP1BA",0.121346122723913,0.0953610115170194,0.281169484906133
"FRMPD3",0.121340874000009,0.0953754449703298,0.281169484906133
"MEP1B",0.121323378253662,0.0954235690159065,0.281181851521153
"TEK",0.121290136335603,0.0955150578439728,0.281318281074599
"SPHK2",0.121267391865353,0.0955776955986674,0.281458379533383
"ZNF778",0.121253395268275,0.0956162581232598,0.281525751709343
"PVALB",0.121248146544371,0.0956307222555188,0.281525751709343
"UHRF1BP1L",0.121183412282889,0.0958092561441284,0.281958857965044
"GRK6",0.121172914835081,0.0958382325102858,0.281958857965044
"GFPT2",0.121172914835081,0.0958382325102858,0.281958857965044
"SLC9B1",0.121076688230174,0.096104173584968,0.282652211948482
"RASA4",0.121059192483827,0.0961525893915776,0.282728687974557
"ZNF443",0.121048695036019,0.0961816481685385,0.282728687974557
"TAF5",0.121043446312115,0.0961961801710894,0.282728687974557
"CLMP",0.121039947162846,0.0962058691410532,0.282728687974557
"PARVB",0.121039947162846,0.0962058691410532,0.282728687974557
"SCAI",0.121017202692595,0.0962688663297951,0.282824814782956
"OR52A5",0.121006705244787,0.0962979529971703,0.282865770710153
"ZNF367",0.120931473535497,0.0965066116320915,0.283344989599267
"UBE4B",0.120915727363785,0.0965503297446075,0.28338424615909
"DAPL1",0.120903480341342,0.0965843435853263,0.283395004053347
"RDH11",0.12088773416963,0.0966280896375728,0.283477085137585
"VRK1",0.120882485445726,0.0966426751483724,0.283477085137585
"SHOC2",0.120852742676937,0.0967253593772906,0.283630524686808
"PTGS1",0.120829998206686,0.0967886263580869,0.283771489146567
"NUP133",0.120822999908147,0.0968080997253066,0.283784032407758
"SSUH2",0.120774011818377,0.0969445003445314,0.283989579008251
"C14orf177",0.120772262243742,0.0969493746134164,0.283989579008251
"TAF15",0.120770512669107,0.0969542490767084,0.283989579008251
"SPR",0.120747768198857,0.0970176347927545,0.284128977302462
"XRN2",0.120742519474953,0.0970322669326999,0.284128977302462
"CHRNA10",0.120732022027145,0.0970615364639401,0.284170129330701
"ZNF711",0.120719775004702,0.0970956931010604,0.284225574350377
"CFAP251",0.120707527982259,0.0971298592712608,0.284281029893444
"CCNB1IP1",0.120655040743219,0.0972763937311997,0.284619012697902
"CRP",0.120649792019315,0.0972910568142755,0.284619012697902
"AZI2",0.120613050951987,0.0973937474793202,0.284830195415563
"LMBRD1",0.120571061160755,0.0975112134602442,0.285084443109505
"ILF3",0.120557064563678,0.0975503937394317,0.28509374473764
"SLFN12",0.120553565414409,0.09756019075917,0.28509374473764
"TSSC4",0.120541318391966,0.0975944864714342,0.285149347518852
"C1orf158",0.120530820944158,0.0976238904030206,0.285190642447491
"ARL17B",0.120523822645619,0.0976434969255449,0.285203307566699
"RAMP1",0.120448590936329,0.097854464250851,0.285596182895592
"TIPRL",0.120431095189982,0.0979035781610726,0.28569487902128
"RPS11",0.120418848167539,0.0979379695214379,0.285750588780249
"RUVBL1",0.120390854973385,0.0980166142989851,0.285935377795665
"TMEM150C",0.120369860077769,0.0980756307190778,0.286062857927455
"WDR49",0.120354113906057,0.0981199115105698,0.286136056278351
"IPO4",0.120341866883614,0.0981543630776988,0.286136056278351
"RPUSD4",0.12033661815971,0.098169130968944,0.286136056278351
"OR7G3",0.120329619861171,0.0981888242292313,0.286136056278351
"TMEM53",0.120320871987998,0.0982134452063918,0.286136056278351
"LMAN2L",0.120317372838729,0.0982232949668296,0.286136056278351
"L3MBTL4",0.120317372838729,0.0982232949668296,0.286136056278351
"RNF5",0.120299877092382,0.0982725555098679,0.286233325268219
"AFG1L",0.120294628368478,0.098287337489028,0.286233325268219
"ETV1",0.120238641980169,0.0984451215689197,0.286603443557466
"ZNF491",0.120224645383091,0.0984845989244348,0.286641803813302
"PBK",0.120222895808457,0.0984895344754842,0.286641803813302
"ZSCAN26",0.120217647084553,0.0985043423042285,0.286641803813302
"FAM189A1",0.120193153039667,0.0985734688244844,0.286798271345392
"ITGB7",0.120159911121609,0.0986673448399168,0.287026687263284
"FUT10",0.120133667502089,0.0987415074884994,0.287122646832294
"KCMF1",0.120091677710857,0.098860259543587,0.28728904028983
"RAI1",0.120067183665971,0.0989295837852559,0.287431379398482
"PBX4",0.120054936643529,0.0989642603377451,0.287487404894654
"ST6GALNAC2",0.119997200680585,0.0991278651616243,0.287917886432114
"PPP2CA",0.119979704934238,0.0991774846320919,0.288017213961895
"RGS6",0.119953461314718,0.0992519507022295,0.288172691464996
"MOB3C",0.119941214292275,0.0992867166779285,0.288199987671277
"RPSA",0.119907972374217,0.0993811300609343,0.288429212901012
"PPP6R3",0.119885227903966,0.0994457696239191,0.288571969157289
"STAT5A",0.11986423300835,0.0995054664421018,0.288655497246458
"STIM1",0.119799498746867,0.0996897101773236,0.289055275154742
"SGCE",0.119780253425886,0.0997445373652758,0.289138924184523
"NPB",0.119778503851251,0.0997495228379139,0.289138924184523
"OLAH",0.119766256828808,0.0997844266670849,0.289147330007498
"NRG2",0.119761008104904,0.0997993884088009,0.289147330007498
"DSCC1",0.11975925853027,0.0998043760504465,0.289147330007498
"NFX1",0.119747011507827,0.099839295064158,0.289173239519067
"PLEKHA1",0.119726016612211,0.099899178717405,0.289242522269585
"WDR72",0.11970327214196,0.0999640847371379,0.28935372273944
"FAM207A",0.119696273843422,0.0999840625300878,0.28935372273944
"OR2AK2",0.119692774694152,0.099994052610856,0.28935372273944
"ZNF732",0.119657783201459,0.100093996851838,0.289550284988725
"FNDC5",0.119647285753651,0.100123995526729,0.289550284988725
"OPN1MW2",0.119607045537054,0.100239056329423,0.289746989793887
"NTN1",0.119607045537054,0.100239056329423,0.289746989793887
"EDC4",0.11960179681315,0.100254071966593,0.289746989793887
"SCAMP3",0.119594798514611,0.100274095583224,0.289760019977145
"IVL",0.119573803618995,0.100334185410247,0.289888806732949
"C3orf35",0.119524815529224,0.100474505746232,0.290171197642782
"VASH2",0.119516067656051,0.100499579269376,0.290171197642782
"PLPBP",0.119514318081416,0.100504594567634,0.290171197642782
"C19orf12",0.119512568506782,0.10050961006378,0.290171197642782
"RXFP4",0.119498571909704,0.100549741157482,0.290242189467872
"CBLN4",0.11947057871555,0.10063004135013,0.290429091679034
"TBC1D10A",0.119447834245299,0.100695322580318,0.290511811558839
"LHX9",0.119428588924318,0.100750586689279,0.290597367877835
"RCHY1",0.119393597431624,0.100851128310363,0.290765765250633
"PCP4",0.119386599133086,0.100871246147936,0.290765765250633
"ARFGEF1",0.119367353812104,0.100926586556983,0.290835508492241
"MAST3",0.119367353812104,0.100926586556983,0.290835508492241
"LGR4",0.119349858065758,0.100976916840349,0.290935652408263
"AKAP10",0.119342859767219,0.10099705450698,0.290948787594069
"IQUB",0.119314866573064,0.101077636914272,0.291133294862484
"TUBGCP2",0.119306118699891,0.101102829333601,0.291133294862484
"DEFB118",0.119297370826718,0.101128026714475,0.2911464508894
"RAB29",0.119279875080371,0.101178436363268,0.291246682725092
"SHBG",0.119272876781832,0.101198605781471,0.291259849217869
"OR6C2",0.119262379334024,0.101228865865474,0.291302049137687
"CCDC159",0.119239634863774,0.10129445390712,0.2914458821706
"ILDR2",0.119202893796446,0.101400474741403,0.291629346155808
"CBY3",0.119195895497907,0.101420679121973,0.291629346155808
"DLC1",0.119162653579848,0.101516693365212,0.291797104912479
"ZNF398",0.119153905706675,0.101541972201401,0.291797104912479
"WDR87",0.11915215613204,0.101547028565263,0.291797104912479
"CEBPA",0.119094420169096,0.101714000176575,0.292112973596449
"ABTB1",0.119094420169096,0.101714000176575,0.292112973596449
"TRAF3IP1",0.11907342527348,0.101774770859175,0.292179249161641
"ILKAP",0.11907342527348,0.101774770859175,0.292179249161641
"ZNF418",0.119068176549576,0.101789968009312,0.292179249161641
"AKR7A2",0.119061178251038,0.101810233663824,0.292179249161641
"GPR149",0.119059428676403,0.101815300575282,0.292179249161641
"BLZF1",0.119026186758344,0.101911609735303,0.292410696484332
"FOXP1",0.118980697817843,0.102043517775185,0.292668848093102
"DAAM1",0.118978948243208,0.102048593852125,0.292668848093102
"GPR143",0.118963202071496,0.102094287516488,0.29275493837831
"LRRN2",0.118947455899784,0.102139997332746,0.292841048539509
"PLCH1",0.118928210578803,0.102195886825738,0.29287972613039
"SWI5",0.118924711429534,0.10220605114508,0.29287972613039
"COL11A1",0.118921212280264,0.10221621626247,0.29287972613039
"CD46",0.118875723339763,0.102348435428414,0.293151569947688
"SPCS3",0.11886697546659,0.102373877661106,0.293151569947688
"TRAPPC3",0.118859977168051,0.102394235041305,0.293164913940122
"ATXN3",0.118844230996339,0.102440050829088,0.293251132630909
"HSPB8",0.118828484824627,0.10248588279527,0.293337371200685
"DLD",0.118796992481203,0.102577595276858,0.293554883449372
"CCDC7",0.118763750563144,0.102674473148786,0.2937421048601
"SIMC1",0.118725259921182,0.102786737708483,0.293838223395626
"TNPO1",0.118702515450931,0.102853121367839,0.293952607285698
"REM1",0.118688518853854,0.102893989660165,0.294009815008147
"WBP1",0.118676271831411,0.102929759924334,0.294067033248716
"GPKOW",0.118662275234334,0.102970652238032,0.294138865279519
"TRIM36",0.118641280338718,0.103032014737355,0.294224144837131
"NRF1",0.118622035017736,0.103088289031681,0.294309454589376
"SLC39A6",0.118620285443102,0.103093406078587,0.294309454589376
"QRFP",0.118608038420659,0.103129231016963,0.294366730623994
"AMMECR1",0.11860104012212,0.103149706818626,0.294380184068559
"POC5",0.118590542674312,0.103180426533263,0.294391355082607
"NUP98",0.118583544375774,0.103200910351565,0.294391355082607
"PLAA",0.118550302457715,0.103298252291983,0.294577912884998
"IRGM",0.118545053733811,0.103313628689052,0.294577912884998
"TRERF1",0.118527557987464,0.10336489638277,0.294677979324023
"COPE",0.11852230926356,0.103380280602431,0.294677979324023
"ROM1",0.118476820323059,0.103513686152912,0.294968203019801
"DNAJB7",0.118455825427443,0.103575303709632,0.295023378665903
"DGKH",0.118454075852808,0.103580439811112,0.295023378665903
"WDR31",0.11844707755427,0.103600986225129,0.295036904352014
"TMBIM4",0.118434830531827,0.103636950181574,0.295094325597053
"ITPRIP",0.118427832233288,0.103657505432593,0.295107861502912
"CHODL",0.118405087763038,0.103724332196898,0.29525310594563
"FBXO16",0.11839459031523,0.10375518677179,0.295295926264851
"ADGRF3",0.118377094568883,0.103806627141238,0.295397313498365
"MED13L",0.118356099673267,0.103868382119126,0.295528017132359
"RHOT2",0.11831585945667,0.103986826765987,0.295819950751193
"GCKR",0.118301862859592,0.104028049847872,0.295892150313563
"CIP2A",0.118279118389342,0.104095064823883,0.29603767788196
"KIAA1549",0.118258123493726,0.104156954994211,0.296168588835549
"TMPRSS15",0.118249375620552,0.104182751121753,0.296181094926247
"C1orf105",0.118235379023475,0.104224035397116,0.296224027556922
"EFHB",0.118224881575667,0.104255007062498,0.296266967726599
"MTRNR2L6",0.118216133702494,0.104280822323024,0.296293127426958
"IL18R1",0.118205636254686,0.1043118072838,0.296293127426958
"SKI",0.118205636254686,0.1043118072838,0.296293127426958
"SMIM38",0.118191639657608,0.104353131848237,0.296365433454634
"ASB12",0.118174143911262,0.104404805691273,0.296467105228861
"OPN5",0.118163646463454,0.104435819672263,0.296510089419152
"MS4A10",0.118130404545395,0.10453407849727,0.296653768426533
"NSL1",0.118130404545395,0.10453407849727,0.296653768426533
"SLC46A2",0.118111159224414,0.104590998462537,0.296725123391514
"ASCL4",0.118090164328798,0.104653120811117,0.296856270393138
"GCLM",0.118058671985374,0.10474635882322,0.297075626026189
"AFAP1L2",0.118025430067315,0.10484484768929,0.297309804956755
"WDSUB1",0.118013183044872,0.104881151439401,0.297343893510128
"RNF139",0.11799743687316,0.104927842234718,0.297343893510128
"POLR1A",0.117985189850718,0.104964168612711,0.297343893510128
"C11orf87",0.117978191552179,0.104984930988862,0.297343893510128
"KLHL2",0.11797119325364,0.105005696598754,0.297343893510128
"PTTG1IP",0.117969443679006,0.105010888506535,0.297343893510128
"C3orf70",0.117967694104371,0.105016080616449,0.297343893510128
"NAE1",0.117883714521907,0.105265539694314,0.297914717280044
"MPHOSPH8",0.117864469200926,0.105322773048699,0.298031531735985
"PSMD13",0.117855721327752,0.105348796306198,0.298060009061437
"GTSF1",0.117824228984328,0.105442521943361,0.298279996942473
"ZNF470",0.117811981961885,0.105478988522094,0.298337966021297
"AKAP13",0.117797985364808,0.105520676765976,0.298378326981402
"IGSF5",0.117794486215539,0.105531100852867,0.298378326981402
"MTERF4",0.117785738342365,0.105557164615877,0.298378326981402
"SENP2",0.117775240894558,0.105588447818502,0.298421587690427
"C12orf71",0.117714005782344,0.105771078611618,0.298892519919893
"ZNF846",0.117677264715016,0.105880776339095,0.299139616099086
"ZC3HAV1",0.117673765565747,0.10589122840844,0.299139616099086
"CFAP47",0.117652770670131,0.105953957872904,0.299182962992796
"TAS2R50",0.117645772371592,0.105974874189934,0.299196787660045
"NPNT",0.117633525349149,0.106011485561094,0.29925491298957
"HSF4",0.117617779177437,0.106058571943914,0.299342585707199
"XPNPEP2",0.117605532154995,0.106095206059191,0.29935550209419
"ZNF514",0.117588036408648,0.106147557775821,0.299457974172392
"ZNF195",0.117558293639859,0.106236602325349,0.299586395008339
"WDR83OS",0.11755129534132,0.106257562519959,0.299586395008339
"TXNDC17",0.117547796192051,0.106268043836897,0.299586395008339
"CSGALNACT2",0.117528550871069,0.106325705615959,0.299643711797745
"GADD45GIP1",0.117507555975453,0.106388637435732,0.299760164686027
"SLC35D3",0.117504056826184,0.106399128919665,0.299760164686027
"TBC1D22B",0.117497058527645,0.106420114328422,0.299774065640665
"MRPL46",0.117484811505203,0.106456846625732,0.299801882471308
"MRPL13",0.117483061930568,0.106462094910565,0.299801882471308
"MED15",0.117474314057395,0.106488339386752,0.299830578378861
"INPP1",0.117427075542259,0.106630147479007,0.300122854361139
"SKIV2L",0.117427075542259,0.106630147479007,0.300122854361139
"RP1",0.117418327669085,0.106656424523179,0.300122854361139
"LRP12",0.117406080646643,0.106693220937955,0.300135953341956
"FGFR2",0.117376337877853,0.106782625211797,0.300296989678592
"CCNH",0.117336097661256,0.106903677665839,0.300592153581332
"TMEM202",0.117301106168563,0.107009028328107,0.300843084909788
"UBE2Z",0.117259116377331,0.107135556815845,0.301153470664166
"PCDH19",0.117215377011464,0.10726748231903,0.301478931495894
"TMEM121",0.117185634242675,0.107357264552925,0.301595107218777
"KLK15",0.117164639347059,0.107420675789422,0.301726188727563
"CATSPER2",0.117154141899251,0.107452392440941,0.301726188727563
"CERS3",0.117073661466056,0.107695797923964,0.302364209565238
"TNFRSF21",0.117056165719709,0.107748769424959,0.302467460962052
"GPR139",0.117043918697267,0.107785861650533,0.302526112441443
"TCTN1",0.117033421249459,0.107817662968336,0.302569898361629
"TMEM106B",0.116987932308957,0.107955553841566,0.302865009631912
"TBP",0.116986182734323,0.107960860101092,0.302865009631912
"ZXDC",0.116982683585053,0.107971473234594,0.302865009631912
"RAD23A",0.116954690390899,0.108056407800518,0.303057737210163
"SPRR4",0.116879458681608,0.108284929417051,0.303546153336411
"RAP2B",0.116863712509896,0.108332807504798,0.303604968931514
"ITIH4",0.116804226972317,0.108513830272712,0.303990369881343
"GRAP",0.116802477397683,0.108519158063767,0.303990369881343
"ANAPC1",0.11679023037524,0.108556458350216,0.304049252571782
"PRX",0.116779732927432,0.108588438032802,0.304092405810494
"NLRP5",0.116774484203528,0.108604430646605,0.304092405810494
"SLITRK6",0.116753489307912,0.108668419588212,0.30420863292729
"PHF2",0.116744741434739,0.108695090378247,0.30420863292729
"ACOT7",0.116742991860104,0.108700425152647,0.30420863292729
"CNIH4",0.116732494412296,0.108732438114206,0.304222773666053
"ATP6V1E1",0.116702751643507,0.10882318168475,0.304431057690892
"CFI",0.116676508023987,0.108903298880719,0.304609556671606
"LRRC75A",0.116655513128371,0.108967425953009,0.304726770339984
"PIP5K1B",0.116646765255197,0.108994154308797,0.304726770339984
"ADSL",0.116629269508851,0.109047626451224,0.304753596274868
"PMS2",0.116622271210312,0.109069021069887,0.304753596274868
"UBE2R2",0.116604775463965,0.109122522023436,0.304781241338962
"CFAP61",0.116603025889331,0.109127873250891,0.304781241338962
"DCAF8L1",0.116583780568349,0.109186750340399,0.304900082140744
"WNT4",0.116550538650291,0.109288505818642,0.305092994718827
"MED19",0.116538291627848,0.109326013423114,0.305136401957072
"MPV17L2",0.116534792478579,0.109336731735742,0.305136401957072
"SYCP2",0.116508548859059,0.109417145353227,0.305269585691195
"PUS7L",0.116489303538077,0.10947614481243,0.305297369048373
"TTC26",0.116468308642461,0.109540536309645,0.305431331161381
"C17orf67",0.116461310343923,0.109562006740705,0.305445594549843
"SPRYD4",0.116447313746845,0.109604957502626,0.305519729301351
"MXI1",0.116438565873672,0.109631808432692,0.305548970942986
"UBAC2",0.116428068425864,0.109664036356761,0.305562564712858
"FICD",0.116405323955613,0.109733889008652,0.305696615621359
"GOLGA6L9",0.116366833313651,0.109852180654869,0.305934883076398
"GZMK",0.116349337567304,0.109905982621207,0.306023425585007
"FEZ2",0.116345838418035,0.109916745492837,0.306023425585007
"CRYZL1",0.116333591395592,0.109954422050188,0.306082692831914
"TUFM",0.116319594798515,0.109997493368096,0.306156957696358
"DOCK4",0.116289852029725,0.110089063829127,0.306287948110618
"AK6",0.116282853731187,0.110110618500657,0.306287948110618
"LARP4",0.116281104156552,0.110116007685335,0.306287948110618
"AIG1",0.116272356283379,0.110142956709729,0.306287948110618
"GALNTL6",0.116253110962397,0.110202262758334,0.306361634307032
"TOR3A",0.116232116066781,0.110266988804966,0.306495323772614
"SMNDC1",0.116226867342877,0.110283174970656,0.306495323772614
"MLN",0.116211121171165,0.110331744639443,0.306584066471283
"SOX21",0.116205872447261,0.110347938253371,0.306584066471283
"CCIN",0.116195374999453,0.110380331068492,0.306627840470169
"TBC1D23",0.116190126275549,0.110396530269941,0.306627840470169
"OR8J3",0.116183127977011,0.110418132102858,0.306642235710481
"NOL7",0.116170880954568,0.110455943279857,0.30670163495311
"LUZP4",0.116141138185779,0.110547812660443,0.306911096959481
"HS3ST2",0.116125392014067,0.110596473621271,0.306969941684309
"SFTPD",0.116123642439432,0.110601881430377,0.306969941684309
"SHISA6",0.116067656051123,0.110775040724502,0.30726788364337
"STS",0.116050160304776,0.110829196530606,0.30737244942168
"PER3",0.116008170513544,0.110959255073819,0.30761114790055
"GPX8",0.116006420938909,0.11096467677265,0.30761114790055
"CAPNS1",0.115992424341832,0.111008057832612,0.307685735838803
"PDZD11",0.115971429446216,0.111073154324247,0.307820482291089
"ARSK",0.115913693483272,0.111252323817432,0.308179827887031
"PLCXD3",0.115899696886195,0.111295792905765,0.308254519992298
"UMAD1",0.115885700289117,0.111339275290616,0.308267916304271
"WWP1",0.115882201139848,0.111350147964693,0.308267916304271
"NELL1",0.115873453266675,0.111377333286562,0.308297476872659
"BRK1",0.115861206244232,0.111415401466124,0.308357148456036
"HLCS",0.115824465176904,0.111529667122699,0.308581404792761
"BPIFB2",0.115819216453,0.111545998273502,0.308581404792761
"FAM43B",0.115728238571997,0.111829369068812,0.309273700093164
"MARS2",0.115703744527112,0.111905757376265,0.309377707370796
"TMOD4",0.115701994952477,0.111911215245935,0.309377707370796
"CABLES2",0.115677500907592,0.111987647294038,0.30952808951657
"NBAS",0.115656506011976,0.112053192981353,0.30966342588336
"MAB21L1",0.115616265795378,0.112178906108843,0.30990195865208
"SETD2",0.115612766646109,0.112189842897374,0.30990195865208
"SACM1L",0.115602269198301,0.112222658267873,0.30990195865208
"VAT1L",0.115597020474397,0.112239068768616,0.30990195865208
"MRPL11",0.115555030683165,0.112370420363178,0.310172919110657
"PPIP5K1",0.115523538339741,0.112469012939189,0.310353322348153
"ANGPTL5",0.115492045996317,0.112567673157215,0.310579681472028
"NDN",0.11545180577972,0.112693837470837,0.310784535496876
"SEC22B",0.11544830663045,0.112704813504008,0.310784535496876
"C11orf16",0.115446557055816,0.112710301834053,0.310784535496876
"KCTD13",0.115444807481181,0.112715790373076,0.310784535496876
"SUFU",0.115436059608008,0.112743236203037,0.310784535496876
"ZBED2",0.115415064712392,0.112809127514771,0.310784535496876
"SERPINI2",0.115415064712392,0.112809127514771,0.310784535496876
"SMTNL2",0.115409815988488,0.112825605046314,0.310784535496876
"PSMA5",0.115401068115314,0.112853071780496,0.310784535496876
"RTTN",0.115397568966045,0.112864059937844,0.310784535496876
"RNPC3",0.115390570667506,0.112886038761901,0.310784535496876
"TREX2",0.115388821092872,0.112891533990726,0.310784535496876
"KLK10",0.115357328749448,0.112990483876044,0.310858106792373
"IL1RAPL2",0.11531708853285,0.11311701849086,0.311130108591356
"RGS8",0.115297843211869,0.113177574186343,0.311155542780457
"ENGASE",0.115296093637234,0.113183080505745,0.311155542780457
"CAAP1",0.115282097040157,0.113227138599145,0.311155542780457
"PRR14",0.115280347465522,0.113232646803164,0.311155542780457
"USP35",0.115278597890888,0.113238155216608,0.311155542780457
"ROS1",0.115250604696733,0.113326318317392,0.311155542780457
"PDHA1",0.115247105547464,0.113337342475689,0.311155542780457
"SPRR2B",0.115247105547464,0.113337342475689,0.311155542780457
"MBOAT4",0.115245355972829,0.113342854869107,0.311155542780457
"CHFR",0.115245355972829,0.113342854869107,0.311155542780457
"RASSF8",0.11523835767429,0.11336490653802,0.311170340168145
"SOWAHB",0.115231359375752,0.113386961559542,0.311185142407936
"AIFM3",0.115154378091826,0.11362978815446,0.311698669617731
"VTN",0.115150878942557,0.113640835373052,0.311698669617731
"ATG16L2",0.115142131069384,0.113668457090639,0.311728649724638
"SPOUT1",0.115100141278152,0.113801114354517,0.312046632166342
"PNRC2",0.115024909568861,0.114039094368894,0.312607386824229
"LGALS3",0.115010912971784,0.114083412571808,0.312682978161298
"GPR42",0.114984669352264,0.114166545454706,0.312864916054598
"GSTA2",0.114963674456648,0.114233085815649,0.313001336662714
"LARS1",0.114867447851741,0.114538450024767,0.313684413175273
"HSPD1",0.114851701680029,0.114588479326152,0.31369834628039
"CEBPE",0.11484470338149,0.114610720045945,0.31369834628039
"ERFL",0.114841204232221,0.114621841669382,0.31369834628039
"HNRNPCL1",0.114772970821469,0.114838881749281,0.314184705676302
"TMEM210",0.1147694716722,0.11485002064961,0.314184705676302
"RAD17",0.11471348528389,0.115028357752486,0.31458040846177
"PDS5B",0.114706486985352,0.115050665075178,0.314595347136753
"MSANTD4",0.114685492089736,0.115117607296881,0.314732313552414
"POU2F3",0.114603262081906,0.115380090318562,0.315141727645296
"VPS26A",0.114601512507272,0.115385680131711,0.315141727645296
"YY2",0.114601512507272,0.115385680131711,0.315141727645296
"ZNF827",0.114596263783368,0.115402450838635,0.315141727645296
"HLA-DQB2",0.114591015059464,0.115419223446874,0.315141727645296
"MICU1",0.114568270589213,0.115491926723079,0.315294141716157
"MYORG",0.114561272290674,0.115514304146724,0.315309141222481
"NAPEPLD",0.114526280797981,0.115626241995092,0.31556856576068
"DNMT3B",0.114498287603826,0.115715853167892,0.315766989153061
"SPESP1",0.114465045685768,0.115822336767142,0.315965229544718
"SEPTIN7",0.11442830461844,0.115940118042756,0.316162540207553
"DMGDH",0.114419556745266,0.115968174962853,0.316162540207553
"HES6",0.114414308021362,0.11598501165562,0.316162540207553
"NOX5",0.114412558446728,0.115990624310021,0.316162540207553
"THTPA",0.114330328438898,0.116254657998663,0.316804337305898
"ZNF512",0.114314582267186,0.116305271041869,0.316804337305898
"CCNI2",0.114312832692552,0.116310895773317,0.316804337305898
"ELOVL6",0.114312832692552,0.116310895773317,0.316804337305898
"ZNF135",0.114311083117917,0.116316520716778,0.316804337305898
"LUC7L",0.114298836095474,0.116355901257766,0.316865385227476
"TMEM247",0.114283089923762,0.116406548649752,0.316910889589324
"TELO2",0.114258595878877,0.116485367629858,0.317002171075155
"SSBP2",0.114256846304242,0.11649099914804,0.317002171075155
"AMPD1",0.114211357363741,0.116637493103345,0.317354577680371
"MCL1",0.114193861617394,0.116693875138847,0.317461735192003
"HOXD11",0.114101134161757,0.116993054523228,0.318182945431165
"PTHLH",0.114055645221256,0.117140040041542,0.318489938537755
"H4-16",0.114006657131485,0.117298492939843,0.318781527087385
"GDPD3",0.113992660534408,0.117343795839223,0.318858246921771
"TRAF6",0.113980413511965,0.117383447051504,0.318903981350686
"PGAP1",0.113962917765618,0.11744010973715,0.318980520094882
"CDRT15",0.113957669041714,0.117457112695037,0.318980520094882
"ARL4C",0.113943672444637,0.117502463286552,0.31905728472516
"DDX1",0.113885936481693,0.117689678593819,0.319472737996826
"SHMT2",0.113835198817288,0.117854392751226,0.319780421185806
"ZNF680",0.113822951794845,0.11789417821029,0.319810869396511
"OR2V2",0.11382120222021,0.117899862700523,0.319810869396511
"MTX2",0.113796708175325,0.117979467964491,0.319980328740173
"BRWD1",0.113780962003613,0.118030664861576,0.320026233588094
"FGG",0.113763466257266,0.118087570578458,0.320087249301548
"SMARCA5",0.113756467958728,0.118110338842195,0.320087249301548
"ACTR6",0.113752968809458,0.118121724254994,0.320087249301548
"ASRGL1",0.113738972212381,0.118167274446595,0.320164227123838
"EFHC2",0.113721476466034,0.118224231404788,0.320194625938003
"C4orf19",0.1137197268914,0.118229928275245,0.320194625938003
"MDK",0.113675987525533,0.118372419465103,0.320440732551713
"HMGN3",0.113668989226994,0.118395230448476,0.320440732551713
"GPR63",0.11366374050309,0.118412340930085,0.320440732551713
"LONRF1",0.113649743906013,0.118457978285819,0.320486919088216
"GNA12",0.113625249861128,0.11853787658102,0.32059434935985
"DDX58",0.113620001137223,0.118555003096742,0.32059434935985
"RPA2",0.113616501987954,0.118566421843147,0.32059434935985
"SMIM29",0.113606004540146,0.118600683215207,0.32059434935985
"ZNF785",0.113606004540146,0.118600683215207,0.32059434935985
"TCL1B",0.113590258368434,0.118652089711189,0.320640411159294
"PDZD8",0.1135885087938,0.118657802613673,0.320640411159294
"GADD45G",0.11358500964453,0.118669229060454,0.320640411159294
"GRM8",0.113571013047453,0.118714943405776,0.320717529733296
"ZNF772",0.113543019853298,0.118806413183464,0.320871810934833
"FLII",0.113522024957682,0.118875051477224,0.32101076653971
"FAHD1",0.113513277084509,0.118903659865603,0.321041600643342
"UCN3",0.113497530912797,0.118955168455603,0.321134247770577
"LOXL1",0.113490532614258,0.118978066730673,0.321149642182692
"OR52L1",0.113457290696199,0.119086880344031,0.321396904234844
"CASK",0.113417050479602,0.119218705588382,0.321659714759985
"GOLGA8N",0.113417050479602,0.119218705588382,0.321659714759985
"TBC1D16",0.113387307710813,0.119316214527925,0.321721371873216
"CCDC127",0.113385558136178,0.119321952277891,0.321721371873216
"RASA1",0.113383808561543,0.119327690242331,0.321721371873216
"ZMYM4",0.113368062389831,0.119379341574328,0.321798648589519
"MASP1",0.113364563240562,0.119390822007697,0.321798648589519
"SPEF2",0.113359314516658,0.119408044266725,0.321798648589519
"RPN1",0.113350566643485,0.119436752322679,0.321829575296257
"OR5J2",0.113326072598599,0.119517163418384,0.32199978995986
"FAM120AOS",0.113294580255175,0.11962061092808,0.322232010629283
"DGKK",0.113273585359559,0.119689614581246,0.322371393412078
"PANK2",0.113263087911751,0.119724128004831,0.322402345228537
"PTPRT",0.113254340038578,0.119752895098006,0.322402345228537
"KDR",0.113233345142962,0.119821958034294,0.32254178268211
"RAB9B",0.113193104926365,0.11995441515605,0.322851802486581
"DSG4",0.11313886811269,0.120133124269373,0.323193061283985
"XDH",0.113135368963421,0.1201446609872,0.323193061283985
"FAM209B",0.113133619388786,0.120150429668811,0.323193061283985
"BRINP3",0.113119622791709,0.120196586867037,0.323270659033523
"TMSB15B",0.113082881724381,0.120317815039083,0.323503529177933
"ZNF239",0.113051389380957,0.120421800459422,0.323689917297088
"HRH2",0.113051389380957,0.120421800459422,0.323689917297088
"SPATA21",0.11303389363461,0.12047960028525,0.323798678216625
"KLF15",0.113004150865821,0.120577909425972,0.324016264235894
"ZNF577",0.112909673835549,0.120890598701132,0.324809785835468
"SART3",0.112883430216029,0.120977568440889,0.324918814354251
"TRPV6",0.112879931066759,0.120989168074383,0.324918814354251
"NPAP1",0.112878181492125,0.120994968214835,0.324918814354251
"PCNA",0.11287643191749,0.121000768571098,0.324918814354251
"ZZZ3",0.112857186596509,0.121064586734742,0.325043447650668
"CDC37",0.112834442126258,0.121140041876279,0.325199284473393
"AGR3",0.11279770105893,0.121262008040567,0.325339644040458
"ADPRHL1",0.11279770105893,0.121262008040567,0.325339644040458
"ZFP41",0.112792452335026,0.121279439554094,0.325339674391303
"PAIP1",0.112781954887218,0.121314308414216,0.325355337909987
"GK5",0.112780205312583,0.121320120647095,0.325355337909987
"USP13",0.112739965095986,0.121453861647151,0.325667239069949
"MAGED2",0.112659484662791,0.121721686769344,0.326338533176037
"PGAP4",0.112654235938887,0.121739169524524,0.326338557491032
"SFXN4",0.112615745296925,0.121867435913203,0.326635509918913
"DNAAF11",0.11258775210277,0.121960786372307,0.326838807043937
"CENPE",0.112579004229597,0.121989969759923,0.326870111224723
"ZNF782",0.112554510184711,0.122071712054201,0.327042216945095
"LONP1",0.112530016139826,0.12215349681366,0.327214387047032
"MRPL21",0.112467031452978,0.122363995561994,0.32763737745242
"ANKRD52",0.112461782729074,0.122381549809364,0.32763737745242
"GLT8D1",0.112460033154439,0.122387401658952,0.32763737745242
"RFX3",0.112451285281266,0.12241666416058,0.32763737745242
"CSPP1",0.112414544213938,0.122539625895796,0.327872500462736
"CEP104",0.11240404676613,0.122574775397355,0.327888273874281
"ZNHIT6",0.112402297191495,0.122580634407273,0.327888273874281
"YWHAQ",0.112370804848071,0.122686133707072,0.328123476029396
"COX7B2",0.112321816758301,0.122850383576879,0.328468684850651
"KCNH1",0.112316568034397,0.122867991878402,0.3284687398112
"PPM1L",0.112293823564146,0.122944317117213,0.328578715867355
"RNF135",0.112288574840242,0.122961935849682,0.328578782934421
"CCNG1",0.112264080795357,0.123044182468418,0.328751523859825
"SLX4IP",0.112222091004125,0.123185275821869,0.329034355155782
"ZNF860",0.11219409780997,0.123279407662698,0.32923869834242
"KRI1",0.112131113123122,0.123491408008039,0.329757726044914
"LGALS14",0.112122365249949,0.123520874816609,0.32978925776626
"LAMP1",0.112101370354333,0.123591617372703,0.32993096713159
"HPDL",0.112082125033351,0.123656492272784,0.330056974372804
"CCL14",0.112069878010909,0.123697790027018,0.330120023798883
"SSPOP",0.112054131839197,0.123750902830457,0.330214582263411
"DHRS7B",0.112048883115293,0.123768611021503,0.33021465420537
"AGBL4",0.112034886518215,0.123815842455755,0.330215417243409
"TUBE1",0.112020889921138,0.123863087843073,0.330215417243409
"ZNF76",0.112019140346503,0.123868994497678,0.330215417243409
"DMRT1",0.112008642898695,0.123904439004684,0.330215417243409
"LRP11",0.112008642898695,0.123904439004684,0.330215417243409
"LRRC1",0.112006893324061,0.12391034718579,0.330215417243409
"MCTP2",0.111966653107463,0.124046295553158,0.330483397396687
"DTYMK",0.11195790523429,0.124075864817756,0.330515026577723
"STIMATE",0.111914165868423,0.124223792983561,0.330751915089264
"NLE1",0.111914165868423,0.124223792983561,0.330751915089264
"TMEFF2",0.111912416293789,0.124229712948023,0.330751915089264
"KIF15",0.111910666719154,0.12423563313082,0.330751915089264
"EPG5",0.111896670122077,0.124283002453821,0.330783718658623
"CCDC122",0.111891421398173,0.124300769553033,0.330783866083279
"C1GALT1C1",0.111847682032306,0.124448905161373,0.331036569262755
"LAPTM4B",0.111830186285959,0.124508197638912,0.331099971394608
"PNPLA4",0.111803942666439,0.124597177334655,0.331242261053669
"ZCCHC17",0.111793445218631,0.124632782985003,0.331258762337648
"PYGO1",0.111786446920093,0.124656524458072,0.331258762337648
"CDS1",0.11177419989765,0.124698080454647,0.33127472981095
"UTP25",0.111749705852765,0.124781224597506,0.331401329718859
"TENM3",0.111742707554226,0.124804987941656,0.331417311929243
"PAQR9",0.111726961382514,0.124858468264874,0.331434189464888
"ZBTB14",0.11172171265861,0.124876298977834,0.331434189464888
"BCL2L15",0.111716463934706,0.124894131660274,0.331434189464888
"TPSAB1",0.111714714360071,0.124900076325438,0.331434189464888
"GBP3",0.111707716061533,0.124923857174633,0.331434665722771
"WDR4",0.111686721165917,0.124995220734667,0.331545340497179
"MICAL1",0.111672724568839,0.125042813954638,0.331624480746495
"CLYBL",0.111667475844935,0.125060665024816,0.331624730939011
"MTR",0.111655228822493,0.12510232518613,0.331688106924498
"AMZ2",0.111630734777607,0.125185677703874,0.331814890263633
"C11orf86",0.111607990307357,0.125263114916405,0.331847547562283
"MYRIP",0.111606240732722,0.125269073158818,0.331847547562283
"EIF4A3",0.111576497963933,0.125370396810575,0.332021771247064
"TCEANC",0.111552003919047,0.125453887385054,0.332195774961473
"TEX2",0.11153800732197,0.125501615579849,0.332275045728561
"GDF9",0.111531009023431,0.125525484940488,0.332291134904118
"OR2D2",0.11151176370245,0.125591143777504,0.332325915075594
"DPH6",0.11150826455318,0.125603084599578,0.332325915075594
"B3GALNT1",0.111494267956103,0.125650856663631,0.332325915075594
"OTP",0.111490768806834,0.125662801873765,0.332325915075594
"GFUS",0.111487269657564,0.125674747961619,0.332325915075594
"C14orf178",0.111478521784391,0.125704617021519,0.332325915075594
"ZBTB45",0.111476772209756,0.125710591491867,0.332325915075594
"FERMT1",0.111475022635122,0.125716566181681,0.332325915075594
"SMG6",0.111438281567794,0.125842085372531,0.332610640591196
"CYP2A6",0.111392792627292,0.125997624244471,0.332974618705213
"ASPN",0.111375296880946,0.126057486426255,0.333038565072391
"SLC29A1",0.111370048157042,0.126075449365299,0.333038909808534
"GTF3C4",0.111361300283868,0.126105391991953,0.333070895324808
"PLEKHA3",0.111345554112156,0.126159302565518,0.333166167238917
"TOPBP1",0.111329807940444,0.126213230943364,0.333261459224977
"KRCC1",0.111322809641906,0.126237204827112,0.333277641695101
"MYL3",0.111251077081884,0.126483140012198,0.333785378390251
"NOBOX",0.111231831760903,0.12654918554423,0.333881906696726
"ZPBP",0.111228332611634,0.126561196683903,0.333881906696726
"DKK2",0.11122308388773,0.126579215044239,0.333881906696726
"ACLY",0.111200339417479,0.126657317499991,0.334009045697518
"CHRNA6",0.111177594947228,0.12673545716635,0.334120750711286
"MRPS22",0.111165347924786,0.126777547787467,0.334137381100585
"OR1J2",0.111146102603804,0.126843711999547,0.334233689934851
"RASAL1",0.111132106006727,0.126891848170573,0.334234514929963
"PANX2",0.111128606857458,0.126903884416811,0.334234514929963
"MCTS1",0.111076119618418,0.127084533906377,0.334663107055201
"PTPRD",0.111055124722802,0.127156849261773,0.334806332555036
"AVIL",0.111016634080839,0.12728950990677,0.33510838553973
"ELF1",0.1110096357823,0.127313641496688,0.335124674924897
"CCDC115",0.111002637483762,0.127337776617371,0.335140969011559
"RNF111",0.11093440407301,0.127573279137417,0.335587523825583
"SLC6A13",0.110932654498375,0.127579322079762,0.335587523825583
"MATK",0.110922157050567,0.127615584372284,0.335620167783469
"RNF126",0.110918657901298,0.127627673570261,0.335620167783469
"TRAP1",0.110890664707143,0.127724418967723,0.335827291094071
"MSH2",0.110864421087623,0.127815169155133,0.335924021832432
"ASCC1",0.110848674915911,0.127869643139639,0.335988536225437
"SRCIN1",0.11079968682614,0.12803923229596,0.336276749485023
"CHD4",0.110794438102236,0.12805741284737,0.336276749485023
"LIN52",0.110759446609543,0.128178667411384,0.336453238591006
"SKIL",0.110759446609543,0.128178667411384,0.336453238591006
"IGSF8",0.1107471995871,0.128221127421344,0.336517394002391
"CALCOCO2",0.110733202990023,0.12826966642797,0.336582039923385
"C19orf71",0.110729703840754,0.128281803393374,0.336582039923385
"C16orf90",0.110710458519772,0.12834857253364,0.336709922831615
"COMMD4",0.11069471234806,0.128403221759744,0.336805978874294
"IBTK",0.110678966176348,0.128457888925933,0.3368866133074
"OSGEP",0.110675467027079,0.128470039621723,0.3368866133074
"OAS2",0.110657971280732,0.128530806393308,0.336983206892474
"H1-10",0.110654472131463,0.128542962406403,0.336983206892474
"GOLPH3L",0.110628228511943,0.128634160759283,0.337096277182995
"IFT88",0.110626478937308,0.128640242422532,0.337096277182995
"ZDHHC17",0.11058973786998,0.128768008560571,0.337290160321394
"WDR13",0.110582739571442,0.128792356054134,0.337290160321394
"RGS21",0.110559995101191,0.128871509915251,0.337370944656186
"ARHGAP5",0.110532001907036,0.128968981517141,0.337547436626061
"STK36",0.110530252332402,0.128975075378216,0.337547436626061
"ADRB2",0.110507507862151,0.129054315767102,0.337692642892112
"RNASEH1",0.110502259138247,0.129072607337431,0.337692642892112
"DDX51",0.110498759988978,0.129084802827521,0.337692642892112
"MYB",0.110428777003591,0.129328899144227,0.338189095549927
"NYAP2",0.110428777003591,0.129328899144227,0.338189095549927
"JPH1",0.110402533384071,0.129420526890214,0.338381318801852
"GPR156",0.110385037637724,0.129481639832151,0.338447476135544
"PID1",0.110374540189916,0.129518318266263,0.338447476135544
"G6PC1",0.110362293167474,0.129561119887564,0.338511957893137
"OR10C1",0.110351795719666,0.1295978156625,0.338513119624175
"MAGEC2",0.110329051249415,0.1296773506377,0.338626146603704
"VCAN",0.110245071666951,0.129971343935961,0.339298968318146
"DNAJC5B",0.110211829748892,0.130087857961801,0.339508221813107
"C15orf40",0.110187335704007,0.130173761848061,0.339684948480422
"RPA4",0.110157592935218,0.130278132413812,0.339816063917309
"TATDN3",0.110155843360583,0.13028427386435,0.339816063917309
"GRM2",0.110148845062044,0.130308841895156,0.339816063917309
"IFI27L2",0.110126100591794,0.130388712624855,0.339960853969259
"DERL2",0.110113853569351,0.130431735545794,0.340025557377616
"GPD1",0.110096357823004,0.130493215814072,0.340060086126477
"EID1",0.1100911090991,0.130511664243097,0.340060086126477
"KRTAP1-1",0.110089359524466,0.130517814165485,0.340060086126477
"IL1RL1",0.110045620158599,0.130671634721613,0.340381926685715
"ENKUR",0.110043870583964,0.130677790444237,0.340381926685715
"SPANXN1",0.110029873986887,0.130727044258868,0.340431940712729
"USE1",0.110022875688348,0.130751676522404,0.340431940712729
"LRIT2",0.110005379942002,0.13081327280584,0.340544840106198
"XKR9",0.10998963377029,0.13086872854818,0.340641724650287
"POLR1D",0.109954642277596,0.130992028288311,0.340867649479239
"APOBEC3A",0.109945894404423,0.131022867182779,0.340900399485313
"RNF220",0.109916151635634,0.131127761202248,0.341125793037077
"NME5",0.10990740376246,0.131158624674374,0.341127108784467
"CCDC171",0.109905654187826,0.131164798039262,0.341127108784467
"TFR2",0.109865413971228,0.131306847126053,0.341369998731733
"REPS1",0.109863664396594,0.131313025856113,0.341369998731733
"MYO18A",0.109851417374151,0.13135628322771,0.34141953861451
"PALB2",0.109847918224882,0.131368644489391,0.34141953861451
"CSMD3",0.109835671202439,0.131411915950307,0.341484477847215
"CCNQ",0.109807678008284,0.131510863305436,0.341646527068064
"EMB",0.109807678008284,0.131510863305436,0.341646527068064
"DDX55",0.109767437791687,0.131653200483427,0.34192117538986
"DIP2C",0.109758689918514,0.131684159015753,0.341922563969255
"HACL1",0.109756940343879,0.131690351393813,0.341922563969255
"CMC1",0.109744693321436,0.131733704308992,0.341956128419523
"ATF7IP2",0.109742943746802,0.131739898478179,0.341956128419523
"PCNX3",0.109718449701916,0.131826640359455,0.342086193601943
"MFN2",0.109711451403378,0.1318514318166,0.342102992582219
"FAM189B",0.109693955657031,0.13191342613943,0.342216300400054
"ERAL1",0.109688706933127,0.131932028804761,0.342217023605237
"PATE3",0.109678209485319,0.131969240184847,0.342234569697447
"PEX7",0.109664212888242,0.132018867906658,0.342299649732714
"CCNE1",0.109658964164338,0.132037482000037,0.342300390593099
"IKZF4",0.109641468417991,0.13209954354668,0.342366233038829
"MRPL37",0.109634470119452,0.132124374441794,0.342383074382538
"OTUD6A",0.109576734156508,0.132329366218033,0.342866709695891
"CXCL11",0.109553989686258,0.132410187620544,0.343028528783642
"HAUS2",0.109529495641372,0.132497268463906,0.343158921901528
"RMDN1",0.109529495641372,0.132497268463906,0.343158921901528
"EXOSC4",0.109508500745756,0.132571944200752,0.343289356615295
"NXPE2",0.109505001596487,0.132584393299749,0.343289356615295
"THUMPD3",0.109480507551602,0.132671562140213,0.343452075966512
"CRIPT",0.109477008402332,0.13268401842463,0.343452075966512
"SMC5",0.109466510954524,0.13272139266804,0.343501209737848
"TRIM28",0.109442016909639,0.132808630683141,0.343679366307099
"CCNB1",0.109403526267676,0.132945807967582,0.343908313535209
"HADHB",0.109398277543772,0.132964522388732,0.343908313535209
"BANK1",0.109396527969137,0.132970760978675,0.343908313535209
"CENPW",0.109370284349617,0.133064366804793,0.344007490925569
"RBM45",0.109351039028636,0.133133043230514,0.34408977516926
"PATE4",0.109317797110577,0.133251730248164,0.344253605493803
"SLC26A11",0.109289803916423,0.133351740205269,0.344464329194136
"DGAT1",0.109275807319345,0.133401766788136,0.344545899119793
"UBTF",0.10919882603542,0.133677170559657,0.345098662560705
"CDH16",0.109181330289073,0.133739823139628,0.345165811626439
"DCC",0.109174331990535,0.133764890480609,0.345165811626439
"SAMD7",0.1091725824159,0.133771157879212,0.345165811626439
"STX8",0.10914633879638,0.133865195902968,0.345360740251946
"WNT5B",0.109128843050033,0.133927916095145,0.345474828866427
"PIGK",0.109111347303687,0.133990658833529,0.345588944120286
"KRTAP3-2",0.109090352408071,0.13406597988678,0.345735465391537
"NDFIP1",0.109046613042204,0.134223003077518,0.346092614313921
"TCN1",0.109032616445127,0.134273280283551,0.346174459218055
"CDH20",0.109013371124145,0.134342435028373,0.346304943628694
"MRPS16",0.108983628355356,0.134449364274247,0.346408109300049
"ARHGAP12",0.108976630056817,0.134474533580742,0.346408109300049
"PDLIM3",0.108971381332913,0.134493412931967,0.346408109300049
"TBC1D17",0.108966132609009,0.134512294315911,0.346408109300049
"PPARD",0.108955635161201,0.134550063182434,0.346457600992023
"FAM241B",0.10893638984022,0.134619327226477,0.346540393560535
"RIT1",0.10893638984022,0.134619327226477,0.346540393560535
"SPATA5L1",0.10885765898166,0.134902964888065,0.347222680850262
"BEST1",0.108852410257756,0.134921890343383,0.347223539210833
"RASGRP1",0.108845411959217,0.134947127450014,0.347240638227674
"STON1",0.108820917914332,0.135035485822956,0.347420131316921
"MNS1",0.108773679399196,0.13520601648814,0.347810959219352
"EYA1",0.108768430675292,0.135224974524154,0.347811819888872
"KCTD3",0.108738687906503,0.135332441880693,0.348008644498771
"GOLGA6L2",0.108736938331868,0.13533876552766,0.348008644498771
"ZNF444",0.108729940033329,0.135364062380026,0.348025774918689
"GRIN2D",0.108724691309425,0.135383037397146,0.348026649198774
"UGGT2",0.108715943436252,0.135414666955257,0.34806004955359
"ARMCX2",0.108665205771847,0.13559823007304,0.348435958288951
"ALX1",0.10862146640598,0.135756627107894,0.348747010710732
"KDM3B",0.108598721935729,0.135839049565023,0.348783135646531
"NR2C2",0.108596972361095,0.135845391341447,0.348783135646531
"KLF5",0.108581226189383,0.135902477535576,0.348881741643218
"IL23R",0.10856897916694,0.135946890611362,0.348884467623164
"ANAPC7",0.108556732144497,0.135991314803543,0.348917955113473
"SLC9A1",0.108547984271324,0.136023053176172,0.34891980538402
"DTX3L",0.108546234696689,0.136029401531433,0.34891980538402
"CNFN",0.108441260218609,0.136410718271378,0.34984984543206
"NYX",0.108402769576647,0.136550739279266,0.350160868705146
"C2CD5",0.108378275531761,0.136639900828554,0.350341404156243
"TUBB1",0.10833278659126,0.136805604789136,0.350621857423068
"COL5A1",0.108317040419548,0.136862999672511,0.35062553293614
"NIPSNAP1",0.108311791695644,0.13688213539502,0.35062553293614
"CSF3",0.108297795098567,0.136933173998966,0.350708167526699
"CCNA2",0.108276800202951,0.137009759210489,0.350856199508446
"ZC2HC1B",0.1082540557327,0.137092763507087,0.350972508740008
"PTGDR",0.108215565090737,0.137233319966848,0.351284194586191
"B3GNT2",0.108208566792199,0.137258887528203,0.351301491500166
"FBXO28",0.108191071045852,0.137322822375584,0.351368821850447
"NIPBL",0.108166577000967,0.137412369434318,0.351549782404838
"SCGB1C2",0.108143832530716,0.137495560264961,0.351667222421488
"DROSHA",0.108142082956081,0.137501961154968,0.351667222421488
"PPFIA3",0.108138583806812,0.137514763618769,0.351667222421488
"MRPL15",0.108119338485831,0.137585193468058,0.351799161173254
"C9orf92",0.10809659401558,0.137668464310467,0.351915718513863
"TLCD5",0.108054604224348,0.137822296353517,0.352212535125654
"APP",0.107988120388231,0.138066132533215,0.352642654703272
"SMIM3",0.107979372515057,0.138098240779198,0.352676431668577
"MED9",0.107951379320903,0.138201025528615,0.352890668959859
"COPS3",0.107918137402844,0.13832315836307,0.353154245466669
"SMPD3",0.107877897186247,0.138471113733026,0.353435358764246
"ZNF19",0.107870898887708,0.138496857443661,0.353452761631296
"APPL2",0.1078604014399,0.13853547986768,0.353503022545265
"GM2A",0.107839406544284,0.138612749408175,0.353651872670366
"EXOC4",0.107814912499399,0.138702938825175,0.353833640964209
"PHKA2",0.107799166327687,0.138760941409699,0.353884929915
"ANKS1A",0.107757176536455,0.138915705572465,0.354167443764672
"GH2",0.107669697804721,0.139238554408946,0.354909136364334
"OSBPL6",0.107659200356913,0.139277334746794,0.354959539264618
"DUSP14",0.107613711416412,0.139445478204036,0.355194183161291
"MEGF9",0.107604963543239,0.139477831247551,0.355196186843712
"PLXDC1",0.107592716520796,0.139523135137312,0.355246635558887
"RAB9A",0.107550726729564,0.139678548062593,0.355529919501683
"TMPPE",0.107548977154929,0.139685026468092,0.355529919501683
"KLK12",0.107547227580295,0.139691505102985,0.355529919501683
"DCUN1D1",0.107534980557852,0.1397368619706,0.355534026602958
"DSPP",0.107529731833948,0.139756304069475,0.355534026602958
"ZNF175",0.107526232684679,0.13976926661592,0.355534026602958
"KCNG1",0.107512236087601,0.13982112598,0.355617506305662
"HTN1",0.107506987363697,0.139840577027887,0.355618548008281
"OR52N2",0.107484242893447,0.139924888771166,0.355736077142704
"CCDC149",0.107484242893447,0.139924888771166,0.355736077142704
"GTF3C2",0.1074667471471,0.139989770356308,0.35585258624941
"TFAP2A",0.107454500124657,0.140035201126563,0.355919626597672
"FAM200A",0.107438753952945,0.140093628650113,0.356019677326101
"FAM89B",0.107416009482695,0.140178056804665,0.356185767195092
"WDR26",0.107407261609521,0.140210539508673,0.356219838914975
"TRMT11",0.107377518840732,0.140321023667119,0.356323161553775
"DRD1",0.107375769266097,0.140327524803385,0.356323161553775
"ATXN7L1",0.107333779474865,0.140483621029176,0.356607115483741
"GSDMD",0.107330280325596,0.140496635025132,0.356607115483741
"HTN3",0.107311035004615,0.140568228443808,0.356740349832389
"AQP3",0.107302287131441,0.140600780105588,0.356774479517929
"KLHDC9",0.107288290534364,0.140652874724589,0.356809710453196
"DDI1",0.10725679819094,0.140770141448394,0.357027838931217
"IPP",0.107241052019228,0.140828802767109,0.357062003866214
"PHF8",0.10723055457142,0.140867920669415,0.357080763091434
"OBI1",0.107228804996785,0.140874441125385,0.357080763091434
"TSGA13",0.10720081180263,0.140978799728101,0.357248312581005
"TSC22D4",0.10714832456359,0.141174630992482,0.357550502904203
"GNG4",0.107141326265052,0.141200757490744,0.35756818263012
"CALN1",0.107057346682588,0.141514563078094,0.358265687955332
"PROSER3",0.107038101361606,0.141586551670392,0.358399354702662
"RBM18",0.107032852637702,0.141606189766136,0.358400487880792
"CLSPN",0.10702060561526,0.141652020062752,0.358467903345794
"CLASRP",0.107013607316721,0.141678213878704,0.358485614740372
"CHRM3",0.107001360294278,0.141724061938907,0.358553045349637
"APOL4",0.106987363697201,0.141776473566141,0.358637060858898
"SYNCRIP",0.106973367100124,0.141828899962557,0.35867484137983
"SLC9C2",0.106971617525489,0.141835454300676,0.35867484137983
"UCKL1",0.106927878159622,0.141999387776969,0.358848868465971
"LMNB2",0.106913881562545,0.14205187696677,0.358848868465971
"AKT1",0.106891137092294,0.142137203425507,0.358935363399103
"ADAM30",0.106884138793756,0.142163465574168,0.358935363399103
"RABEP2",0.106864893472774,0.142235705542955,0.359020683432928
"FGF7",0.106817654957638,0.142413140378906,0.359419974286007
"NKX3-2",0.106801908785926,0.14247232277153,0.359520753963125
"FAM8A1",0.106793160912753,0.142505209971045,0.359539782815695
"ZNF75A",0.106789661763484,0.142518366469511,0.359539782815695
"NWD2",0.10675816942006,0.14263681658475,0.359726042409341
"NOLC1",0.106686436860038,0.142906899453631,0.360276627186286
"DHRS7C",0.10665319494198,0.143032191745047,0.360446527193429
"NHLRC2",0.106642697494172,0.143071775099019,0.360497635152359
"LPL",0.106611205150748,0.143190575191634,0.360588263620532
"TIGAR",0.106605956426844,0.143210382504417,0.360588263620532
"DNAH2",0.106593709404401,0.143256607677123,0.360609983121526
"OR2L2",0.106581462381958,0.143302844204373,0.360609983121526
"STIM2",0.106579712807324,0.143309450349538,0.360609983121526
"GHDC",0.106579712807324,0.143309450349538,0.360609983121526
"MAEL",0.106560467486342,0.143382133243399,0.360744270571698
"AFTPH",0.106535973441457,0.143474679311454,0.360928490142876
"INO80C",0.106520227269745,0.143534197209667,0.360980967827599
"GUCY1A2",0.106520227269745,0.143534197209667,0.360980967827599
"CCT8",0.106483486202417,0.143673145360388,0.361233126379997
"RBM34",0.106471239179974,0.143719484143933,0.361300994194656
"PRG3",0.106429249388742,0.143878446294283,0.361651933107944
"SLC4A11",0.106410004067761,0.143951348626749,0.361771123940968
"ZKSCAN7",0.106406504918492,0.143964606614332,0.361771123940968
"TEX12",0.106382010873606,0.144057438533281,0.361858335177882
"INTS1",0.10636451512726,0.144123774914639,0.361976280299328
"CYP1A1",0.10633477235847,0.144236600073412,0.362210937605356
"SELENOS",0.106291032992604,0.144402641415009,0.36244964749632
"HSD17B11",0.106271787671622,0.144475745627906,0.362535693814379
"TUBGCP6",0.106270038096988,0.144482392860378,0.362535693814379
"NDUFAF6",0.10625604149991,0.144535579090787,0.36258840267251
"ZNF189",0.106254291925276,0.14454222841598,0.36258840267251
"PRR36",0.106243794477468,0.144582129250743,0.362639785910136
"RASL10B",0.106189557663793,0.144788416963236,0.362867537928886
"MEAK7",0.106140569574022,0.144974933556677,0.363186030731658
"MYEF2",0.106112576379868,0.145081596413714,0.36330703869972
"FAM172A",0.106091581484252,0.145161632680514,0.36345872797175
"SMOC1",0.10607233616327,0.145235028724789,0.363593752877234
"PCNX1",0.106047842118385,0.145328482644881,0.363681460790005
"BANF1",0.106040843819846,0.145355192153924,0.363699567077531
"ACTL7A",0.106012850625692,0.145462067482233,0.363869484636779
"DNASE1",0.105969111259825,0.145629179666376,0.364043710272954
"CHRDL1",0.105960363386652,0.145662619593446,0.364046567832347
"AOAH",0.105958613812017,0.1456693082786,0.364046567832347
"LBP",0.105948116364209,0.145709445288053,0.364050890637938
"IQCA1",0.105927121468593,0.145789744502271,0.364152637197326
"KHNYN",0.105913124871516,0.145843295977851,0.364188981906985
"KRTAP5-3",0.105900877849073,0.145890165770594,0.36420862664505
"CEP63",0.105864136781745,0.14603084377263,0.364483544015373
"LRPPRC",0.105850140184668,0.146084462474344,0.364483544015373
"BBS9",0.105850140184668,0.146084462474344,0.364483544015373
"ANAPC4",0.105846641035398,0.146097869484851,0.364483544015373
"F2RL1",0.10583614358759,0.146138096121098,0.364535205443786
"FAM220A",0.105823896565148,0.146185037823295,0.364603601280431
"OR5B12",0.105818647841244,0.146205159199268,0.3646050945661
"ZBP1",0.105773158900742,0.146379632533821,0.364845324596509
"EML4",0.105759162303665,0.146433348416598,0.364898550286772
"SELENON",0.10575741272903,0.146440063953703,0.364898550286772
"LIMCH1",0.105725920385606,0.146560983594851,0.365151137889199
"TERB1",0.105697927191452,0.14666853131676,0.36532313916306
"MMP19",0.105696177616817,0.146675255037182,0.36532313916306
"ZNF793",0.105692678467548,0.146688703179684,0.36532313916306
"PDCD6IP",0.105685680169009,0.146715602271433,0.365341411736172
"IL36G",0.105662935698758,0.146803050167981,0.365510433933771
"EMC1",0.105647189527046,0.146863614181282,0.365612484464094
"LIX1L",0.105619196332892,0.146971330340441,0.365783124392068
"TMEM132D",0.105612198034353,0.14699826874228,0.365801421323228
"GLRX3",0.105594702288006,0.147065631133383,0.365871550159459
"BHLHE23",0.10557370739239,0.147146496907743,0.365926494840082
"DCLRE1B",0.105563209944582,0.147186942439995,0.365978343364311
"SIGLEC11",0.105552712496774,0.147227396403493,0.366030199045745
"SEC22A",0.105538715899697,0.147281348138321,0.366115594014546
"UGT2B7",0.105526468877254,0.147328568204854,0.366135507623932
"RB1CC1",0.105526468877254,0.147328568204854,0.366135507623932
"FAM187A",0.105508973130908,0.14739604535766,0.366247260453958
"C4BPA",0.1054984756831,0.147436542896938,0.366247260453958
"STAU1",0.105489727809926,0.147470297291072,0.366247260453958
"EIF4G2",0.105487978235292,0.147477048873011,0.366247260453958
"DNLZ",0.105487978235292,0.147477048873011,0.366247260453958
"TTC36",0.105479230362118,0.147510810298494,0.366247260453958
"MGAT4C",0.105479230362118,0.147510810298494,0.366247260453958
"HELZ2",0.105426743123078,0.147713501930217,0.366653025259003
"MZF1",0.105381254182577,0.147889338741902,0.366976753406658
"PTGDS",0.105377755033308,0.147902871219314,0.366976753406658
"KIF19",0.105355010563057,0.147990855201605,0.367097517830413
"AVEN",0.105355010563057,0.147990855201605,0.367097517830413
"MRPS33",0.105320019070364,0.148126292627333,0.36735594792395
"CZIB",0.10531127119719,0.148160166656175,0.36735594792395
"SCAPER",0.105309521622555,0.148166942166327,0.36735594792395
"NELFA",0.105307772047921,0.148173717911283,0.36735594792395
"CSDC2",0.105302523324017,0.148194046555018,0.36735758076208
"PTAR1",0.105292025876209,0.148234710182761,0.367409614780789
"IRF2BP1",0.105279778853766,0.148282161767336,0.367478457161195
"PSG7",0.105253535234246,0.148383882490432,0.367681755259561
"KLHL25",0.105244787361073,0.148417801144284,0.367717014350047
"CLUAP1",0.105234289913265,0.148458511282553,0.367769088302555
"TRIM67",0.105223792465457,0.148499229880191,0.367772393216079
"SOCS2",0.105187051398129,0.148641811602369,0.368027903153368
"STAG3",0.105166056502513,0.148723333418393,0.368180935169925
"CYGB",0.105150310330801,0.148784497001123,0.368283534260168
"BCL6",0.105136313733723,0.148838880622442,0.368369326067416
"CNOT3",0.105122317136646,0.148893279297474,0.368439972907605
"RPAP3",0.105118817987377,0.148906881318623,0.368439972907605
"VN1R1",0.105104821390299,0.148961298813774,0.368525793700629
"DYNC2H1",0.105092574367857,0.149008926474616,0.368579643966381
"SERTAD4",0.105089075218587,0.14902253649551,0.368579643966381
"PLAC1",0.105054083725894,0.149158688481601,0.368786715775085
"GPD1L",0.105052334151259,0.14916549855242,0.368786715775085
"NLRP7",0.105015593083931,0.149308564426301,0.369091561777047
"TFAP2D",0.104994598188315,0.149390362980648,0.369196032688445
"CCNL2",0.104982351165873,0.149438094467558,0.369265129965084
"OR13H1",0.104975352867334,0.149465374785554,0.369283680314195
"DHX57",0.104964855419526,0.149506302330456,0.369335939460794
"RAE1",0.10494386052391,0.149588182867999,0.369440479138159
"DIXDC1",0.104938611800006,0.149608658304646,0.369442192581987
"JAK2",0.104896622008774,0.14977253816774,0.369797980277724
"IFRD1",0.104810892851675,0.1501075479748,0.370429250261279
"WAPL",0.10478639880679,0.150203369109109,0.370616742169602
"TOX",0.104768903060443,0.150271841100473,0.370691190514634
"TSEN2",0.104758405612635,0.150312935626865,0.370691190514634
"HIGD1B",0.104758405612635,0.150312935626865,0.370691190514634
"MCEMP1",0.104753156888731,0.150333486077416,0.370692921307345
"ZFAND2B",0.104690172201883,0.150580257269793,0.371252394029128
"MAPK13",0.104625437940401,0.150834202294752,0.37178033021734
"GDNF",0.104614940492593,0.150875413061315,0.371817627710416
"GCNA",0.104611441343323,0.150889151874986,0.371817627710416
"MIDEAS",0.104590446447707,0.150971604619889,0.371971726633382
"MUC3A",0.104572950701361,0.15104034125515,0.371995598238538
"OR2J1",0.104567701977457,0.151060966858057,0.371995598238538
"TRAPPC3L",0.10455020623111,0.151129734244214,0.37211587564205
"RGS2",0.104537959208667,0.15117788549153,0.372155002210129
"PABPC1L2A",0.104532710484763,0.151198525289614,0.372155002210129
"POSTN",0.104509966014513,0.151287989025927,0.372211103023082
"OGDHL",0.104460977924742,0.151480816020073,0.372474076337027
"GDPGP1",0.104457478775473,0.151494596479763,0.372474076337027
"BTG4",0.104427736006683,0.151611768635097,0.372527910569675
"DEFB112",0.104413739409606,0.151666932159527,0.372527910569675
"PLSCR4",0.104399742812529,0.151722110846273,0.372527910569675
"MAP1LC3A",0.104397993237894,0.151729009248321,0.372527910569675
"GZF1",0.104397993237894,0.151729009248321,0.372527910569675
"H4C13",0.104396243663259,0.151735907887316,0.372527910569675
"OPRD1",0.104371749618374,0.151832513715066,0.372716091764272
"L3MBTL3",0.104350754722758,0.151915355683274,0.372764837782184
"IL17RD",0.104347255573489,0.151929165996597,0.372764837782184
"PI16",0.104345505998854,0.151936071508856,0.372764837782184
"APOF",0.104338507700315,0.151963695928634,0.372764837782184
"KIF26B",0.104331509401777,0.151991324141798,0.372764837782184
"FAAH2",0.104305265782257,0.152094963730444,0.372870247129139
"FANCA",0.104277272588102,0.152205571441999,0.373043471423985
"GPR176",0.104245780244678,0.152330077710434,0.373201696355773
"ZNF766",0.104217787050523,0.152440814494547,0.373424009902959
"MAPK1IP1L",0.104212538326619,0.152461584406038,0.373425908244874
"IMPG1",0.104184545132465,0.152572393351706,0.373599320602658
"DNAJA4",0.104137306617329,0.152759521292802,0.373997239868377
"ACP7",0.104132057893425,0.15278032397474,0.373997239868377
"SNX31",0.104125059594886,0.152808064209942,0.373997239868377
"DDX53",0.104079570654385,0.152988468407637,0.374274644482714
"EGFL7",0.103997340646555,0.153314991490952,0.374911036168406
"COG3",0.103993841497286,0.153328897743322,0.374911036168406
"KASH5",0.103930856810438,0.15357937303193,0.375446038573232
"FHDC1",0.103922108937265,0.153614185660504,0.375446038573232
"CFAP44",0.103918609787995,0.153628112378274,0.375446038573232
"GET4",0.103885367869937,0.153760463694785,0.375720321858407
"EQTN",0.103880119146033,0.153781369128905,0.375722246186739
"HYAL3",0.103860873825051,0.153858040725701,0.375811243603609
"CYB561D1",0.103853875526513,0.153885928451895,0.375830207894285
"ACP4",0.103843378078705,0.153927767187576,0.375883234832004
"OR5B2",0.103804887436742,0.154081249267928,0.376110496840651
"NLGN4Y",0.103766396794779,0.154234846696747,0.376436225419296
"CCL22",0.103759398496241,0.154262785898153,0.376455218794448
"TCF21",0.103722657428913,0.154409529298911,0.376626354583288
"DYRK1A",0.103720907854278,0.154416519703244,0.376626354583288
"RDH10",0.103720907854278,0.154416519703244,0.376626354583288
"GREB1L",0.103712159981105,0.154451475302742,0.376626354583288
"ERICH3",0.103706911257201,0.154472451524851,0.376626354583288
"ZNF322",0.103699912958662,0.1545004231607,0.376626354583288
"TUBGCP3",0.103696413809393,0.15451441041,0.376626354583288
"DCTN6",0.103677168488411,0.154591357339987,0.376764738311575
"RGS9",0.103670170189873,0.154619345200041,0.376783780135173
"NEK6",0.103661422316699,0.154654335394392,0.376819878385606
"CDH9",0.103650924868891,0.154696331503227,0.376873035110131
"FRMD5",0.103628180398641,0.154787352550229,0.376996426216493
"NRIP3",0.103598437629851,0.15490644095075,0.377237278810303
"IRF2BPL",0.103593188905947,0.15492746371423,0.377239284527635
"UPK3B",0.103582691458139,0.154969515689178,0.377277437207435
"SREK1IP1",0.10357919230887,0.154983534924793,0.377277437207435
"AKAP3",0.103554698263985,0.155081696326264,0.377467191527344
"OR6C68",0.103531953793734,0.155172888125551,0.377639934666769
"LRRC72",0.103486464853233,0.155355392881043,0.377985580699109
"KCNB2",0.103479466554694,0.155383484877281,0.378004684586179
"MPND",0.10347421783079,0.155404556384692,0.378006706829971
"RAB3GAP2",0.103442725487366,0.155531030619681,0.37815153153668
"GKN2",0.103439226338097,0.155545088095137,0.37815153153668
"TMEM185A",0.103439226338097,0.155545088095137,0.37815153153668
"MGME1",0.103418231442481,0.155629453038717,0.378307388383585
"TENT5A",0.103365744203441,0.155840516115982,0.378771145104383
"NUMBL",0.103353497180998,0.155889795156794,0.378841615399907
"ZNF655",0.103330752710747,0.15598134449321,0.378969563235431
"ESX1",0.103322004837574,0.15601656654948,0.378969563235431
"TMEM35A",0.103320255262939,0.156023611679012,0.378969563235431
"UCP3",0.103299260367323,0.156108171910499,0.379014092567305
"UBQLNL",0.103294011643419,0.156129317356475,0.379014092567305
"ADAM20",0.103294011643419,0.156129317356475,0.379014092567305
"C1orf216",0.10329051249415,0.156143415517929,0.379014092567305
"MAN2B2",0.103281764620977,0.156178665112941,0.379050389817971
"KLHL14",0.103276515897073,0.156199817744195,0.379052468319982
"FAM24A",0.103267768023899,0.156235076920375,0.379088774401056
"JAZF1",0.103255521001457,0.156284449828457,0.379148483159989
"LRRC71",0.103246773128283,0.156319723378785,0.379148483159989
"SPTY2D1OS",0.103225778232667,0.156404404340033,0.379253266093802
"ZNF383",0.103210032060955,0.156467937707603,0.379295945403873
"CCDC196",0.103201284187782,0.156503242411771,0.379295945403873
"CMTM6",0.103175040568262,0.156609192482277,0.37950347460737
"ADGRL4",0.103169791844358,0.156630388969643,0.379505597353017
"SULF1",0.103108556732144,0.156877840803155,0.380006557047953
"INSC",0.103085812261894,0.15696982632941,0.380180064392174
"RTP3",0.103073565239451,0.157019373794699,0.380201455333826
"HIF1AN",0.103073565239451,0.157019373794699,0.380201455333826
"GLRA4",0.103033325022854,0.157182255415602,0.380546513111458
"PILRA",0.103015829276507,0.15725311312344,0.380636534371801
"RIF1",0.103014079701872,0.157260200214865,0.380636534371801
"CBL",0.102987836082352,0.15736653540434,0.380745875788503
"CDH13",0.102968590761371,0.157444548889976,0.38079312275616
"SAE1",0.102966841186736,0.157451642466368,0.38079312275616
"SPRED3",0.102959842888198,0.15748001917437,0.38079312275616
"TMEM200C",0.102924851395504,0.157621960380749,0.381018344818906
"MITD1",0.102914353947696,0.157664561487325,0.381072000820148
"MAP3K13",0.102877612880368,0.157813733507578,0.381333844868357
"CCDC117",0.102853118835483,0.157913240427016,0.381426238775859
"ATAD2B",0.102847870111579,0.157934569470628,0.381428426152005
"PSMD11",0.102833873514502,0.157991457502944,0.381516480517842
"ASH2L",0.102825125641328,0.158027020340582,0.381523077419352
"C3orf33",0.102819876917424,0.158048360929857,0.381523077419352
"CFAP300",0.102793633297904,0.158155096355615,0.381664889460842
"CYB5D1",0.102781386275462,0.158204924748783,0.381703673264287
"OR6B3",0.102779636700827,0.158212044053269,0.381703673264287
"NTAQ1",0.102767389678384,0.158261885923461,0.381725297882804
"PHACTR2",0.102746394782768,0.158347356569003,0.381882132138779
"SLN",0.102730648611056,0.158411482302543,0.381938141425548
"RAP2C",0.102730648611056,0.158411482302543,0.381938141425548
"FAM71F1",0.102679910946651,0.158618242346974,0.382322975926231
"SAT2",0.102676411797382,0.158632509126813,0.382322975926231
"TMPRSS11B",0.102664164774939,0.158682450444683,0.382344658044755
"TRIOBP",0.102648418603227,0.158746678057202,0.382450072161546
"CHCHD6",0.102632672431515,0.158810925187404,0.382555506100859
"RAB28",0.102623924558342,0.15884662647214,0.382592158369059
"B3GALT5",0.102539944975878,0.159189665447432,0.383319519326488
"MTREX",0.102478709863664,0.159440148356253,0.383709791624926
"AIP",0.102475210714395,0.159454470593331,0.383709791624926
"ACAP2",0.102462963691952,0.159504606025785,0.38373609348987
"CLEC5A",0.102454215818779,0.159540424290165,0.38373609348987
"CLCN3",0.102452466244144,0.159547588667212,0.38373609348987
"XRCC2",0.102385982408027,0.159820013907819,0.384242865569315
"CPSF4",0.102378984109488,0.159848710535273,0.384262391293186
"ZDHHC2",0.102352740489968,0.159956357313158,0.384407238898392
"CHMP4C",0.102349241340699,0.159970714324176,0.384407238898392
"ART4",0.102336994318256,0.160020971474311,0.384478536376461
"KCNC4",0.102331745594352,0.160042513877733,0.384480832155975
"IBA57",0.10231599942264,0.160107154138594,0.384571699047391
"RFPL1",0.102312500273371,0.160121521299663,0.384571699047391
"SPINDOC",0.10228975580312,0.160214931415014,0.384746567970528
"DOCK11",0.102284507079216,0.160236493397495,0.384748875121063
"TUSC1",0.102254764310427,0.16035871906982,0.384992857352867
"MZT2A",0.102235518989446,0.160437843512007,0.385133311751959
"S100G",0.102212774519195,0.160531391950854,0.385308350607139
"TREML4",0.102202277071387,0.16057458194321,0.385362489382086
"ARID1A",0.10218828047431,0.160632182149537,0.385436230007802
"CRNN",0.10218478132504,0.160646584620943,0.385436230007802
"SCAF8",0.102125295787462,0.16089157476312,0.385924871599798
"CA8",0.102120047063558,0.160913204976385,0.385927188408753
"NUDT12",0.102069309399152,0.161122409407637,0.386379316653444
"SLC7A13",0.102036067481094,0.161259584842297,0.386658621968768
"ZNF264",0.102018571734747,0.161331817575518,0.386782159825464
"FNDC9",0.102009823861574,0.161367943030685,0.386819112314347
"NUP210L",0.101999326413766,0.161411301575715,0.386823748008219
"ARL2BP",0.101992328115227,0.161440212120564,0.386843392553715
"POU5F2",0.101973082794246,0.161519736119817,0.38693465774419
"NEUROG3",0.101973082794246,0.161519736119817,0.38693465774419
"TRBC1",0.101962585346438,0.161563125212272,0.386988960685443
"ZNF721",0.10192584427911,0.161715055787938,0.387253543004941
"PSMA4",0.101904849383494,0.161801921287057,0.387312571386448
"TOX3",0.101892602361051,0.161852608962032,0.387334613656447
"INSM2",0.101861110017627,0.161983003296565,0.387455222454751
"TSPAN12",0.101857610868358,0.161997496409889,0.387455222454751
"SMCO4",0.101848862995184,0.162033733440953,0.387455222454751
"PACRGL",0.10184711342055,0.162040981575384,0.387455222454751
"C12orf76",0.10182086980103,0.162149732723795,0.38759866995387
"RANBP6",0.101806873203952,0.162207755673628,0.387605518616527
"ZSCAN2",0.101799874905414,0.162236772976514,0.387605518616527
"ZNF506",0.101798125330779,0.162244027909358,0.387605518616527
"THAP10",0.101775380860528,0.162338364137683,0.387605518616527
"SNURF",0.101771881711259,0.162352881046969,0.387605518616527
"ADIPOR1",0.101770132136624,0.162360139865982,0.387605518616527
"CCT4",0.101759634688816,0.162403697881484,0.387659951640413
"SLC25A14",0.101752636390278,0.162432741417266,0.38767972890848
"CDKN3",0.101747387666374,0.162454526620139,0.387682179805483
"ASTN2",0.101724643196123,0.162548954436004,0.387857962571458
"TBL1X",0.101710646599046,0.162607084274199,0.387897548333751
"HERC6",0.101701898725872,0.162643423322064,0.387902480039948
"TBCE",0.101700149151238,0.162650691860829,0.387902480039948
"ANGPTL4",0.101679154255622,0.162737933286801,0.388060985963265
"GRAMD4",0.101668656807814,0.16278156712781,0.388068418862525
"TBC1D22A",0.10166340808391,0.162803387330685,0.388068418862525
"MAGEB3",0.101658159360006,0.162825209721947,0.388070905661954
"SPRY3",0.101645912337563,0.162876137145863,0.3881155714868
"PRAF2",0.101638914039024,0.162905243881109,0.3881155714868
"ATF1",0.10163366531512,0.162927076486213,0.3881155714868
"SHKBP1",0.1016074216956,0.16303627234845,0.388281673300926
"SFMBT1",0.101598673822427,0.163072683132419,0.388281673300926
"TTC13",0.101596924247792,0.163079966019087,0.388281673300926
"TM7SF3",0.101596924247792,0.163079966019087,0.388281673300926
"ELAC2",0.101586426799984,0.163123668448538,0.388336218221147
"TRAPPC14",0.101579428501446,0.163152808267925,0.388356085548274
"NDC80",0.101526941262406,0.163371481033174,0.388727962769214
"UBE3D",0.101521692538502,0.163393360358974,0.388730496568689
"BUB1B",0.101516443814598,0.163415241875967,0.388733034935112
"KANSL1L",0.101495448918982,0.16350278985794,0.388792730250431
"IDO2",0.101477953172635,0.163575773296885,0.388867253321363
"SQLE",0.101439462530672,0.163736422601759,0.38898680882954
"MPPED2",0.101386975291632,0.163955679887802,0.389324383672548
"CTSV",0.101378227418459,0.163992244095135,0.38936170235453
"WFDC8",0.101362481246747,0.16405807502683,0.389418989476496
"SDHAF4",0.101362481246747,0.16405807502683,0.389418989476496
"UGT2B11",0.101341486351131,0.164145880323598,0.389577895656819
"GRWD1",0.101320491455515,0.164233720736345,0.389722074725736
"TUBD1",0.101316992306246,0.164248364219654,0.389722074725736
"RAG1",0.101294247835995,0.1643435706442,0.389898440720412
"TUBB4A",0.101287249537456,0.164372873223071,0.389918427577045
"GGNBP2",0.101280251238918,0.164402179705615,0.38993841861596
"GRHL3",0.101259256343302,0.164490122577732,0.390065315808584
"ZNF280D",0.101250508470128,0.164526775812466,0.390085319928096
"SLC37A1",0.10121726655207,0.164666113754159,0.390168020866871
"MTTP",0.101208518678896,0.164702796280426,0.390205432364993
"VAMP7",0.101185774208646,0.164798199415633,0.390332425147287
"TRPM4",0.101175276760838,0.164842245550835,0.390387240414329
"LARGE2",0.101159530589125,0.164908331239013,0.390494230280184
"FBP2",0.101152532290587,0.164937709006531,0.390514281618405
"TIMELESS",0.101143784417414,0.164974436712111,0.39055172772663
"NFXL1",0.101107043350086,0.165128759772965,0.390867518063359
"NKD2",0.101100045051547,0.165158166859249,0.39088758386305
"PLN",0.101080799730565,0.165239056509253,0.391029475337913
"MYRFL",0.101070302282757,0.165283190602117,0.391069629294018
"GABARAP",0.101066803133488,0.165297903921984,0.391069629294018
"CLN5",0.101007317595909,0.165548179994128,0.391612135474392
"FOSL1",0.100995070573467,0.165599742514407,0.391652320916347
"SPTBN5",0.100993320998832,0.165607109567166,0.391652320916347
"MCIDAS",0.100982823551024,0.165651317020867,0.391707267242556
"PM20D2",0.100974075677851,0.165688163293251,0.391744795248101
"PRKDC",0.100961828655408,0.165739758350477,0.391769103835907
"SLC25A44",0.100947832058331,0.165798738811523,0.391769103835907
"STAC3",0.100944332909061,0.165813486373892,0.391769103835907
"EPHX4",0.100935585035888,0.165850359562587,0.391769103835907
"ISLR2",0.100928586737349,0.165879862518929,0.391769103835907
"ZNF70",0.100926837162715,0.165887238869905,0.391769103835907
"CSDE1",0.100926837162715,0.165887238869905,0.391769103835907
"PAPOLG",0.100911090991003,0.165953637043522,0.391876359264739
"FAM43A",0.100856854177328,0.166182493655755,0.392317564342673
"GALT",0.100844607154885,0.166234203525015,0.392390038553233
"FAM135A",0.100797368639749,0.166433768317792,0.39276182172139
"ACKR3",0.10074138225144,0.166670520881176,0.39327083360415
"ITPA",0.100732634378267,0.166707536143815,0.393276268557252
"NECAB3",0.100725636079728,0.166737152767211,0.39327899281137
"FANK1",0.100711639482651,0.16679639778379,0.393369052280599
"SNED1",0.100699392460208,0.166848250047756,0.393409453106065
"CLEC4G",0.100697642885573,0.166855658495028,0.393409453106065
"SCNM1",0.100659152243611,0.16701870639228,0.393644795631274
"FBXO40",0.100648654795803,0.167063194607672,0.39366776627758
"IFT46",0.100646905221168,0.167070610168992,0.39366776627758
"CLDN23",0.100632908624091,0.167129943493135,0.393757893866253
"INTS9",0.100578671810416,0.167360008485096,0.394205982286916
"MRM2",0.100571673511877,0.167389711474209,0.394205982286916
"SUCLG1",0.100568174362608,0.167404564441932,0.394205982286916
"ERO1A",0.100568174362608,0.167404564441932,0.394205982286916
"PDP2",0.100548929041627,0.16748627332117,0.394348668752668
"QSOX1",0.100527934146011,0.167575444170433,0.394476658017106
"OR52R1",0.100494692227952,0.167716703687348,0.394741922881526
"EIF3M",0.100480695630875,0.167776207912313,0.394782469317168
"COG7",0.100450952862085,0.167902706609437,0.394980595621343
"TMEM190",0.100403714346949,0.168103762311132,0.395353968634013
"PLCD1",0.100398465623045,0.168126112897264,0.395356746974226
"HMGCS2",0.100370472428891,0.168245353402824,0.395587337297135
"MBNL1",0.100351227107909,0.168327367774761,0.395730352537945
"OIT3",0.100345978384005,0.168349740496591,0.395733134488902
"LRGUK",0.100328482637659,0.168424332227495,0.395826369884242
"PPIH",0.100288242421061,0.16859598659118,0.396162386207459
"ZNF334",0.100258499652272,0.168722945239749,0.396328668337856
"OR52W1",0.100256750077637,0.168730415611174,0.396328668337856
"SLC51A",0.100246252629829,0.168775243010145,0.396384109463968
"DACT1",0.100239254331291,0.168805132867278,0.396404458874548
"CYP27C1",0.100218259435675,0.16889482607883,0.396565221504681
"PSMD5",0.100174520069808,0.169081800851155,0.396839808015454
"AR",0.100171020920539,0.169096765484417,0.396839808015454
"KHK",0.100158773898096,0.16914914946222,0.396912867867372
"TMEM223",0.100153525174192,0.169171603434541,0.396915686651193
"C6orf226",0.100143027726384,0.169216518032738,0.396971195927575
"PDE4B",0.100130780703941,0.169268929610674,0.397044276489443
"NDEL1",0.100120283256133,0.169313863432713,0.397099800762194
"BAZ2A",0.10011153538296,0.169351315062987,0.397137764956848
"GUCY1A1",0.100104537084421,0.169381280804425,0.397158167018637
"ARHGAP33",0.100087041338075,0.169456212415522,0.397234118623358
"SMC1B",0.100087041338075,0.169456212415522,0.397234118623358
"MYO3B",0.100071295166363,0.16952367194675,0.397312943677315
"GRIK2",0.100066046442459,0.169546162895806,0.397312943677315
"NXPH1",0.100064296867824,0.169553660372039,0.397312943677315
"LILRA2",0.100057298569285,0.169583652743148,0.397333370798021
"ELAVL2",0.0999873155838987,0.169883793526566,0.397839823509326
"KLHL24",0.099985566009264,0.169891302104091,0.397839823509326
"CSAG1",0.0999610719643787,0.169996448103086,0.397951073548914
"DSCAM",0.0999558232404746,0.170018985682467,0.397953951197613
"KIT",0.0999033360014346,0.170244483680349,0.398367186773002
"DTWD1",0.0998788419565493,0.1703497921353,0.398463839033401
"STAP1",0.09987534280728,0.170364840152158,0.398463839033401
"NXPH3",0.099838601739952,0.170522903988635,0.39867195394427
"RBM26",0.099833353016048,0.170545493431192,0.39867195394427
"HOXC13",0.0998298538667786,0.17056055429507,0.39867195394427
"BIRC5",0.0998053598218933,0.170666008020155,0.398868522811214
"CCP110",0.0997948623740853,0.170711217302857,0.398924261054574
"SLAIN2",0.0997581213067573,0.17086951987407,0.399244232849761
"RTL8B",0.0997196306647946,0.171035477617958,0.399532030017884
"MMP24OS",0.0996391502315999,0.171382867062163,0.400143321071752
"CREB3L3",0.0996041587389066,0.171534069287221,0.400446284751018
"ABCA10",0.0995796646940213,0.17163996976812,0.400578619500888
"ARPP21",0.0995761655447519,0.171655102370187,0.400578619500888
"ATF7IP",0.0995516714998666,0.171761058322333,0.400725737067818
"WDFY1",0.0995324261788853,0.171844343485077,0.400837565848594
"VNN3",0.0995306766042506,0.171851916349844,0.400837565848594
"CYP2C19",0.0995131808579039,0.171927658623731,0.400964154902197
"KMO",0.0994816885144799,0.1720640571585,0.401149656287409
"NADK2",0.0994799389398452,0.172071637209168,0.401149656287409
"CPA3",0.0994606936188639,0.172155034125063,0.401243905818006
"RORC",0.0994431978725172,0.172230875530926,0.401320502983852
"ADAT1",0.0994239525515359,0.172314329712433,0.401432473433993
"A3GALT2",0.0994152046783626,0.172352273349469,0.401438401750744
"PUM1",0.0994117055290932,0.172367452540116,0.401438401750744
"WLS",0.0993994585066506,0.172420587519168,0.401512081360098
"SIX5",0.0993434721183412,0.172663645059419,0.402027956006695
"GSTK1",0.0993364738198026,0.172694045114815,0.402048614630301
"RANGRF",0.0993049814763785,0.172830894499964,0.402317061657899
"GOLGA6L7",0.0992787378568585,0.172944997085207,0.402485308587099
"NSUN2",0.0992559933866079,0.173043931176043,0.402612241017039
"CENPS",0.0992384976402612,0.173120062878231,0.402641879648306
"AKR1C1",0.0992367480656265,0.173127677414302,0.402641879648306
"ZNF641",0.0992157531700105,0.173219071219606,0.402768846376664
"KLRD1",0.0991965078490292,0.173302880296279,0.402913555634671
"SERTAD1",0.0991912591251252,0.17332574253412,0.402916550605829
"LEFTY2",0.0991597667817012,0.173462962920855,0.403120459857622
"CPA1",0.0991562676324318,0.173478214600327,0.403120459857622
"CEACAM4",0.0991562676324318,0.173478214600327,0.403120459857622
"COL8A2",0.0991247752890078,0.173615524452371,0.403389342457387
"IQANK1",0.0990915333709492,0.173760550007097,0.403593412617111
"STK35",0.0990897837963145,0.173768185417337,0.403593412617111
"HAVCR2",0.0990845350724105,0.173791093140008,0.403596425700422
"RPGRIP1L",0.0990757871992372,0.173829277651181,0.403620198346139
"CYSLTR2",0.0990722880499678,0.17384455319642,0.403620198346139
"MINAR1",0.0990547923036212,0.173920945844729,0.403747369123201
"A1BG",0.0990495435797172,0.173943868489261,0.403750396209973
"SIRT5",0.0990163016616585,0.17408909722851,0.404037278468951
"SRGAP3",0.0990005554899465,0.174157921137492,0.404146786178405
"TMX2",0.0989918076167732,0.17419616535173,0.40417363672166
"CMBL",0.0989830597435998,0.174234415787432,0.40417363672166
"CYBB",0.0989830597435998,0.174234415787432,0.40417363672166
"ZDHHC16",0.0989620648479838,0.174326242219387,0.404286216278315
"TMEM273",0.0989515674001758,0.174372168876649,0.404327817738519
"SLC8A3",0.0989480682509065,0.174387479753897,0.404327817738519
"ABCA6",0.0989393203777332,0.174425761303682,0.404366375137484
"SPATA22",0.0989165759074825,0.174525322463363,0.40444964357511
"RNF17",0.0989148263328478,0.174532982757102,0.40444964357511
"CRYGB",0.0988903322879625,0.1746402530179,0.40461250035508
"CRB1",0.0988623390938078,0.174762907378485,0.404796236909412
"SSPN",0.0988623390938078,0.174762907378485,0.404796236909412
"PARP9",0.0988535912206345,0.174801249944551,0.404802402365275
"FAM149B1",0.0988430937728265,0.174847269245598,0.404841011707263
"EMG1",0.0988098518547678,0.174993056212592,0.405128339881785
"ARRB2",0.0987976048323251,0.175046789879338,0.405202509641362
"GANAB",0.0987678620635358,0.17517733677828,0.405404205907206
"METTL24",0.0987626133396318,0.175200381945405,0.40540730184765
"KLB",0.0987398688693811,0.175300270267853,0.405537947172354
"C6orf141",0.0987083765259571,0.175438646753626,0.405807798708288
"FAM102B",0.0986996286527838,0.175477099008319,0.405846476913853
"FOLR2",0.0986873816303411,0.175530942642273,0.405920738581859
"TIMM23B",0.0986243969434931,0.175808045887317,0.406259720983856
"ZNF709",0.0986156490703198,0.175846558030675,0.40628377678512
"PDPR",0.0986121499210504,0.17586196463541,0.40628377678512
"KRTAP10-5",0.0985719097044531,0.176039212367984,0.406542392751882
"GRIK1",0.0985281703385864,0.176232022780405,0.406875515112349
"LRFN2",0.0985211720400478,0.176262886933889,0.406875515112349
"ELAPOR1",0.0985194224654131,0.176270603596809,0.406875515112349
"IGHM",0.0985089250176051,0.176316908820831,0.406932104441157
"ERCC1",0.0984931788458931,0.176386383521884,0.406991858000334
"IGSF9",0.0984809318234504,0.176440433393664,0.407066279686233
"AKTIP",0.0984144479873331,0.176734060684036,0.407642993372244
"SMG1",0.0984091992634291,0.176757257160863,0.407646151486327
"MARCHF6",0.0983917035170824,0.176834595004167,0.407739705663518
"ABHD4",0.0983812060692744,0.176881009714095,0.407739705663518
"PLEKHA5",0.0983794564946397,0.176888746374441,0.407739705663518
"PIGQ",0.0983707086214664,0.17692743342792,0.407739705663518
"ERVV-1",0.0983689590468317,0.176935171588991,0.407739705663518
"ADAMTS5",0.0983654598975624,0.176950648661534,0.407739705663518
"KLLN",0.0983042247853491,0.177221659422094,0.408263440405455
"DMAC2L",0.0982884786136371,0.177291397449633,0.408323361545115
"ZNF740",0.098267483718021,0.177384413024119,0.408436850898587
"OR10J4",0.098267483718021,0.177384413024119,0.408436850898587
"ZNF260",0.0982552366955784,0.177438688756365,0.408511458482973
"HSD11B1",0.098241240098501,0.177500733186526,0.408603931097197
"OSR2",0.098209747755077,0.177640391748816,0.408824640332826
"CD24",0.098194001583365,0.177710251459003,0.408935024180425
"ZNF233",0.098178255411653,0.177780131458652,0.408980392180457
"USP36",0.0981747562623837,0.17779566310308,0.408980392180457
"OBP2B",0.098162509239941,0.177850031750337,0.409055073025775
"PARP11",0.098152011792133,0.177896643219419,0.409061525334383
"HEATR5B",0.098152011792133,0.177896643219419,0.409061525334383
"KRT26",0.0981275177472477,0.178005438395326,0.409196296355183
"SSBP1",0.098125768172613,0.178013211358864,0.409196296355183
"MRPL57",0.0981240185979784,0.178020984573028,0.409196296355183
"RABGEF1",0.098089027105285,0.17817650149293,0.409490383483327
"ACOT12",0.0980802792321117,0.178215396390479,0.409490383483327
"KBTBD4",0.0980662826350343,0.178277641263995,0.409490383483327
"C11orf94",0.098062783485765,0.178293204989749,0.409490383483327
"IRF7",0.098057534761861,0.178316552459026,0.409490383483327
"LCN10",0.0980557851872263,0.178324335450305,0.409490383483327
"ARHGAP8",0.098036539866245,0.178409964905679,0.409589571371431
"ORAI2",0.098031291142341,0.178433323660203,0.409589571371431
"PEX1",0.0980242928438023,0.178464472177661,0.409610726605628
"PLXNA3",0.0979753047540317,0.17868262418384,0.409909923751062
"CLDN20",0.0979508107091463,0.178791773954748,0.410109944777556
"KMT2C",0.0979455619852423,0.178815169590942,0.410113239258312
"ADRA2C",0.0979175687910877,0.178939984469644,0.410248361153336
"SPINK13",0.0979088209179143,0.178979002298325,0.410287448990245
"IL17REL",0.097873829425221,0.179135136382576,0.410533319866537
"JOSD1",0.0978650815520477,0.179174185598209,0.410533319866537
"AGTRAP",0.0978283404847196,0.179338260872397,0.410858851821993
"NECAB2",0.0978143438876423,0.179400794878699,0.410951704299592
"OVOL2",0.0977933489920263,0.179494626038652,0.41105122201108
"OR5P3",0.0977671053725063,0.179611965875816,0.411175379720505
"RAPGEF1",0.0977671053725063,0.179611965875816,0.411175379720505
"CBLB",0.0977566079246983,0.179658917644681,0.411175379720505
"ATXN7L3B",0.097753108775429,0.179674570245183,0.411175379720505
"TRMT61A",0.0977443609022556,0.179713706145504,0.411214552312355
"CSNK2B",0.0977338634544476,0.17976067752177,0.411257087632646
"AKR1C4",0.097705870260293,0.179885978775357,0.4112918521134
"CALML5",0.0976936232378503,0.179940818315957,0.41131992452815
"FOXK2",0.0976673796183303,0.180058373114654,0.411398357754989
"EGFR",0.0976603813197916,0.180089730619099,0.411419670830862
"ZNF777",0.0976288889763676,0.18023088920046,0.411691791427079
"NEMP2",0.0976236402524636,0.180254423556134,0.41169519558938
"PRKAG1",0.0976026453568476,0.180348583626405,0.411859886012074
"CTXN3",0.0975851496105009,0.180427078035183,0.411919677730546
"ZNF611",0.0975834000358663,0.180434928860385,0.411919677730546
"NEDD4",0.0975816504612316,0.180442779937296,0.411919677730546
"COMMD10",0.0975711530134236,0.180489891684849,0.411919677730546
"ZFYVE28",0.0975694034387889,0.180497744523822,0.411919677730546
"VAV1",0.0975624051402503,0.180529158397115,0.411919677730546
"ZNF431",0.0975449093939036,0.18060771070339,0.412048571353103
"KATNAL1",0.0975309127968263,0.180670570676797,0.412141636491982
"AGO4",0.0975116674758449,0.180757029455072,0.412212660818218
"FAM126B",0.0975116674758449,0.180757029455072,0.412212660818218
"SLC7A5",0.0975081683265756,0.180772752506872,0.412212660818218
"ABCC9",0.0974994204534023,0.180812064543952,0.412212660818218
"ICAM3",0.0974731768338822,0.180930038438252,0.412416798703885
"INO80D",0.0974696776846129,0.180945772573337,0.412416798703885
"RBM23",0.0974469332143622,0.181048069016225,0.412563167141752
"LHX6",0.0974399349158236,0.18107955341175,0.412563167141752
"ERGIC2",0.0974294374680156,0.181126787564901,0.412563167141752
"TDP2",0.0974259383187462,0.181142534298692,0.412563167141752
"CRYAA",0.0974014442738609,0.181252789663102,0.412713618598889
"NLRC4",0.0973786998036102,0.181355213882266,0.412882049427948
"PPEF1",0.0973629536318982,0.1814261479159,0.412957311209915
"KLRF1",0.0973507066094556,0.18148133295094,0.412996311675808
"PCYT1A",0.0973454578855516,0.181504987462711,0.412996311675808
"ORC4",0.0973367100123782,0.181544416692631,0.412996311675808
"PACSIN3",0.0973297117138396,0.181575964616088,0.412996311675808
"WDR46",0.0973192142660316,0.181623294067656,0.413053658062292
"CXorf49",0.0973069672435889,0.181678523237721,0.413128954095662
"GLT8D2",0.0972964697957809,0.181725872364257,0.413186315105292
"H2BC6",0.0972877219226076,0.18176533690726,0.413225737319536
"LEPR",0.0972772244747996,0.181812702684573,0.413283110435381
"PDGFC",0.0972457321313755,0.181954854519248,0.4135450281218
"LMOD2",0.0972369842582022,0.181994355650732,0.4135450281218
"SUSD4",0.0972177389372209,0.182081280351165,0.413692213119021
"FKBP4",0.0971792482952582,0.182255221388886,0.41403704107272
"TNRC6B",0.0971442568025649,0.182413455656562,0.414346107740446
"RPF1",0.0971320097801222,0.182468861517141,0.414371164602885
"PWWP3B",0.0971145140337755,0.182548034217706,0.414500557696035
"TRIP12",0.0970970182874289,0.182627232181548,0.414597559777835
"IGFBP2",0.0970952687127942,0.182635153367544,0.414597559777835
"ELAVL3",0.0970672755186395,0.182761926708978,0.414834922607788
"PARD3B",0.0970585276454662,0.182801556645586,0.414845591037938
"PSMD6",0.0970427814737542,0.182872906454523,0.414852724806153
"ABCG2",0.0970410318991195,0.18288083547489,0.414852724806153
"LILRB5",0.0970305344513115,0.182928414905518,0.414910259506371
"WDR82",0.0970235361527728,0.182960139581827,0.414931823537365
"MAGOH",0.0970130387049648,0.183007734180673,0.414956975380085
"TRIM38",0.0970112891303302,0.183015667498702,0.414956975380085
"SNX16",0.0969745480630022,0.183182325587302,0.415252018353347
"MIER3",0.0969727984883675,0.183190264468474,0.415252018353347
"STT3B",0.0969448052942128,0.183317320965221,0.415352826527632
"HDLBP",0.0969413061449435,0.183333207580377,0.415352826527632
"LRRC30",0.0969395565703088,0.18334115126741,0.415352826527632
"DUSP7",0.0969325582717702,0.183372928545314,0.415352826527632
"ARL6",0.0969238103985968,0.183412655834942,0.415352826527632
"OR12D1",0.0969185616746928,0.183436495244748,0.415356448253021
"C8orf37",0.0969133129507888,0.183460336931688,0.415360074255814
"FAM133B",0.0969028155029808,0.183508027137337,0.415410605740458
"TDRD6",0.0968923180551728,0.183555726452623,0.415410605740458
"RUNX2",0.0968923180551728,0.183555726452623,0.415410605740458
"RAB37",0.0968888189059035,0.183571628248876,0.415410605740458
"POLR1G",0.0968765718834608,0.183627292507728,0.415486226662749
"FABP12",0.0968573265624795,0.183714789971495,0.415583505027572
"MFHAS1",0.0968450795400368,0.183770486122855,0.415659149670636
"GRIP1",0.0968065888980741,0.183945611932669,0.416004873874367
"AHSA1",0.0967908427263621,0.184017289633253,0.416116588108806
"SCN9A",0.0967488529351301,0.18420853046688,0.416365411034561
"RTL1",0.0967471033604955,0.184216502001423,0.416365411034561
"SBK2",0.0966893673975515,0.184479704789442,0.416899129012242
"PRB3",0.0966823690990128,0.184511626911228,0.416899129012242
"ZBTB6",0.0966806195243781,0.184519608075348,0.416899129012242
"ANXA13",0.0966631237780314,0.184599433658265,0.417029033869815
"NELFE",0.0966071373897221,0.184855045898638,0.417505482791506
"ZNF324B",0.0965948903672794,0.184910995691166,0.417581348915142
"TMOD3",0.0965249073818928,0.185230947248681,0.418202752758266
"ABCA5",0.0964549243965061,0.18555130484706,0.41882477270047
"IMPG2",0.0964146841799088,0.185735694410012,0.419190311637629
"LINGO1",0.0964076858813701,0.185767775874236,0.419212056818178
"CFAP221",0.0963569482169647,0.186000488042334,0.419686494464012
"HEXD",0.0963359533213487,0.186096845235847,0.419802473924953
"GCH1",0.0962799669330394,0.18635397668025,0.420331747401009
"RIPPLY3",0.0962537233135194,0.18647459665921,0.420469610662054
"NEUROD4",0.0962537233135194,0.18647459665921,0.420469610662054
"NRG4",0.0962519737388847,0.186482640025369,0.420469610662054
"SAMD15",0.0962274796939994,0.186595273854346,0.420542292424277
"JTB",0.0962239805447301,0.186611368470635,0.420542292424277
"DOK1",0.0962099839476527,0.186675757110086,0.420600366725536
"EBAG9",0.0961802411788634,0.186812637026224,0.420807237860542
"CCN3",0.0961382513876314,0.187006004446044,0.421028907318595
"EFR3B",0.096129503514458,0.187046307775883,0.421028907318595
"LRCH4",0.0961225052159194,0.187078555021276,0.421036299177938
"SPATA45",0.09611900606665,0.18709468017122,0.421036299177938
"DCDC2",0.096108508618842,0.18714306173036,0.421094436250146
"TRIT1",0.0960647692529754,0.187344750214102,0.42149747680985
"EAPP",0.0960227794617434,0.187538520893675,0.421780999061931
"AKR1B15",0.095998285416858,0.187651621545921,0.421984549547456
"CCNK",0.0958810639163353,0.188193580452641,0.423101397439933
"PRKAB2",0.0958705664685273,0.188242169916271,0.423126973742844
"C7orf50",0.0958688168938926,0.188250269052757,0.423126973742844
"SRSF7",0.095851321147546,0.188331274444392,0.423243594034568
"LAMB3",0.0958478219982767,0.188347478583278,0.423243594034568
"MMRN2",0.0958285766772953,0.188436619584774,0.423360240726857
"TM4SF18",0.0958268271026607,0.188444724842705,0.423360240726857
"FZD7",0.0958180792294873,0.188485254958946,0.423400363436766
"CERT1",0.095809331356314,0.188525791453129,0.423411496284537
"ATP13A3",0.0958058322070447,0.188542007836718,0.423411496284537
"VPS33A",0.0958023330577753,0.18855822524087,0.423411496284537
"LCLAT1",0.095783087736794,0.18864743920744,0.423550133502161
"CATSPERZ",0.0957760894382553,0.188679888305099,0.423550133502161
"OR10G8",0.0957743398636206,0.188688001217497,0.423550133502161
"H2BC1",0.095762092841178,0.18874479875006,0.423626710906876
"PLEKHG4B",0.0957323500723886,0.188882787682513,0.42388547738027
"MCOLN1",0.0957061064528686,0.189004603889204,0.424093392826949
"SLC26A7",0.0956711149601753,0.189167114864655,0.424239677889138
"EMP2",0.0956693653855406,0.189175243094836,0.424239677889138
"SMPD2",0.0956641166616366,0.189199629317768,0.424239677889138
"NBDY",0.0956483704899246,0.189272801778838,0.424301866045081
"ZSCAN30",0.0956378730421166,0.189321594913995,0.424360310443325
"EXOC3",0.0955381472879406,0.189785588466909,0.425298254164626
"DNAAF4",0.0955224011162286,0.189858926516658,0.425309501214479
"TBX4",0.0955224011162286,0.189858926516658,0.425309501214479
"HERPUD1",0.095510154093786,0.189915981539416,0.425386288226209
"KATNBL1",0.0954699138771886,0.190103536262733,0.425671501617715
"UTS2",0.0954681643025539,0.190111693884845,0.425671501617715
"SUCNR1",0.0954384215337646,0.190250412596298,0.425865482491587
"OR5M10",0.0954244249366872,0.190315717571533,0.425895084928916
"TOX4",0.0954174266381486,0.190348376199489,0.425895084928916
"ZNF41",0.0954174266381486,0.190348376199489,0.425895084928916
"PTGER2",0.0953946821678979,0.190454545014473,0.426030552484166
"USP24",0.0953841847200899,0.190503560592263,0.426089161391748
"EFNA3",0.0953736872722819,0.190552585383397,0.426096753426764
"ODF4",0.0953386957795886,0.190716067903644,0.426411263518311
"TIA1",0.0953177008839726,0.19081420656812,0.426528560366991
"SCGB2A1",0.0952984555629912,0.190904199400631,0.42667865342343
"BOD1",0.0952862085405486,0.190961483699833,0.426755614404462
"RAB22A",0.0952564657717592,0.19110065496024,0.426921013343706
"RASD2",0.0952529666224899,0.191117032916471,0.426921013343706
"C9orf57",0.0952512170478552,0.191125222278838,0.426921013343706
"CCDC102B",0.0952494674732206,0.191133411897376,0.426921013343706
"BMPER",0.0952459683239512,0.191149791902981,0.426921013343706
"ZSWIM7",0.0952389700254126,0.191182554988391,0.426943130092455
"MTMR1",0.0952267230029699,0.191239900251461,0.427020131168853
"RPTOR",0.0952092272566232,0.191321843834543,0.42715203292934
"RTN4RL1",0.0951952306595459,0.191387417150776,0.427247358678926
"JMJD7",0.0951654878907566,0.191526814908185,0.427456356981987
"NUPR2",0.0951374946966019,0.191658080468159,0.427647110014735
"ZC4H2",0.0951147502263512,0.191764782062786,0.42778297537083
"TALDO1",0.0950692612858499,0.191978315265214,0.428054801324396
"PLAG1",0.0950692612858499,0.191978315265214,0.428054801324396
"ADGRG5",0.0950570142634072,0.192035834597621,0.428117475915525
"TEC",0.0950535151141379,0.192052271001299,0.428117475915525
"PHF23",0.0950377689424259,0.192126247516676,0.428231268483284
"EXOC1",0.0950115253229059,0.192249587891506,0.428440582139135
"PTBP3",0.0950080261736365,0.192266037636972,0.428440582139135
"XRCC5",0.0949275457404418,0.192644665140191,0.429046697065799
"VPS45",0.0949257961658072,0.192652902205707,0.429046697065799
"TPMT",0.0949135491433645,0.192710568853993,0.429123951820339
"CAPN1",0.0948680602028632,0.192924869433388,0.429465895119209
"KLF18",0.0948663106282285,0.192933115230786,0.429465895119209
"RIPPLY1",0.0948103242399192,0.193197116395231,0.430002305541333
"SLC16A4",0.0947875797696685,0.193304442028272,0.430138658324795
"ADAMTSL3",0.0947788318964952,0.193345732683358,0.430179283249272
"RING1",0.0947648352994178,0.193411811097447,0.430275042770212
"MC1R",0.0947595865755138,0.19343659474413,0.430278923706689
"VASN",0.0947175967842818,0.1936349472152,0.430566290533524
"RAB4A",0.0946861044408578,0.193783808766986,0.430831497780763
"RPL6",0.0946826052915885,0.193800354083112,0.430831497780763
"SPANXN4",0.0946756069930498,0.193833447801887,0.430853781379201
"LY86",0.0946458642242605,0.193974142023076,0.431063907237384
"GTF3C6",0.0946336172018178,0.194032096547871,0.4310901064868
"FBXO22",0.0946213701793751,0.194090063680205,0.431116321276345
"BCCIP",0.0946038744330285,0.194172895741618,0.431238457602133
"KIAA2013",0.0945968761344898,0.194206035771815,0.431238457602133
"PMPCB",0.0945496376193538,0.194429838692106,0.431665676107201
"TC2N",0.0945303922983724,0.19452107146272,0.431816894168282
"CYP39A1",0.0945146461266604,0.194595739630083,0.431879980193871
"UBE2A",0.0944901520817751,0.1947119315727,0.432002265404723
"ATG16L1",0.0944884025071405,0.19472023292873,0.432002265404723
"GSPT1",0.0944831537832364,0.194745138542178,0.432006201141908
"SEC14L5",0.0944639084622551,0.194836478958132,0.432099606125671
"IL4R",0.0944604093129858,0.194853089655186,0.432099606125671
"C3orf49",0.0944551605890818,0.194878007632833,0.432099606125671
"KCNH2",0.0944499118651778,0.194902927929035,0.432099606125671
"INA",0.0944394144173698,0.194952775477442,0.432158817188928
"IKBKE",0.0944236682456578,0.195027564191331,0.432273295613256
"CHMP4B",0.0944166699471191,0.195060810319103,0.432295679781603
"ICAM1",0.0943501861110018,0.195376854194715,0.43275777396374
"CSF1",0.0943414382378284,0.195418466625514,0.432765731314456
"PEX19",0.0943379390885591,0.195435113402555,0.432765731314456
"DZIP3",0.0943204433422124,0.195518362757857,0.432767269070672
"SMIM30",0.0943134450436737,0.195551669719822,0.432767269070672
"H3Y1",0.0942994484465964,0.195618296021726,0.432857031572776
"PUM2",0.0942854518495191,0.195684938828922,0.432857031572776
"AKAP7",0.0942854518495191,0.195684938828922,0.432857031572776
"TCF19",0.0942399629090177,0.195901641961252,0.433182460960021
"VEGFA",0.0942399629090177,0.195901641961252,0.433182460960021
"AURKC",0.0942242167373057,0.195976695216361,0.433297118487125
"TUBA3C",0.0942154688641324,0.196018400500067,0.433323616596627
"CCDC14",0.0941944739685164,0.196118519502235,0.433456742038311
"ZRANB1",0.0941542337519191,0.196310518138852,0.433745557494881
"BTN1A1",0.0941419867294764,0.196368979610849,0.433790544887161
"MRPL27",0.0941384875802071,0.196385685212088,0.433790544887161
"STH",0.0941244909831297,0.196452517944526,0.433886852546354
"ZMYND8",0.0941192422592257,0.196477584479498,0.433890903126299
"ALPP",0.0941034960875137,0.196552798028355,0.433921531508562
"DPP3",0.0941034960875137,0.196552798028355,0.433921531508562
"KRT15",0.094101746512879,0.196561156380512,0.433921531508562
"DKC1",0.0940947482143404,0.196594592371627,0.433944050009752
"B4GALNT3",0.0940265148035884,0.196920809864731,0.434561390172956
"TIGD2",0.0940265148035884,0.196920809864731,0.434561390172956
"NKX6-1",0.0940195165050497,0.196954290286617,0.434583923132426
"SDHD",0.093991523310895,0.197088253318678,0.434828141639649
"PRR15",0.093960030967471,0.19723904081308,0.435006651656244
"KLRC4",0.093960030967471,0.19723904081308,0.435006651656244
"PGA3",0.093855056489391,0.197742270774768,0.435807723505967
"SPAG16",0.0938480581908523,0.197775852542563,0.435830303490845
"ANKRD40CL",0.0938358111684097,0.197834630595965,0.43590839558875
"LOX",0.093828812869871,0.19786822374668,0.435930983448507
"ARMC8",0.0938095675488897,0.197960626256604,0.436031684864763
"HUNK",0.0938043188249857,0.197985832374903,0.436035778942652
"SPRING1",0.0937955709518123,0.198027847747479,0.436062484084194
"OPRK1",0.093792071802543,0.198044655707974,0.436062484084194
"CYB5D2",0.0937850735040043,0.198078274734469,0.436085094770829
"MDP1",0.093776325630831,0.198120304340657,0.436093318485791
"TMEM159",0.0937588298844843,0.19820438296472,0.436157070372229
"KRT25",0.0937535811605803,0.198229611599334,0.436161195361589
"CASP14",0.0937168400932523,0.198406277278228,0.436498484444363
"GJA8",0.093708092220079,0.198448357363923,0.436517247666345
"ATPAF2",0.0936905964737323,0.198532536955919,0.436517247666345
"CIAO2B",0.093687097324463,0.198549375981822,0.436517247666345
"POLR3C",0.0936835981751937,0.198566216043616,0.436517247666345
"LDLR",0.0936748503020203,0.198608320730288,0.436517247666345
"CHM",0.0936416083839616,0.198768377593547,0.436780588297104
"DYNC2I1",0.0936328605107883,0.198810513362986,0.436821782066721
"SAMD9",0.0935383834805163,0.199265992445808,0.437668078903671
"PELO",0.0935383834805163,0.199265992445808,0.437668078903671
"VSIR",0.0935313851819776,0.199299761702049,0.437676392229483
"TM4SF19",0.0935278860327083,0.199316647885615,0.437676392229483
"ZNF808",0.093513889435631,0.199384202990081,0.437758885417449
"PTPN2",0.0935103902863616,0.199401094358869,0.437758885417449
"PUS1",0.0934736492190336,0.199578516351696,0.438082507622607
"RXFP1",0.0934701500697643,0.199595419648788,0.438082507622607
"TMEM164",0.0934439064502443,0.199722227445601,0.438191961758154
"SLFN11",0.0934404073009749,0.199739139561318,0.438191961758154
"PRPF38A",0.0934281602785323,0.199798340137583,0.438270354757987
"MAP1LC3B2",0.0934211619799936,0.199832174745504,0.438293094016093
"TMEM69",0.0934071653829163,0.199899856414328,0.438365535013417
"PTRHD1",0.0933966679351083,0.199950628563065,0.438365535013417
"PDHX",0.0933949183604736,0.199959091496,0.438365535013417
"HEMGN",0.0933669251663189,0.200094533714059,0.43856370975839
"CCDC25",0.0933616764424149,0.200119936526076,0.43856370975839
"NOL6",0.0933616764424149,0.200119936526076,0.43856370975839
"CHRM5",0.0933266849497216,0.200289348303255,0.438675988675976
"DCXR",0.0933196866511829,0.200323243118506,0.438675988675976
"USP42",0.0933126883526443,0.200357142087476,0.438675988675976
"SRD5A3",0.0933074396287402,0.200382569040199,0.438675988675976
"PAFAH1B3",0.0932951926062976,0.200441907683687,0.438754461779248
"CLPSL2",0.0932427053672576,0.20069636027399,0.438937024605071
"IL17B",0.0932409557926229,0.200704846052511,0.438937024605071
"IL13RA2",0.0932392062179883,0.200713332090775,0.438937024605071
"ABRA",0.0932269591955456,0.200772741631653,0.439015539481648
"ORC3",0.0931937172774869,0.200934060264962,0.439302557281459
"TRMT112",0.0931902181282176,0.200951046629659,0.439302557281459
"DEF8",0.0931797206804096,0.201002011959739,0.439362543932595
"MBTPS2",0.0931709728072362,0.201044490213901,0.439403967142751
"RHOB",0.0931622249340629,0.201086974964607,0.439445394855956
"GTF2A1L",0.0931447291877162,0.201171963957144,0.439579688646731
"CPEB3",0.0931132368442922,0.201325009642148,0.43975975205576
"RHOF",0.0930572504559829,0.20159729883911,0.440303023403018
"COPZ1",0.0930362555603669,0.201699475937319,0.440423174629413
"GFRA1",0.0930222589632895,0.201767614809742,0.440520455247456
"PML",0.0930012640676735,0.201869854332598,0.440692156576926
"EMID1",0.0929557751271722,0.202091501819776,0.441110137459838
"IGSF11",0.0929522759779029,0.202108558912178,0.441110137459838
"ZEB1",0.0929400289554602,0.202168266933078,0.441174576350666
"FOLR3",0.0929365298061909,0.20218532870986,0.441174576350666
"GET1",0.0929260323583829,0.202236520286531,0.44120180028017
"TSNAX",0.0929242827837482,0.202245053126929,0.44120180028017
"MTIF2",0.0929137853359402,0.20229625563531,0.441261956347237
"APOL3",0.0929067870374015,0.202330395846817,0.441284885301315
"PRDM4",0.0928700459700735,0.202509700292943,0.441624376771486
"C19orf44",0.0928612980969002,0.202552408750876,0.441665941136177
"HNRNPD",0.0928035621339562,0.202834447852775,0.442074471711801
"SLC1A7",0.0927563236188202,0.203065418104878,0.442398678533098
"GZMA",0.0927493253202815,0.203099652073506,0.442398678533098
"SYNPO2L",0.0927475757456468,0.203108211217092,0.442398678533098
"DTD1",0.0927195825514922,0.203245192955001,0.442608118426726
"FAM20B",0.0927003372305108,0.203339406601811,0.442761659985475
"SPIC",0.0926898397827028,0.203390809156944,0.44282195754431
"FANCI",0.0926530987153748,0.203570792005179,0.443019141099334
"ITGB2",0.0926321038197588,0.203673690970927,0.443019141099334
"RPL7A",0.0926321038197588,0.203673690970927,0.443019141099334
"AASDH",0.0926303542451241,0.203682267579678,0.443019141099334
"TNFSF11",0.0926303542451241,0.203682267579678,0.443019141099334
"WDR74",0.0926216063719508,0.203725154535096,0.443019141099334
"ZNF184",0.0926216063719508,0.203725154535096,0.443019141099334
"TIMM22",0.0926181072226815,0.20374231114276,0.443019141099334
"PON3",0.0926023610509695,0.20381952878688,0.443121178394459
"CDSN",0.0925988619017001,0.203836691132298,0.443121178394459
"MLF1",0.0925831157299881,0.203913934597901,0.443237504952328
"PCSK7",0.0925341276402175,0.204154382732989,0.44370851296652
"MAML2",0.0925288789163135,0.204180157165466,0.443712894487111
"FLVCR2",0.0925166318938708,0.20424030664103,0.443740340487188
"TRPM1",0.0924973865728895,0.20433485308118,0.443790872908956
"DNAJC5G",0.0924483984831188,0.204575659259069,0.444247923965256
"EIF1AY",0.0924448993338495,0.204592867531868,0.444247923965256
"OAF",0.0924326523114068,0.204653104710888,0.444327061564815
"PRKG1",0.0924221548635988,0.204704746761555,0.444387521855027
"DHX32",0.0924029095426174,0.204799448269544,0.44449860117
"DDB1",0.0923924120948094,0.204851116955997,0.44449860117
"EPB41L5",0.0923784154977321,0.20492002316347,0.444596462895094
"PPM1N",0.0923329265572308,0.205144083792056,0.444964920968302
"PSORS1C2",0.0923171803855188,0.205221684387312,0.444978208847206
"C5orf24",0.0923136812362494,0.205238931838179,0.444978208847206
"PAICS",0.0923066829377108,0.205273429875514,0.445001343744062
"USP27X",0.0922944359152681,0.205333811501384,0.445037828403449
"SHLD1",0.0922926863406334,0.205342438493233,0.445037828403449
"TEX47",0.0922856880420947,0.205376949073986,0.445037828403449
"SEMA7A",0.0922034580342654,0.205782761668273,0.445795018781657
"GOLGA3",0.0921824631386494,0.205886465946258,0.445967946881502
"HAP1",0.0921632178176681,0.205981561282423,0.446122189320484
"RBP4",0.0921457220713214,0.206068039050158,0.446158723796894
"ADAMTS19",0.0921404733474174,0.206093987481035,0.446158723796894
"NUP62CL",0.0921124801532627,0.206232418874759,0.446321112381332
"SLC49A4",0.0920949844069161,0.206318972506727,0.446321112381332
"ARMH4",0.0920949844069161,0.206318972506727,0.446321112381332
"FRAS1",0.0920757390859347,0.206414211723326,0.446437963884751
"CMYA5",0.0920669912127614,0.206457512743611,0.446479910606725
"NPS",0.0920617424888574,0.206483496496185,0.446484402056587
"FFAR3",0.0920477458917801,0.206552798018525,0.446582548714283
"OSBPL3",0.0920180031229907,0.206700119373669,0.446764647486285
"WDR18",0.092016253548356,0.206708787691636,0.446764647486285
"PRMT6",0.0919917595034707,0.206830171631855,0.446975270237969
"SPANXA2",0.091979512481028,0.206890882845574,0.447054741180601
"ABHD15",0.0919567680107774,0.207003666282978,0.447113636582023
"HELLS",0.0919515192868734,0.207029699514993,0.447113636582023
"ZNF550",0.0919497697122387,0.207038377782774,0.447113636582023
"CREB3L4",0.0919462705629694,0.207055735104016,0.447113636582023
"PPAN",0.0919427714137,0.20707309347285,0.447113636582023
"PSMC5",0.0919357731151614,0.207107813353389,0.447113636582023
"CDC42BPG",0.0919235260927187,0.207168583228176,0.447113636582023
"INSIG2",0.0919182773688147,0.207194631389197,0.447113636582023
"SPX",0.0919182773688147,0.207194631389197,0.447113636582023
"NPM3",0.09191652779418,0.20720331463342,0.447113636582023
"CCT7",0.091885035450756,0.207359657825016,0.447310144463877
"SPATA31E1",0.0918832858761214,0.207368346046704,0.447310144463877
"GUSB",0.091843045659524,0.207568247463291,0.447637943374644
"SLC35F2",0.0917818105473107,0.207872711278638,0.44802625532059
"INTS10",0.0917765618234067,0.207898823118716,0.44802625532059
"LTBR",0.0917730626741373,0.207916232322958,0.44802625532059
"USP9X",0.0917625652263293,0.207968466228039,0.448087110668534
"UHRF2",0.091738071181444,0.208090382048198,0.448232190623536
"RBM27",0.0917345720321747,0.208107802789499,0.448232190623536
"CEMIP2",0.0917240745843667,0.208160071307244,0.448260141052616
"CXorf66",0.091722325009732,0.208168783644749,0.448260141052616
"SLC25A2",0.0916978309648467,0.208290783908327,0.448367759367441
"YBX2",0.0916838343677693,0.208360521426437,0.448414507739126
"GLYR1",0.091638345427268,0.208587284313596,0.448714475180523
"DGKE",0.091638345427268,0.208587284313596,0.448714475180523
"CPED1",0.0916365958526333,0.208596009505103,0.448714475180523
"SERPINB4",0.09160160435994,0.208770568442244,0.449038251321819
"CBR4",0.0915893573374973,0.208831688870857,0.449103834666177
"NAMPT",0.091585858188228,0.208849154212666,0.449103834666177
"RBM10",0.0915211239267453,0.209172452437178,0.449591980862785
"KCTD9",0.0915141256282066,0.209207425125687,0.449615405252857
"TIMM10B",0.0914948803072253,0.209303621683444,0.449718642264151
"TMC1",0.0914878820086866,0.209338610128377,0.449742077850865
"MAP9",0.0914791341355133,0.209382351593818,0.449784310831164
"RUFY4",0.0914406434935506,0.209574892052694,0.44999088111935
"ZNF112",0.0914301460457426,0.209627425153195,0.450051936103124
"BUD13",0.0914196485979346,0.209679967711798,0.450112997354659
"SYT6",0.0913934049784146,0.20981136549142,0.450343300990434
"FRA10AC1",0.0913776588067026,0.209890232539177,0.450460811641195
"CYP4F11",0.0913689109335293,0.209934056763862,0.450465370800004
"AGMO",0.0913636622096253,0.209960354452513,0.450465370800004
"SNX5",0.0913566639110866,0.209995421717015,0.450465370800004
"IL17A",0.0913531647618173,0.210012956926303,0.450465370800004
"CPNE8",0.0913479160379133,0.210039261711591,0.450470056468269
"PDCD2L",0.0913111749705853,0.210223461452244,0.450813338624653
"CRACD",0.0913006775227773,0.210276111244403,0.450822713075476
"GTPBP8",0.0912849313510653,0.210355103680565,0.450940302609991
"SULT1E1",0.0912744339032572,0.210407777137491,0.45098733015106
"PLGLB1",0.0912709347539879,0.210425337060202,0.45098733015106
"SRSF12",0.0912586877315453,0.210486805073589,0.451053190578057
"YIPF7",0.0912551885822759,0.210504369730046,0.451053190578057
"ABCF2",0.0912464407091026,0.210548285973755,0.451095536175961
"CD5",0.0912096996417746,0.210732806004353,0.451354362246784
"AMELX",0.0912079500671399,0.210741595566072,0.451354362246784
"TM2D1",0.0911939534700626,0.210811921530756,0.451368525115628
"GNB5",0.0911939534700626,0.210811921530756,0.451368525115628
"EML3",0.0911922038954279,0.21082071346025,0.451368525115628
"IER3IP1",0.0911817064476199,0.210873470562403,0.451377986959707
"C8B",0.0911817064476199,0.210873470562403,0.451377986959707
"GAB4",0.0911484645295612,0.211040597212149,0.451632198181974
"RASEF",0.0911292192085799,0.21113739816777,0.45178758572196
"KLF14",0.0911064747383292,0.211251840356363,0.451966582251149
"WDR37",0.0910924781412519,0.211322288429835,0.452027838588432
"RFXAP",0.0910767319695399,0.211401562651619,0.452093849087557
"TDRKH",0.0910679840963666,0.211445613100624,0.452108116726923
"NCMAP",0.0910644849470972,0.211463235123264,0.452108116726923
"GALNT11",0.0910609857978279,0.211480858199101,0.452108116726923
"RNF114",0.0910207455812305,0.21168359927682,0.45245680760681
"TMPRSS2",0.0910189960065959,0.211692417266455,0.45245680760681
"RUNDC3B",0.0909962515363452,0.211807075099372,0.452598276264974
"ZBTB39",0.0909770062153639,0.211904128034959,0.452650291110705
"SNAP23",0.0909700079168252,0.211939427914404,0.452673919914159
"ZSCAN21",0.0909420147226705,0.212080669585295,0.452820233814448
"OSBPL11",0.0909262685509585,0.212160147667027,0.452938147900023
"ZNF697",0.0909122719538812,0.212230812769669,0.453027957679516
"THSD7A",0.0909052736553425,0.212266151645756,0.453027957679516
"FAM151B",0.0909035240807079,0.212274987023637,0.453027957679516
"TSPAN1",0.0908965257821692,0.212310331170677,0.453051616195563
"RFX1",0.0908790300358225,0.212398709987846,0.453188427708558
"NIF3L1",0.0908702821626492,0.212442909280769,0.45323095427549
"UNKL",0.0908457881177639,0.21256670236088,0.453391472509342
"FBLN5",0.0908387898192252,0.21260208130299,0.453415150212932
"CDC27",0.0908212940728785,0.212690547114068,0.453425251870727
"NIT2",0.0908160453489745,0.212717091998949,0.453425251870727
"ANKS1B",0.0908090470504359,0.212752488870378,0.453425251870727
"IGFL4",0.0908090470504359,0.212752488870378,0.453425251870727
"PFKFB3",0.0908002991772625,0.212796740892816,0.453467815257216
"ZXDA",0.0907863025801852,0.212867557841684,0.453566972076587
"GLA",0.0907775547070118,0.212911827005855,0.45360954610556
"TRIM16L",0.0907600589606652,0.213000385115269,0.453694707163865
"DHX35",0.0907513110874918,0.213044674061185,0.453704421392992
"ARID5B",0.0907495615128572,0.213053532641708,0.453704421392992
"CDK9",0.0907338153411452,0.213133271737112,0.453822481240715
"HAS3",0.0907093212962598,0.213257352804142,0.453983166644267
"TUBB8",0.0907040725723558,0.213283948332089,0.453988034995452
"RALGPS2",0.0906760793782012,0.213425831255664,0.454210262394424
"PHGDH",0.0906725802289318,0.213443571371063,0.454210262394424
"MIA3",0.0906690810796625,0.213461312542079,0.454210262394424
"SLC25A45",0.0906393383108732,0.213612155119236,0.454394802648257
"LARS2",0.0906235921391612,0.213692043836085,0.454494090728018
"C12orf75",0.0906025972435451,0.213798595386892,0.454668932753995
"HEPH",0.0905903502211025,0.213860768014623,0.454697598297029
"SLC25A43",0.0905711049001211,0.213958493997477,0.454792744186167
"DEFB107A",0.0905641066015825,0.213994038640093,0.454792744186167
"CDC34",0.0905623570269478,0.214002925460914,0.454792744186167
"IAPP",0.0905483604298705,0.214074029534304,0.454892089610041
"OOSP4B",0.0905291151088891,0.214171825233254,0.455048123783418
"SIAE",0.0905203672357158,0.214216288388379,0.455090820377814
"DGCR2",0.0904801270191185,0.214420903958854,0.455421904052719
"NEUROD6",0.0904556329742331,0.214545520991918,0.455601867672179
"GLRA3",0.0904538833995985,0.214554424190234,0.455601867672179
"HSPB11",0.0904013961605585,0.214821643021676,0.455961928068284
"GNAT1",0.0903594063693264,0.215035589360156,0.456208641019002
"AFF3",0.0903226653019985,0.215222917324286,0.456502351385392
"PIWIL3",0.0903226653019985,0.215222917324286,0.456502351385392
"UNK",0.0903016704063824,0.215330014231698,0.456550950363045
"CKM",0.0902894233839398,0.215392505014392,0.456550950363045
"PARD6A",0.0902894233839398,0.215392505014392,0.456550950363045
"TCP1",0.0902894233839398,0.215392505014392,0.456550950363045
"RACK1",0.0902614301897851,0.215535389755717,0.456750134923156
"MRPL54",0.0902439344434384,0.215624727106804,0.456887611010515
"XIAP",0.0902264386970918,0.21571409091316,0.45702511195623
"CKAP5",0.0902141916746491,0.215776661319895,0.457053978315795
"NCR2",0.0901966959283024,0.215866070106215,0.45719150887998
"LCE2B",0.0901861984804944,0.215919728079759,0.457253298743347
"RFLNB",0.0901722018834171,0.215991286864367,0.457301130651731
"RNF31",0.0901512069878011,0.216098656800885,0.457420772396056
"FAP",0.0901442086892624,0.216134455249621,0.457420772396056
"TAS2R16",0.0901389599653584,0.216161306865531,0.457420772396056
"ERCC2",0.0901372103907237,0.216170257933583,0.457420772396056
"PGR",0.0900952205994918,0.216385162986443,0.457771783409019
"CXorf65",0.0900777248531451,0.216474751768078,0.457909442068254
"HGD",0.0900637282560677,0.216546441858899,0.458009212701789
"TARS3",0.0900514812336251,0.216609184591442,0.45802422406489
"GYG2",0.0900479820843557,0.216627113469971,0.45802422406489
"TMC7",0.0900304863380091,0.21671677375371,0.458129025849053
"GPR183",0.0900234880394704,0.216752645283438,0.45813404292819
"VEGFB",0.0899989939945851,0.216878229013576,0.458347607226157
"CEP170",0.0899902461214117,0.216923092928968,0.45839055029887
"CDKAL1",0.0899325101584677,0.217219360896902,0.458912758383545
"CCNF",0.089920263136025,0.217282242716399,0.458993684534721
"ASAH2B",0.089888770792601,0.217443998458333,0.459283433070326
"ARAP3",0.089883522068697,0.217470966098264,0.459288449943592
"APOC4",0.0898747741955237,0.217515917466602,0.459298495399675
"SUMF1",0.089873024620889,0.21752490853556,0.459298495399675
"LYPD5",0.0898432818520997,0.217677797270709,0.459569358108497
"CYREN",0.089794293762329,0.217929781059279,0.459800827475873
"SAR1B",0.0897767980159824,0.218019825658072,0.459800827475873
"MYL2",0.0897767980159824,0.218019825658072,0.459800827475873
"ASPM",0.0897750484413477,0.218028831576751,0.459800827475873
"UPF1",0.0897540535457317,0.218136923290873,0.459862871585997
"DCAF4L2",0.089741806523289,0.218199994431436,0.459911002101654
"OR8K1",0.0897400569486544,0.218209005655534,0.459911002101654
"TARDBP",0.0897348082247503,0.218236040919625,0.459916079915925
"STPG1",0.0897190620530383,0.218317161038667,0.460021211708669
"RPAIN",0.089715562903769,0.218335190650334,0.460021211708669
"KRT40",0.089705065455961,0.218389285853422,0.460031389871251
"PDK1",0.089699816732057,0.21841633703714,0.460036484775643
"SMU1",0.089689319284249,0.21847044656927,0.460065678476796
"POP5",0.0896875697096143,0.218479465753411,0.460065678476796
"SLC38A11",0.089678821836441,0.218524565654782,0.460108769804815
"C1orf68",0.0896385816198437,0.218732110660628,0.460362284232507
"SKOR1",0.0896333328959397,0.218759192100061,0.460362284232507
"MRPS5",0.089605339701785,0.218903666794258,0.460567653944992
"CACNA2D4",0.0896018405525157,0.218921730909707,0.460567653944992
"PTGES3",0.0895650994851876,0.219111468243769,0.460876875877985
"SLC25A36",0.0894986156490703,0.219455100167205,0.461391810280617
"RIOX1",0.089463624156377,0.219636113141362,0.461668435456171
"SLC35B1",0.089458375432473,0.219663274253591,0.461673566279547
"STAT5B",0.0894338813875876,0.21979005773077,0.461836084403674
"ERAS",0.089416385641241,0.219880649245872,0.461974463417247
"C2CD2",0.0893971403202596,0.219980330608597,0.462079929641902
"TIMM50",0.089390142021721,0.220016586350503,0.462104112312416
"GPR33",0.0893813941485476,0.220061912008496,0.462147337082051
"FGF9",0.0893761454246436,0.22008911059307,0.462152488130895
"GLYATL1",0.0893673975514703,0.220134446883876,0.462162801822255
"ISY1",0.0893481522304889,0.220234210117709,0.462268320721661
"CCDC78",0.0893464026558543,0.220243281097737,0.462268320721661
"CCL8",0.0893096615885263,0.220433833097386,0.462564299654695
"IFIH1",0.0892816683943716,0.220579094284141,0.462765127482657
"BTBD1",0.0892711709465636,0.220633584781924,0.462771976379059
"PPT1",0.0892676717972943,0.220651750408951,0.462771976379059
"BRWD3",0.0892659222226596,0.220660833621431,0.462771976379059
"JMJD4",0.0892589239241209,0.220697169131194,0.462771976379059
"SEC61B",0.0892484264763129,0.220751680375631,0.462815265232969
"PTPMT1",0.0891889409387343,0.22106075832759,0.463359228117404
"PTS",0.0891626973192143,0.221197214030202,0.463541199419664
"TASL",0.0891347041250596,0.221342832779629,0.46366253647684
"MTHFSD",0.0891312049757902,0.221361039914119,0.46366253647684
"ALS2",0.0891277058265209,0.2213792481133,0.46366253647684
"TMEM43",0.0891084605055396,0.221479412241022,0.46382030758167
"MACC1",0.0890944639084622,0.221552279110744,0.463920884030974
"PPP1R35",0.0890507245425956,0.221780097902029,0.464293813296525
"FAM114A1",0.0890507245425956,0.221780097902029,0.464293813296525
"C19orf53",0.0890437262440569,0.221816564352235,0.464318107581523
"CPSF4L",0.0890174826245369,0.221953351488984,0.464420546413438
"H2AC8",0.0890139834752676,0.221971594301363,0.464420546413438
"OR5AL1",0.0890122339006329,0.221980716107059,0.464420546413438
"TTPAL",0.0890104843259982,0.221989838179094,0.464420546413438
"NEK9",0.0890104843259982,0.221989838179094,0.464420546413438
"PUS7",0.0890034860274596,0.22202632913069,0.464444861429744
"PPL",0.0889807415572089,0.222144954156155,0.464640963581627
"SLIT3",0.0889492492137849,0.222309278513846,0.464932596363335
"CHMP2A",0.0889265047435342,0.222428010901179,0.464972636175332
"CHP2",0.0889265047435342,0.222428010901179,0.464972636175332
"HSD17B6",0.0889212560196302,0.222455417077728,0.464977881291957
"LZTR1",0.0888950124001102,0.222592483934951,0.465184610494291
"GYPB",0.0888915132508409,0.222610764046311,0.465184610494291
"STEEP1",0.0888827653776676,0.222656468988667,0.465189866297388
"CDKN2A",0.0888530226088782,0.222811915634042,0.465410506250014
"KIF24",0.0888267789893582,0.222949138413527,0.465584417607306
"EAF1",0.0888197806908195,0.222985741285168,0.465584417607306
"TMEM219",0.0888180311161849,0.222994892669595,0.465584417607306
"AKR1A1",0.0888075336683769,0.22304980657509,0.46564701403939
"SIN3B",0.0887742917503182,0.223223763935411,0.465853951866995
"CYP26A1",0.0887427994068942,0.223388654446846,0.466145978821151
"PPP1R13L",0.0887148062127395,0.22353529633668,0.466196833363164
"PHEX",0.0887148062127395,0.22353529633668,0.466196833363164
"NCCRP1",0.0887130566381048,0.223544463722108,0.466196833363164
"LY6G6F",0.0887025591902968,0.22359947363666,0.466221253727616
"PDZRN4",0.0886675676976035,0.22378290938208,0.466485748866161
"RBSN",0.0886658181229689,0.223792083970801,0.466485748866161
"FTO",0.0886535711005262,0.223856313563008,0.466548433445234
"OR1S1",0.0886360753541795,0.223948092804849,0.466687634593099
"SEC24A",0.0886185796078328,0.224039898733027,0.466774782322402
"DTWD2",0.0886115813092942,0.224076628577012,0.466799232047326
"C12orf57",0.0886028334361208,0.224122546887195,0.466842815711048
"PITX1",0.0885660923687928,0.224315476659637,0.467140481946408
"ZNF589",0.0885590940702542,0.224352238535016,0.467164946691935
"TREH",0.0885206034282915,0.224554505206865,0.467533995456344
"LORICRIN",0.0885066068312142,0.22462808876517,0.467560658866462
"ANGPT4",0.0885031076819448,0.224646487325107,0.467560658866462
"BDKRB2",0.0884996085326755,0.224664886953228,0.467560658866462
"TBX10",0.0884978589580408,0.224674087167862,0.467560658866462
"TARBP2",0.0884873615102328,0.224729294063861,0.4675851488343
"PPIE",0.0884821127863288,0.224756901117235,0.467590496297815
"SARNP",0.0884103802263075,0.225134438441614,0.46827160845702
"CHDH",0.0884016323531341,0.225180510300225,0.468315279550891
"RINT1",0.0883771383082488,0.225309547040735,0.468479303109861
"GXYLT2",0.0883613921365368,0.225392526887621,0.468599669615184
"TRIM49",0.0883211519199395,0.225604684844133,0.468985411284119
"MT1M",0.0883124040467661,0.225650824848534,0.468985411284119
"KLHL18",0.0883071553228621,0.225678512058812,0.468985411284119
"HIRA",0.0883071553228621,0.225678512058812,0.468985411284119
"QRFPR",0.0882511689345528,0.225973992009152,0.469409721570226
"NUB1",0.0882494193599181,0.225983230169089,0.469409721570226
"MOCS2",0.0882406714867448,0.226029424979661,0.469453463180621
"HDAC6",0.0882249253150328,0.226112592485176,0.469573977232641
"ADM2",0.0881951825462435,0.226269745764031,0.469834259063805
"RAB13",0.0881916833969741,0.226288239466638,0.469834259063805
"NR5A1",0.0881864346730701,0.226315982026557,0.469839626537125
"TMEM229B",0.0881636902028194,0.226436227604342,0.470037010863476
"ANKRD26",0.0881496936057421,0.226510247353048,0.470138406264227
"TRIM14",0.0881164516876834,0.226686112878192,0.470418084515179
"CPHXL",0.0880937072174328,0.226806497574862,0.470596394701492
"COPA",0.0880884584935288,0.226834285080881,0.470601767181796
"DNAJC10",0.0880622148740088,0.226973258738943,0.47071937909364
"RAP1GDS1",0.0880237242320461,0.227177195702549,0.471040063862259
"OPTC",0.0880132267842381,0.227232837359479,0.471040063862259
"TMEM179",0.0880027293364301,0.227288488653802,0.471040063862259
"NUP155",0.0880009797617954,0.227297764806526,0.471040063862259
"BCAT2",0.0879782352915447,0.227418379155454,0.471237728737075
"RAD1",0.0879607395451981,0.227511190215045,0.471377744448212
"REXO1",0.0879292472017741,0.227678317603146,0.471619372177945
"GAS2L2",0.0878575146417527,0.228059320599354,0.472281517858221
"ATM",0.0878540154924834,0.228077917630254,0.472281517858221
"SRRM4",0.0878452676193101,0.22812441489607,0.472281517858221
"KRBOX4",0.0878452676193101,0.22812441489607,0.472281517858221
"MYL7",0.0877997786788087,0.228366308659467,0.472644392978371
"SHPK",0.087798029104174,0.228375615883317,0.472644392978371
"ZNF507",0.08779278038027,0.228403539162811,0.47264980580661
"DNAH11",0.0877787837831927,0.228478013033457,0.472704589250606
"C9orf64",0.0877752846339234,0.228496634181218,0.472704589250606
"EVI5",0.0877735350592887,0.228505945157125,0.472704589250606
"HNRNPCL2",0.0877647871861154,0.228552504057028,0.472715447130579
"MAP7D3",0.0877630376114807,0.228561816641097,0.472715447130579
"NOL4L",0.0877420427158647,0.228673588557318,0.472789542776096
"CUTC",0.0877332948426914,0.228720171581506,0.472833509459398
"NAGPA",0.0877157990963447,0.228813357735708,0.472973798458448
"MAPK7",0.087698303349998,0.228906570699582,0.473114111817773
"MTARC2",0.087624821215342,0.229298357960896,0.473838288968602
"CA12",0.0876230716407073,0.229307691994979,0.473838288968602
"MRPL19",0.0875898297226487,0.229485089606421,0.474099948394857
"TUBB4B",0.087540841632878,0.229746694185177,0.474587906271692
"TJP2",0.0874848552445687,0.230045928440218,0.474890876483864
"ZNF703",0.0874533629011447,0.230214368482055,0.475133555726695
"GLB1L2",0.0874481141772406,0.230242450277749,0.475139005678149
"BCL11B",0.0874236201323553,0.230373530603349,0.475356983487808
"TMEM233",0.087404374811374,0.230476559202668,0.47541199687089
"TNIP3",0.0873956269382006,0.230523401123959,0.475456105951525
"CHEK2",0.087388628639662,0.230560879494162,0.475467040801913
"E2F8",0.0873851294903926,0.230579620290369,0.475467040801913
"RPP40",0.087367633744046,0.230673340383181,0.475607783726682
"AMY2B",0.0873396405498913,0.230823348390171,0.47581201484932
"SEC23B",0.087288902885486,0.231095413158682,0.476226113755489
"PTH2R",0.087283654161582,0.231123570684001,0.476226113755489
"DDIT4L",0.087278405437678,0.231151730627196,0.476226113755489
"RAB35",0.087273156713774,0.231179892988327,0.476231599542244
"LRRC10",0.0872609096913313,0.23124561456772,0.4763144477409
"TRIM49B",0.0872329164971766,0.231395884759287,0.476466322355506
"SLC39A13",0.0871856779820406,0.231649621702609,0.47669280696032
"NCOA2",0.087183928407406,0.231659023129785,0.47669280696032
"ACACB",0.087183928407406,0.231659023129785,0.47669280696032
"MBLAC1",0.0871786796835019,0.231687229023997,0.476698324253848
"PPP2R5D",0.0871681822356939,0.231743648069697,0.476761882721928
"TBC1D15",0.0871524360639819,0.231828294782328,0.476883493044911
"ERBIN",0.0871121958473846,0.232044713088159,0.477118469848559
"PIGX",0.0870894513771339,0.232167099392145,0.477265024573219
"TES",0.0870737052054219,0.232251854992438,0.477386709645473
"NUDT16",0.0870649573322486,0.232298950849063,0.477430967982514
"FUT1",0.0870597086083446,0.232327211590165,0.4774365100856
"PXDN",0.0870404632873633,0.232430855016003,0.477491876391913
"LRRC14",0.0870089709439392,0.232600523548911,0.477735332431482
"TAF1C",0.0870019726454006,0.232638239502828,0.477760255218255
"SLC9C1",0.0869862264736886,0.232723116136287,0.477793679114288
"ASB3",0.0869792281751499,0.232760846079099,0.477793679114288
"YJU2",0.0869599828541686,0.232864625617701,0.477857350624787
"RGP1",0.0869214922122059,0.233072282366472,0.47804582558638
"ATG12",0.0869162434883019,0.233100609286866,0.47804582558638
"NIPA2",0.0869144939136672,0.233110052131889,0.47804582558638
"HSPA4L",0.0869074956151286,0.233147826203165,0.478070795143864
"IFITM2",0.0868987477419552,0.233195049847587,0.478115133489245
"VCL",0.0868812519956085,0.23328951732188,0.478242557428768
"NBR1",0.0868777528463392,0.233308414046558,0.478242557428768
"CDIN1",0.0868427613536459,0.233497440511769,0.47857750208492
"ZNF341",0.0868077698609525,0.23368657465896,0.478860046997009
"INSR",0.0867762775175285,0.233856887473789,0.479123298293434
"ACTR3",0.0867745279428939,0.233866351854945,0.479123298293434
"PP2D1",0.0867395364502005,0.234055696031598,0.47945861347879
"OR52I2",0.0867010458082379,0.234264099057935,0.479832892520947
"SLC40A1",0.0866905483604299,0.23432095887382,0.47989672419426
"HNRNPL",0.0866608055916405,0.234482114353144,0.48017411926089
"SMIM27",0.0866503081438325,0.234539011347619,0.480185329525119
"IMP3",0.0866503081438325,0.234539011347619,0.480185329525119
"EGR1",0.0866170662257739,0.234719249157895,0.480501665819669
"CHST14",0.0866030696286965,0.23479516786538,0.480601811652976
"DAOA",0.0865978209047925,0.234823641827354,0.480601811652976
"ERICH2",0.0865890730316192,0.234871103820771,0.480601811652976
"SLC16A7",0.0865663285613685,0.23499453653763,0.480749037613844
"TRIM65",0.0865435840911178,0.235118014807273,0.480863060727428
"KRTAP19-4",0.0865418345164832,0.235127515022642,0.480863060727428
"SERPINB12",0.0865068430237898,0.235317575943123,0.481099349681217
"GRIN3B",0.0865033438745205,0.235336587966424,0.481099349681217
"ZNF366",0.0865015942998858,0.235346094382502,0.481099349681217
"ZFAND1",0.0864596045086538,0.235574329259645,0.481460513597409
"OR1G1",0.0864071172696138,0.235859841293785,0.481897121795526
"OR8H3",0.0864053676949792,0.235869362542168,0.481897121795526
"PFN3",0.0863983693964405,0.235907450233093,0.481897121795526
"LONRF3",0.0863808736500938,0.236002688342886,0.482019489008283
"POLM",0.0863493813066698,0.236174184923073,0.482317012315287
"TRIM21",0.0862968940676298,0.236460206821701,0.482584506895649
"TMEM31",0.0862968940676298,0.236460206821701,0.482584506895649
"KCNJ14",0.0862863966198218,0.236517440345231,0.482648570354844
"CAPN15",0.0862496555524938,0.236717834191285,0.482951963224431
"MAK16",0.0861796725671071,0.237099866077063,0.483520102517496
"NSMCE3",0.0861464306490484,0.237281482552858,0.483732012679529
"SLC25A20",0.0861464306490484,0.237281482552858,0.483732012679529
"ZNF768",0.0861394323505098,0.237319730021982,0.483757179424856
"MYO1B",0.0861324340519711,0.237357981811956,0.483782349483803
"SCGB2B2",0.0861131887309898,0.237463196514839,0.483824587602692
"CYP11A1",0.0860799468129311,0.237645007977124,0.484103203422859
"VPS51",0.0860607014919498,0.237750311814149,0.484264895129354
"LRRC57",0.0860537031934111,0.237788612222744,0.484290089626168
"CCDC34",0.0860467048948724,0.237826916953797,0.484315287430937
"KIF27",0.0860274595738911,0.237932277252945,0.48435760663053
"DDA1",0.0860257099992564,0.237941857083024,0.48435760663053
"TDP1",0.0860082142529097,0.238037670244403,0.484480332332659
"TEX28",0.0859889689319284,0.238143095930889,0.484528442403992
"TPBG",0.0859819706333897,0.238181440650892,0.484528442403992
"ARHGAP39",0.0859819706333897,0.238181440650892,0.484528442403992
"ZP4",0.0859522278646004,0.238344453949862,0.484734947399284
"PAK4",0.0859434799914271,0.238392413902308,0.484779695344023
"MGARP",0.0859312329689844,0.23845956918764,0.48479691958015
"CDC73",0.0859277338197151,0.238478758844658,0.48479691958015
"GATAD1",0.0859277338197151,0.238478758844658,0.48479691958015
"MRFAP1L1",0.0859172363719071,0.238536334302987,0.484861186269329
"SNAPC4",0.0859032397748297,0.238613116718342,0.484931212089116
"CBLL2",0.0859014902001951,0.23862271573672,0.484931212089116
"TEAD4",0.0858874936031177,0.238699517615823,0.485034511042663
"CCKAR",0.0858699978567711,0.238795544296059,0.485124071062024
"SPG11",0.0858560012596937,0.238872385106593,0.485227394414916
"SLC38A5",0.0858420046626164,0.238949243221668,0.485330730441312
"HAS2",0.0858157610430964,0.239093398832169,0.485570717332492
"MS4A3",0.0857965157221151,0.239199151617614,0.485732668871431
"TRAF7",0.0857737712518644,0.239324174372938,0.485847600604543
"ANP32A",0.0857720216772297,0.239333793401253,0.485847600604543
"ZNF606",0.0857562755055177,0.23942037682793,0.485943037043042
"C1orf100",0.0857440284830751,0.239487734640941,0.485948819225795
"NDUFS4",0.0857300318859977,0.239564731229435,0.486052245566641
"ZBTB34",0.0857177848635551,0.239632117447058,0.486122411618523
"EIF4E3",0.0857142857142857,0.239651373086943,0.486122411618523
"NABP1",0.0856775446469577,0.23985362264567,0.486479828033289
"TP63",0.0856722959230537,0.239882525180512,0.486485616274431
"CXCL16",0.085644302728899,0.240036713164602,0.486745456575689
"DERA",0.0856303061318217,0.240113833136218,0.486848979226144
"ZNF296",0.085597064213763,0.24029706249028,0.4870618557704
"EBF3",0.0855778188927817,0.240403187303864,0.487171215938255
"OR11H4",0.0855725701688777,0.240432136119456,0.487177017919817
"L1TD1",0.0855480761239923,0.24056726280723,0.487384184736776
"ITGA6",0.085544576974723,0.2405865709514,0.487384184736776
"ANKRD1",0.0855375786761843,0.240625190488619,0.487409550712088
"CDCA4",0.0855095854820297,0.240779711958223,0.487669656277169
"CKAP2L",0.0854903401610483,0.240885985678646,0.487685003488705
"CYTH2",0.0854885905864137,0.240895648550717,0.487685003488705
"OR51A2",0.085481592287875,0.240934302747036,0.487685003488705
"TET1",0.0854798427132403,0.240943966973136,0.487685003488705
"PUS10",0.0854623469668937,0.241040624129089,0.487827773757571
"CDRT4",0.085450099944451,0.241108300252597,0.487911866455467
"LRRC23",0.0854273554742003,0.241234019692322,0.488033051629314
"SNIP1",0.0854256058995656,0.241243692314492,0.488033051629314
"EFCAB11",0.0854221067502963,0.241263038371453,0.488033051629314
"ELP6",0.0854203571756617,0.241272711806246,0.488033051629314
"MCM2",0.085402861429315,0.241369461052807,0.488175877693549
"NAA11",0.0853906144068723,0.241437201643701,0.488177744556922
"FRMPD2",0.0853906144068723,0.241437201643701,0.488177744556922
"TTC21A",0.085387115257603,0.241456558536416,0.488177744556922
"CAPN11",0.085376617809795,0.24151463571659,0.488177744556922
"A4GALT",0.0853731186605257,0.241533996944044,0.488177744556922
"GPR179",0.0853696195112563,0.241553359255221,0.488177744556922
"TFDP2",0.0853696195112563,0.241553359255221,0.488177744556922
"FNBP1",0.085360871638083,0.241601769774558,0.488222749654798
"CCNB2",0.0853433758917363,0.241698611134317,0.488365602244348
"TKTL2",0.0853153826975816,0.241853613671256,0.488625929135046
"COX14",0.0852698937570803,0.242105640760625,0.488996003912182
"RGS18",0.0852681441824456,0.242115337769112,0.488996003912182
"SYNDIG1L",0.0852576467346376,0.242173525512097,0.489027343413315
"GCSAML",0.085255897160003,0.242183224417956,0.489027343413315
"SLC35C2",0.0852139073687709,0.242416079481288,0.489444616258653
"TRPV2",0.0851964116224243,0.242513148511036,0.489540637489432
"INTS13",0.085192912473155,0.242532565570441,0.489540637489432
"HMGN5",0.0851911628985203,0.242542274506838,0.489540637489432
"RAD54L",0.0851754167268083,0.242629667135591,0.489611200802192
"HLTF",0.0851631697043656,0.242697654364475,0.489695483244483
"RC3H2",0.0851579209804616,0.242726795815687,0.489701376110379
"ZNF518B",0.0851281782116723,0.242891976806085,0.489928778359482
"MEX3B",0.0850546960770163,0.243300407055671,0.490434797859871
"CD5L",0.0850302020321309,0.243436656807506,0.490656486351929
"CAMSAP1",0.0849812139423602,0.243709315845431,0.491057015608205
"DNAH1",0.0849742156438216,0.243748284502696,0.491057015608205
"KIAA0100",0.0849707164945522,0.243767770459532,0.491057015608205
"SMCO2",0.0849584694721096,0.243835979856785,0.491057015608205
"EXOC3L1",0.0849584694721096,0.243835979856785,0.491057015608205
"QTRT1",0.0849567198974749,0.24384572514192,0.491057015608205
"GOSR2",0.0849304762779549,0.243991936986484,0.491265146529094
"MMP27",0.0848902360613576,0.244216247092333,0.491591143640483
"TNFRSF11B",0.0848832377628189,0.244255272203664,0.491616711248586
"ATP13A1",0.0848779890389149,0.244284543887554,0.491622644573702
"UPF3B",0.0848727403150109,0.244313818014693,0.491628581536731
"HIBADH",0.0848674915911069,0.244343094585131,0.491634522136598
"ZNF286A",0.0848552445686642,0.244411416084823,0.491719013982566
"MDH1B",0.0848482462701256,0.244450462914671,0.491744597737441
"SPG21",0.0848429975462216,0.244479750887842,0.491750546858518
"MCC",0.0848185035013362,0.244616460406424,0.491972540873397
"ZNF567",0.0848132547774322,0.244645762227248,0.491978492016377
"ODF3L1",0.0848062564788936,0.244684835123269,0.491990405199023
"MSL3",0.0848027573296242,0.244704373200564,0.491990405199023
"INSL5",0.0847625171130269,0.244929139164553,0.492283319310933
"ABCC8",0.0847467709413149,0.245017130171981,0.492354198740254
"CCDC28A-AS1",0.0847240264710642,0.245144267134696,0.492556679183172
"UBXN2B",0.0846907845530055,0.245330165274101,0.492724141757741
"HHATL",0.0846855358291015,0.245359526576729,0.492724141757741
"TOMM70",0.0846785375305629,0.245398678783718,0.492749782277682
"RPL13A",0.0846610417842162,0.245496578319345,0.492807068118338
"INO80E",0.0846592922095815,0.245506369767242,0.492807068118338
"LHFPL3",0.0846505443364082,0.245555331082332,0.492838723342287
"PSMA7",0.0846470451871389,0.245574917510351,0.492838723342287
"VPREB1",0.0846243007168882,0.245702255785584,0.492988324994796
"HDAC1",0.0845998066720029,0.245839440671986,0.493183288074161
"CHRD",0.0845945579480989,0.245868844363246,0.493183288074161
"WASHC3",0.0845928083734642,0.245878646137209,0.493183288074161
"BCL2L10",0.0845403211344242,0.246172825739412,0.493633982048647
"SMG5",0.0845385715597895,0.246182635939232,0.493633982048647
"RNF25",0.0845105783656348,0.246339636106622,0.493789743901177
"UQCRB",0.0845105783656348,0.246339636106622,0.493789743901177
"KDM7A",0.0845035800670962,0.246378897022589,0.493815441166974
"ALDH3A2",0.0844843347461148,0.246486886970921,0.493890999972753
"TEX22",0.0844755868729415,0.246535984186429,0.493890999972753
"COLCA2",0.0844755868729415,0.246535984186429,0.493890999972753
"MRPL55",0.0844685885744028,0.246575266852964,0.493890999972753
"DUS4L",0.0844440945295175,0.24671279044649,0.494113466421302
"WRNIP1",0.0844388458056135,0.246742266721987,0.494119512470495
"GFER",0.0843986055890162,0.246968332812888,0.494510086351176
"ZNF224",0.0843846089919388,0.24704699822062,0.494510086351176
"NYNRIN",0.0843793602680348,0.247076502236317,0.494510086351176
"ZSWIM1",0.0843793602680348,0.247076502236317,0.494510086351176
"OR6X1",0.0843776106934002,0.247086337452206,0.494510086351176
"FAN1",0.0843758611187655,0.247096172940093,0.494510086351176
"VCX",0.0843531166485148,0.247224059035251,0.49471301045134
"IMPACT",0.0843391200514375,0.247302781020424,0.494817520713246
"DEFB110",0.0843338713275335,0.247332306253433,0.494823583458931
"ITGA3",0.0843163755811868,0.247430741379856,0.49495386760902
"TMF1",0.0843128764319175,0.247450431669813,0.49495386760902
"DPY19L1",0.0842866328123975,0.247598143533691,0.495196287067382
"PWP1",0.0842691370660508,0.247696652120642,0.495325155685111
"PCNP",0.0842638883421468,0.247726210002774,0.495325155685111
"MEF2A",0.0842603891928775,0.247745916618098,0.495325155685111
"MC2R",0.0842516413197041,0.247795187918505,0.495325155685111
"ZNF665",0.0842516413197041,0.247795187918505,0.495325155685111
"FKBPL",0.0842463925958001,0.247824753964257,0.495331239836951
"CDH10",0.0842376447226268,0.247874036149849,0.495376725429062
"CRYGS",0.0842323959987228,0.247903608726884,0.495382815812464
"DEDD",0.0841974045060295,0.248100821836473,0.495617814591718
"IL15RA",0.0841886566328561,0.248150142124695,0.495663321317733
"ATP4B",0.0841729104611441,0.248238935791674,0.495734641236667
"LOXL4",0.0841554147147975,0.248337621281362,0.495812088305669
"TCTN3",0.0841554147147975,0.248337621281362,0.495812088305669
"COL20A1",0.0841519155655281,0.248357361645938,0.495812088305669
"COL4A6",0.0841414181177201,0.248416589273197,0.495877321640256
"TK2",0.0841221727967388,0.248525198711102,0.49593510109291
"TYR",0.0841046770503921,0.248623963150786,0.496079181175649
"MTLN",0.0840924300279494,0.248693114458866,0.496130861104945
"BMX",0.0840906804533148,0.248702994306302,0.496130861104945
"TMEM272",0.0840434419381788,0.248969853118369,0.496451097249482
"HNRNPH3",0.0840206974679281,0.249098411500095,0.496654417975422
"S1PR1",0.0840136991693894,0.249137977185302,0.496680279879664
"CCSER1",0.0839787076766961,0.249335870981634,0.496968700795411
"MKNK2",0.0839717093781574,0.249375462815742,0.496994572996137
"PARD6B",0.0839489649079068,0.24950416637834,0.497144970797171
"SLC36A2",0.0839437161840028,0.249533873738692,0.497151122887115
"LPIN3",0.0839122238405788,0.249712169392964,0.497400221371906
"SLC5A4",0.0839122238405788,0.249712169392964,0.497400221371906
"TRMT1L",0.0838929785195974,0.249821171306321,0.49751121724428
"ICE1",0.0838807314971547,0.249890553326802,0.497543280802916
"SMIM35",0.0838614861761734,0.24999960919375,0.49755442507004
"SYNE4",0.0838597366015387,0.250009524998546,0.49755442507004
"GNG10",0.0838562374522694,0.250029357425697,0.49755442507004
"CEP57L1",0.0838457400044614,0.250088861247762,0.497566802243869
"KNOP1",0.0838457400044614,0.250088861247762,0.497566802243869
"CRTAP",0.0838229955342107,0.250217819853939,0.497770345504066
"DYNLT1",0.0838177468103067,0.250247586073489,0.497776538237137
"NUDT22",0.0837950023400561,0.250376601371801,0.497980128564405
"TMEM167A",0.0837792561683441,0.250465946640761,0.49805174823923
"NOM1",0.0837792561683441,0.250465946640761,0.49805174823923
"LIN9",0.0837285185039387,0.250753987159978,0.498465296881294
"NLRP3",0.0837110227575921,0.250853364641232,0.498609774163437
"ARF4",0.0836917774366107,0.250962711363505,0.498713622914257
"SPRYD7",0.0836882782873414,0.25098259613056,0.498713622914257
"HTRA2",0.0836865287127067,0.250992538923118,0.498713622914257
"CRISP2",0.0836830295634374,0.251012425326302,0.498713622914257
"RIMKLB",0.0836602850931867,0.25114171353511,0.498863260951178
"CD244",0.0836550363692827,0.251171555820614,0.498863260951178
"PIK3CD",0.083653286794648,0.251181503794552,0.498863260951178
"MRPL52",0.083648038070744,0.2512113493527,0.498863260951178
"TREML2",0.0836462884961094,0.251221298417532,0.498863260951178
"TECR",0.0836235440258587,0.251350661079216,0.499014026396878
"RSPH9",0.083532566144856,0.251868572710264,0.499868190243402
"BTK",0.0835255678463174,0.251908442621269,0.499868190243402
"CARMIL3",0.083522068697048,0.251928379213829,0.499868190243402
"HOOK3",0.0835150703985094,0.25196825567313,0.499868190243402
"CHD6",0.083501073801432,0.252048021688833,0.499973324807291
"MAGEB2",0.0834660823087387,0.252247513132824,0.500295045404631
"PRKCD",0.0834608335848347,0.252277446264171,0.500295045404631
"ZNF587B",0.083453835286296,0.252317360926656,0.500295045404631
"ZNF546",0.083453835286296,0.252317360926656,0.500295045404631
"C6orf163",0.0834363395399493,0.252417166686963,0.500439809452837
"IGFL1",0.083427591666776,0.252467079801849,0.500485636596893
"GEMIN8",0.083411845495064,0.252556940603829,0.500610637095852
"TRMO",0.0833838523009093,0.252716747731886,0.500821093022146
"IFT81",0.08335410953212,0.252886619376099,0.50100450926956
"HPS3",0.083348860808216,0.252916604915047,0.50100450926956
"C11orf49",0.0833366137857733,0.252986580728073,0.501089975785076
"CWC27",0.0833296154872347,0.253026572913417,0.501116041965108
"GTF2H4",0.0833033718677147,0.253176582516042,0.501306812454369
"ARID3C",0.083280627397464,0.253306640533998,0.501460635122113
"RFX6",0.083264881225752,0.253396707734539,0.501460635122113
"RTN2",0.083264881225752,0.253396707734539,0.501460635122113
"RAB11A",0.0832508846286746,0.253476786038456,0.501460635122113
"TRAPPC2L",0.0832421367555013,0.253526843854209,0.501460635122113
"HSFX1",0.0832421367555013,0.253526843854209,0.501460635122113
"ABCA4",0.083228140158424,0.253606950561295,0.501460635122113
"EPHA7",0.0832246410091546,0.253626979969279,0.501460635122113
"ACTR8",0.0832211418598853,0.253647010469774,0.501460635122113
"MTX3",0.0832193922852506,0.253657026129717,0.501460635122113
"ALDH1A3",0.0831948982403653,0.25379727404859,0.501631695431418
"KPNB1",0.08314416057596,0.254087957912255,0.502099957884804
"C14orf93",0.08314416057596,0.254087957912255,0.502099957884804
"TMEM71",0.0831266648296133,0.254188246999767,0.502105449913426
"MLH1",0.0831249152549786,0.254198277411193,0.502105449913426
"EEF1AKNMT",0.0831249152549786,0.254198277411193,0.502105449913426
"IQCD",0.083107419508632,0.254298596552821,0.502197376464047
"ERICH6",0.0830986716354586,0.254348766369891,0.502243345392693
"NXT2",0.08309167333692,0.254388907141933,0.502269503095754
"IQCA1L",0.0830654297173999,0.254539473976143,0.502413795943534
"ASF1B",0.0830601809934959,0.254569594721229,0.502413795943534
"SPATA33",0.0830601809934959,0.254569594721229,0.502413795943534
"PARL",0.0830461843964186,0.254649928732539,0.502519238060957
"MS4A1",0.0830339373739759,0.254720235340253,0.502604872183262
"BMPR1B",0.0830269390754373,0.254760416557303,0.502631052147073
"PRSS55",0.0830216903515333,0.254790555339839,0.502637415393137
"C6orf89",0.0830076937544559,0.254870937452563,0.50273447395087
"PAPPA2",0.0829954467320133,0.254941286150859,0.50273447395087
"LRRIQ3",0.0829901980081093,0.254971439693032,0.50273447395087
"APPL1",0.0829866988588399,0.254991543421195,0.50273447395087
"ZNF526",0.0829762014110319,0.255051861166052,0.50273447395087
"DDX5",0.0829447090676079,0.255232873446905,0.502978700484795
"FBXW2",0.0829377107690693,0.255273110426804,0.503004917739079
"ADGRL2",0.0828869731046639,0.255564959354942,0.50349998109673
"ZNF445",0.0828817243807599,0.255595163747678,0.50349998109673
"LSM3",0.0828799748061252,0.255605232425471,0.50349998109673
"REEP3",0.0828659782090479,0.255685791691894,0.503572280314956
"FAAP100",0.0828642286344133,0.255695862830731,0.503572280314956
"ACP3",0.0828502320373359,0.255776441786015,0.503677860269466
"FOXL2",0.0828449833134319,0.255806663406455,0.503684264183336
"LGALS2",0.0828274875670852,0.25590741991733,0.503763003940448
"RPP38",0.0827977447982959,0.256078768752641,0.503921122432969
"TSC1",0.0827697516041412,0.256240110452971,0.504165645050537
"KCNG4",0.0827365096860826,0.256431794675228,0.504436506989104
"POM121L2",0.0827067669172932,0.256603385323395,0.504528200626705
"EDRF1",0.0826980190441199,0.256653868208615,0.504553974298732
"CHI3L2",0.0826875215963119,0.256714456699868,0.504553974298732
"ZNF586",0.0826840224470426,0.256734655052519,0.504553974298732
"VWA3A",0.0826542796782532,0.256906385240542,0.504785234166478
"PSMA3",0.0826367839319066,0.257007439939632,0.504877558463508
"CCDC144A",0.0826210377601945,0.25709841256663,0.505003150304415
"RPS27L",0.0826035420138479,0.257199519262278,0.505148619386087
"ZNF883",0.0825895454167705,0.257280424324282,0.50524098428457
"FRS3",0.0825860462675012,0.257300653326759,0.50524098428457
"ANGPTL6",0.0825755488196932,0.257361346903123,0.505293639588075
"POMT1",0.0825720496704239,0.257381580284931,0.505293639588075
"ZNF556",0.0825475556255385,0.257523244614441,0.505485353124153
"TRAPPC1",0.0825458060509039,0.2575333655481,0.505485353124153
"FNIP1",0.0825265607299225,0.257644713885435,0.5055976333429
"CHUK",0.0825125641328452,0.257725715299703,0.505650326603346
"ADAMTS2",0.0824898196625945,0.257857379967507,0.505855507171551
"RPP21",0.0824740734908825,0.257948559534574,0.5059208281337
"NUDT2",0.0824635760430745,0.25800935823359,0.5059208281337
"COL7A1",0.0824635760430745,0.25800935823359,0.5059208281337
"ICAM5",0.0824548281699012,0.258060031345862,0.5059208281337
"BOP1",0.0824530785952665,0.258070166789764,0.5059208281337
"KRTAP21-2",0.0824513290206318,0.258080302507483,0.5059208281337
"DHRS11",0.0824408315728238,0.258141122564087,0.505953713450384
"OR10A5",0.0824390819981892,0.258151260198582,0.505953713450384
"ADGRA1",0.0824303341250159,0.258201952478553,0.505999964794277
"NLRP4",0.0824145879533039,0.258293215834458,0.506031908960125
"SOX13",0.0824040905054958,0.258354070395005,0.506031908960125
"PRR23C",0.0824040905054958,0.258354070395005,0.506031908960125
"HMGCL",0.0823813460352452,0.258485955765135,0.506031908960125
"C9orf24",0.0823778468859758,0.258506249930204,0.506031908960125
"SLC4A7",0.0823743477367065,0.258526545190808,0.506031908960125
"BRAT1",0.0823655998635332,0.258577288135358,0.506031908960125
"PPP4R4",0.0823638502888985,0.258587437545944,0.506031908960125
"IGSF1",0.0823621007142638,0.258597587230426,0.506031908960125
"EFCAB3",0.0823498536918212,0.258668642690998,0.506117922566483
"DDX56",0.0823341075201092,0.258760019433143,0.506150791046938
"COG1",0.0823288587962052,0.258790483277714,0.506150791046938
"PDCD10",0.0823253596469358,0.258810793877052,0.506150791046938
"DCAKD",0.0823236100723012,0.258820949587613,0.506150791046938
"GTF2E2",0.0823166117737625,0.258861575169169,0.506163962545646
"BICRA",0.0823131126244932,0.258881889603556,0.506163962545646
"VPS13D",0.0822868690049732,0.259034282789465,0.50637576365742
"NXF3",0.0822851194303385,0.259044444526826,0.50637576365742
"CHST4",0.0822623749600878,0.259176572043629,0.506581021401026
"PCBP4",0.0822431296391065,0.25928840841561,0.506693556091862
"PRSS16",0.0822011398478745,0.259532530127206,0.507011457390764
"MGAT4A",0.0821836441015278,0.259634294091528,0.507104170304682
"G6PC2",0.0821556509073731,0.259797173437022,0.507369236757276
"HOXD10",0.0820979149444291,0.260133333680476,0.507919512787931
"KRTAP10-4",0.0820646730263705,0.260327015898952,0.50805201458243
"BAZ1B",0.0820629234517358,0.260337212441307,0.50805201458243
"CDHR1",0.0820366798322158,0.260490193475255,0.508231016003375
"RIPOR3",0.0820244328097731,0.260561605735231,0.508231016003375
"TGOLN2",0.0820209336605038,0.260582011705681,0.508231016003375
"CCR10",0.0820051874887918,0.260673852144935,0.508337147609773
"DPY19L4",0.0819666968468291,0.260898444499403,0.508708715874814
"COPB2",0.0819579489736558,0.26094950672614,0.508715343175092
"IAH1",0.0819317053541358,0.261102734542274,0.50894764298437
"ZNF790",0.0819282062048664,0.261123169580008,0.50894764298437
"TMEM121B",0.0819194583316931,0.2611742619739,0.50899410587755
"ARHGEF33",0.0819037121599811,0.261266245561791,0.509120242290485
"MID1",0.0818722198165571,0.261450279388387,0.509319434427612
"CHKB",0.0818582232194798,0.261532100727381,0.509412408827513
"HPS1",0.0818547240702104,0.261552558805259,0.509412408827513
"LYG1",0.0818459761970371,0.261603708800555,0.509458901518161
"CPA4",0.0818302300253251,0.261695796074725,0.509585099310975
"FAM219A",0.0817882402340931,0.261941470779969,0.509957146699334
"DCUN1D5",0.0817567478906691,0.262125830520513,0.510262873754544
"TSG101",0.0817287546965144,0.262289780481271,0.510422417450059
"CLEC11A",0.0817147580994371,0.262371781805585,0.51052879735373
"MINDY3",0.0816937632038211,0.262494816723982,0.510714990846659
"FLOT2",0.0816780170321091,0.26258711884794,0.510841357458763
"CHST9",0.0816675195843011,0.262648665947885,0.510907872642714
"TRIML1",0.0816447751140504,0.262782051895003,0.511114101352955
"C8orf88",0.0816132827706264,0.262966816711795,0.511420209196031
"KRTAP19-2",0.081599286173549,0.263048962956827,0.51152670056036
"RHNO1",0.0815922878750104,0.263090042667829,0.511540003119725
"REV3L",0.0815747921286637,0.26319276116246,0.511573385142683
"TXNL4B",0.0815642946808557,0.263254405437135,0.511573385142683
"CHTOP",0.0815590459569517,0.263285231280872,0.511573385142683
"ZNF2",0.0815537972330477,0.263316059595592,0.511573385142683
"ALKBH1",0.0815537972330477,0.263316059595592,0.511573385142683
"TMEM106A",0.0815502980837784,0.263336613178192,0.511573385142683
"C17orf80",0.0815485485091437,0.263346890381332,0.511573385142683
"LBX1",0.081531052762797,0.263449677513858,0.511706548386134
"C5orf34",0.0815275536135277,0.263470238235225,0.511706548386134
"TMEM263",0.0815083082925464,0.263583341835379,0.511872984518825
"TBXAS1",0.081468068075949,0.263819938549207,0.512225924976088
"PAGE2B",0.081431327008621,0.264036088511778,0.512379259044676
"CENPF",0.0814120816876397,0.264149358258828,0.512545809334221
"ZBTB25",0.0813963355159277,0.26424205822641,0.512652560581564
"SPRR1B",0.081389337217389,0.264283265353612,0.512652560581564
"DNAJC2",0.081384088493485,0.264314173583202,0.512652560581564
"PPEF2",0.081384088493485,0.264314173583202,0.512652560581564
"ENPEP",0.0813718414710423,0.264386302399754,0.512739209098422
"DEFB126",0.0813455978515223,0.264540909475323,0.512985777734517
"TMEM156",0.081331601254445,0.264623391856097,0.513092448744234
"ZNF683",0.0813176046573677,0.264705891819528,0.513145862115582
"LELP1",0.0812808635900397,0.264922537883518,0.513459248392754
"IGFBP6",0.0812563695451543,0.265067035910127,0.51363270000597
"THADA",0.0812563695451543,0.265067035910127,0.51363270000597
"YKT6",0.0812458720973463,0.265128980122766,0.513699432801409
"PRPF3",0.081226626776365,0.265242570206041,0.513812907495906
"ESRRA",0.081226626776365,0.265242570206041,0.513812907495906
"PSME4",0.081205631880749,0.265366524584142,0.513906590946999
"KIF25",0.0811968840075756,0.26541818392158,0.513906590946999
"MEIKIN",0.0811811378358637,0.265511188043413,0.513980096128714
"DNAJC5",0.0811723899626903,0.265562866619412,0.514006850138266
"CSNK1E",0.0811653916641516,0.265604214427485,0.514033607113753
"ZNF345",0.081158393365613,0.265645566633227,0.514060367054413
"TAF13",0.081142647193901,0.265738625175549,0.514187169890028
"UBA7",0.0810761633577836,0.266131784492065,0.514681288927597
"NDFIP2",0.0810446710143596,0.266318156408053,0.514988391911036
"CDC23",0.0810359231411863,0.266369942193651,0.515035204514818
"FBXO6",0.0810201769694743,0.266463173929686,0.51510881237044
"TMX1",0.0810201769694743,0.266463173929686,0.51510881237044
"OR1Q1",0.0810114290963009,0.266514978962189,0.515155635178828
"MAGEC1",0.0810044307977623,0.266556427937606,0.515169177308306
"TGFBRAP1",0.081000931648493,0.266577154075148,0.515169177308306
"C12orf43",0.0809676897304343,0.266774107240878,0.515443122990962
"NCOR1",0.0809571922826263,0.266836323601999,0.515510000992132
"KIAA0586",0.0809414461109143,0.266929666706774,0.515517103354525
"FGD6",0.0809379469616449,0.266950412644121,0.515517103354525
"YLPM1",0.0809379469616449,0.266950412644121,0.515517103354525
"STATH",0.0809187016406636,0.267064534963839,0.515684166148124
"MMAB",0.0808994563196823,0.267178690562839,0.515744622734014
"GALNT14",0.0808837101479703,0.267272115352745,0.51581833484839
"ACTC1",0.0808557169538156,0.267438258880849,0.516085650223056
"TEX52",0.0808382212074689,0.267542134346085,0.516179431926392
"RNF26",0.0808329724835649,0.267573302349918,0.516186240541996
"GCAT",0.0808067288640449,0.267729179507859,0.516380270214683
"LACTB2",0.0807839843937943,0.267864323115662,0.516401163252611
"HMCN2",0.0807839843937943,0.267864323115662,0.516401163252611
"TCAIM",0.0807822348191596,0.26787472070369,0.516401163252611
"MAF",0.0807787356698903,0.267895516705146,0.516401163252611
"KLHDC10",0.0807664886474476,0.267968311377083,0.516414836784481
"LRRC36",0.0807577407742743,0.268020315825631,0.516461764172459
"MCM6",0.0807140014084076,0.268280441252935,0.516856356595813
"ZFP92",0.0806807594903489,0.268478251602512,0.516984520706719
"PIK3CA",0.0806737611918102,0.268519908545775,0.516984520706719
"RAD51AP1",0.0806720116171756,0.268530323469611,0.516984520706719
"EMC4",0.0806702620425409,0.268540738668659,0.516984520706719
"CNTRL",0.0806405192737516,0.268717839160938,0.517185590575859
"STARD4",0.0806387696991169,0.268728259313993,0.517185590575859
"MMP15",0.0806387696991169,0.268728259313993,0.517185590575859
"P4HA3",0.0806142756542316,0.268874170356906,0.517306480435311
"SELENOK",0.0806142756542316,0.268874170356906,0.517306480435311
"OR5AR1",0.0805740354376342,0.269113998476938,0.51756213501747
"CAPRIN2",0.0805722858629996,0.269124429089747,0.51756213501747
"GFY",0.0805670371390955,0.269155722579864,0.51756213501747
"GPR137B",0.0805635379898262,0.269176586283027,0.51756213501747
"NCAM2",0.0805547901166529,0.269228750358467,0.51756213501747
"H4C7",0.0805547901166529,0.269228750358467,0.51756213501747
"ADAM7",0.0805320456464022,0.269364409164203,0.517716343063769
"ANKAR",0.0805215481985942,0.269427036613098,0.517750210119863
"ALKBH5",0.0805197986239595,0.269437475484844,0.517750210119863
"FOXN1",0.0805058020268822,0.269520996370307,0.517857420597927
"DNAJC7",0.0804953045790742,0.269583648598067,0.517858098668739
"ADAD1",0.0804918054298049,0.269604534876641,0.517858098668739
"PPTC7",0.0804813079819969,0.269667200320458,0.517871941715668
"CWC22",0.0804708105341889,0.269729875676618,0.517912788954844
"ZNF337",0.0804638122356502,0.269771664754376,0.517912788954844
"HERC2",0.0804305703175915,0.269970223040052,0.518121078728325
"PSPN",0.0804270711683222,0.269991129695013,0.518121078728325
"SPTY2D1",0.0804148241458795,0.270064311661899,0.518208269248704
"FGF17",0.0803798326531862,0.270273477352022,0.518469888655918
"ZBTB33",0.0803780830785515,0.270283938528272,0.518469888655918
"ZNF248",0.0803553386083009,0.270419958882526,0.518624271112144
"GMEB2",0.0803553386083009,0.270419958882526,0.518624271112144
"PIGG",0.0803255958395115,0.27059790188805,0.518912251325724
"ITGA5",0.0803063505185302,0.270713083898502,0.519066701364265
"SUGT1",0.0803028513692608,0.270734029663167,0.519066701364265
"TBC1D31",0.0802853556229142,0.270838775014473,0.51920109501622
"CCDC167",0.0802818564736448,0.270859727390396,0.51920109501622
"OSCAR",0.0802573624287595,0.271006424875824,0.519375678910301
"OR2AT4",0.0802328683838742,0.271153176357969,0.519471621251986
"WWC3",0.0802293692346048,0.271174145263499,0.519471621251986
"TNS4",0.0802241205107008,0.271205600688136,0.519471621251986
"PBX1",0.0802188717867968,0.271237058592413,0.519471621251986
"KDM4D",0.0802136230628928,0.271268518976359,0.519471621251986
"ZNF384",0.0802118734882582,0.271279006322051,0.519471621251986
"ANKRD18B",0.0801908785926422,0.271404875961513,0.519599995668243
"MRPL34",0.0801838802941035,0.271446841325096,0.519599995668243
"TMEM139",0.0801681341223915,0.271541279512466,0.519707413012382
"GIT2",0.0801348922043328,0.271740722317027,0.519923204720203
"IFT80",0.0801261443311595,0.271793223799708,0.519923204720203
"DMP1",0.0801191460326208,0.271835229946277,0.519950302588761
"PDE6B",0.0801086485848128,0.271898247433676,0.519984419364932
"NPRL2",0.0800754066667541,0.272097868264442,0.520173216923117
"PLSCR2",0.0800736570921195,0.272108377380012,0.520173216923117
"CENPJ",0.0800649092189461,0.272160927092088,0.52020033511123
"CHIT1",0.0800509126218688,0.272245020963664,0.520254580120473
"TEX53",0.0800456638979648,0.272276560713339,0.520261617340118
"ANKRD7",0.0800141715545408,0.272465851306809,0.520556990689331
"PHC3",0.0800106724052715,0.272486889107887,0.520556990689331
"SLC36A3",0.0800019245320981,0.272539488434546,0.520604222768087
"PJVK",0.0799896775096555,0.272613139069602,0.520638407328344
"SLC30A9",0.0799721817633088,0.272718377694357,0.52073396788233
"SLC35C1",0.0799686826140394,0.272739428727415,0.52073396788233
"ZNF267",0.0799599347408661,0.272792061134491,0.52073396788233
"KIRREL1",0.0799581851662314,0.27280258844296,0.52073396788233
"ZDHHC9",0.0799371902706155,0.272928937648525,0.520908869259065
"ANKHD1",0.0799039483525568,0.273129071751942,0.521197358132141
"KRR1",0.0798986996286528,0.273160680972154,0.521204421519815
"PRG4",0.0798864526062101,0.273234445469739,0.521258766891785
"FAM217A",0.0798847030315754,0.27324498435803,0.521258766891785
"MIOS",0.0798759551584021,0.273297682935513,0.521306049076054
"CACNA1C",0.0798514611135168,0.273445275626217,0.52153431041618
"LIG1",0.0798304662179008,0.273571826664412,0.521630034346205
"LCE2D",0.0798287166432661,0.273582374376725,0.521630034346205
"MUC15",0.0798217183447274,0.273624567983676,0.521630034346205
"MEPE",0.0798199687700928,0.273635117074843,0.521630034346205
"PROKR1",0.0797919755759381,0.273803940039544,0.521898589934529
"TAAR1",0.0797587336578794,0.274004509011154,0.522161270885414
"RASSF5",0.0797552345086101,0.274025627326405,0.522161270885414
"FBRSL1",0.0797359891876288,0.27414179778123,0.522229886024492
"VSTM4",0.0797342396129941,0.274152360386603,0.522229886024492
"AKR1E2",0.0797062464188394,0.27432139958578,0.522458337616155
"EPGN",0.0796905002471274,0.274416515167506,0.522553042254057
"ATF4",0.0796887506724927,0.274427084944731,0.522553042254057
"DEXI",0.0796712549261461,0.274532797889167,0.522654869261799
"HNRNPA0",0.0796677557768767,0.274553943788406,0.522654869261799
"AKAP5",0.0796660062022421,0.274564517151826,0.522654869261799
"PTPN20",0.0796607574783381,0.274596238897304,0.522661981007547
"YTHDF3",0.0796432617319914,0.274701995980729,0.522809994592488
"TRANK1",0.0795837761944127,0.275061776430766,0.523441383393212
"ALOX5",0.0795785274705087,0.275093537077453,0.523448486852626
"CUBN",0.0795662804480661,0.275167654910357,0.523497077334884
"FAM156A",0.0795592821495274,0.275210014028139,0.523497077334884
"CHRNA5",0.0795575325748927,0.275220604497414,0.523497077334884
"ECI1",0.079555783000258,0.275231195242623,0.523497077334884
"SF3A1",0.0795487847017194,0.275273560982821,0.523524340622725
"MDGA1",0.0795365376792767,0.275347711651864,0.523539842567989
"NAF1",0.0795277898061034,0.275400684693839,0.523539842567989
"TYSND1",0.0795260402314687,0.275411280130085,0.523539842567989
"LRRC8B",0.0794945478880447,0.275602045171428,0.523829004235862
"MEPCE",0.0794788017163327,0.27569746122224,0.523957035289159
"MCM7",0.0794525580968127,0.27585653765048,0.524046047925986
"ECSIT",0.0794158170294847,0.276079348977303,0.524330791833052
"SEPTIN8",0.0794105683055807,0.276111189103261,0.524330791833052
"PPIAL4F",0.0794053195816767,0.276143031713404,0.524330791833052
"SH3BGR",0.079403570007042,0.276153646468831,0.524330791833052
"NR3C2",0.0794000708577727,0.27617487680776,0.524330791833052
"ADAMDEC1",0.07938782383533,0.276249191688909,0.524418571252497
"GPN2",0.079382575111426,0.276281045064174,0.524425734080548
"PPM1G",0.0793423348948287,0.276525336811596,0.524782764992721
"HERC3",0.0793108425514047,0.276716623522985,0.525092426429106
"USP1",0.0792863485065193,0.27686546391752,0.525122452230323
"MMGT1",0.07928284935725,0.276886731248437,0.525122452230323
"PREP",0.0792810997826153,0.276897365328037,0.525122452230323
"PRND",0.0792793502079807,0.276907999683732,0.525122452230323
"SLC10A4",0.0792793502079807,0.276907999683732,0.525122452230323
"UBTD2",0.0792548561630953,0.277056909654028,0.52530535111023
"RGL2",0.0792478578645567,0.277099465299675,0.52530535111023
"ZP3",0.079246108289922,0.27711010490137,0.52530535111023
"EGLN1",0.0792373604167487,0.277163307051592,0.52531973397985
"ZNRF3",0.079235610842114,0.277173948309993,0.52531973397985
"OR2L13",0.079219864670402,0.277269732061173,0.525447946826429
"PSMD14",0.0791866227523433,0.27747201565402,0.52569144350296
"FAM13B",0.0791848731777087,0.277482664920335,0.52569144350296
"HSPBAP1",0.0791498816850153,0.277695708239397,0.525868705287388
"YRDC",0.0791481321103807,0.277706363305064,0.525868705287388
"MARK1",0.079146382535746,0.2777170186469,0.525868705287388
"SMARCD3",0.0791166397669567,0.277898201713126,0.52610510037449
"ZC3H3",0.079093895296706,0.278036807326029,0.526314150985294
"ERAP1",0.079088646572802,0.278068799865432,0.526321364780258
"VCP",0.0790694012518206,0.2781861271111,0.526436732184305
"NEK10",0.0790694012518206,0.2781861271111,0.526436732184305
"SEL1L3",0.0790589038040126,0.278250137877385,0.526451177692032
"NDUFV1",0.079015164438146,0.278516956441077,0.526902621403318
"GIN1",0.079004666990338,0.278581018586463,0.526970434834476
"AGPAT1",0.078983672094722,0.278709172712375,0.527072903366773
"SLA2",0.0789819225200873,0.27871985401854,0.527072903366773
"MAD1L1",0.0789819225200873,0.27871985401854,0.527072903366773
"DUXB",0.07894168230349,0.278965600310505,0.527344246893214
"RGMB",0.0789399327288553,0.278976288247213,0.527344246893214
"PLEKHM1",0.078920687407874,0.279093873785991,0.527426576611651
"SDR16C5",0.0789189378332393,0.279104565038175,0.527426576611651
"PCLAF",0.0788751984673726,0.279371936141325,0.527825015617135
"C12orf56",0.0788489548478526,0.279532441698007,0.528021430277333
"MMADHC",0.0788279599522366,0.279660890909152,0.528210639018945
"DNAH6",0.0788227112283326,0.279693009429618,0.528217882911068
"SPINK1",0.0788174625044286,0.279725130437207,0.528225130034912
"MGAM2",0.0787789718624659,0.279960760490611,0.528563198839735
"FREM2",0.0787719735639273,0.280003616689449,0.52859067474903
"ZNF200",0.0787562273922153,0.280100059304774,0.52866586231187
"LILRB3",0.0787194863248872,0.280325179135251,0.528978120406529
"FAM9C",0.0787159871756179,0.280346625476192,0.528978120406529
"C1orf50",0.0787107384517139,0.280378797060625,0.528978120406529
"CT62",0.0787002410039059,0.280443147692459,0.529046083465088
"HTR3B",0.0786844948321939,0.280539692297995,0.529174759454334
"CELA1",0.0786757469590206,0.280593337864577,0.529189293180501
"PDCD2",0.0786739973843859,0.280604067807159,0.529189293180501
"SAA4",0.0786600007873086,0.280689917299168,0.529297747928035
"FAM221A",0.0786547520634046,0.280722115419764,0.529305020452248
"MFAP1",0.0786267588692499,0.280893880748178,0.529521965968808
"CFAP91",0.0786057639736339,0.28102275118761,0.529657977715189
"SLC30A1",0.0785952665258259,0.281087201336016,0.529725991135361
"CD1B",0.0785830195033832,0.281162405754961,0.529814255865166
"BCL7A",0.0785655237570366,0.281269864139236,0.529963275087204
"NOC4L",0.0785217843911699,0.281538631061529,0.53024273191603
"KRT7",0.0785182852419006,0.281560139880664,0.53024273191603
"CD55",0.0785130365179965,0.281592405183139,0.530250026134333
"LEO1",0.0784570501296872,0.281936723257348,0.530737853397262
"RIPPLY2",0.0784518014057832,0.281969017594362,0.530745149424744
"RNF123",0.0784430535326099,0.282022847020113,0.530746795358857
"ZNF396",0.0784378048087059,0.282055147994038,0.530746795358857
"OTOL1",0.0784238082116285,0.282141296092447,0.53080193873502
"ARPIN",0.0784045628906472,0.282259778627276,0.530884674565421
"B3GAT2",0.0784028133160125,0.282270551426142,0.530884674565421
"ATMIN",0.0783660722486845,0.282496844088959,0.531149809745837
"NXPH2",0.0783275816067219,0.282734043414203,0.531488776527796
"LSM1",0.0783153345842792,0.282809544000863,0.531565979729193
"MPP3",0.0783083362857405,0.282852693278466,0.531565979729193
"OR5AC2",0.0783048371364712,0.282874269576897,0.531565979729193
"LSM8",0.0782978388379325,0.282917425493049,0.531565979729193
"DNAJB2",0.0782978388379325,0.282917425493049,0.531565979729193
"GGTA1",0.0782575986213352,0.283165657900083,0.531801685432417
"LGALS4",0.0782471011735272,0.283230438246536,0.531801685432417
"PSG9",0.0782401028749885,0.283273630676849,0.531801685432417
"KRT14",0.0782366037257192,0.283295228551828,0.531801685432417
"SPINK2",0.0782348541510845,0.283306027904277,0.531801685432417
"PCIF1",0.0782331045764498,0.283316827533366,0.531801685432417
"KAT14",0.0782313550018152,0.283327627439095,0.531801685432417
"OR2L5",0.0782208575540072,0.283392432682982,0.531869869639973
"TTC7A",0.0781858660613138,0.283608522091768,0.532168467656571
"RSBN1L",0.0781736190388712,0.283684179529177,0.532223768116331
"CCDC177",0.0781718694642365,0.283694988841191,0.532223768116331
"SRPK1",0.0781631215910632,0.283749039551318,0.532271701753759
"BCAS4",0.0781526241432552,0.283813909533714,0.532286460579599
"KLHDC8A",0.0781456258447165,0.283857161722206,0.532314123137254
"PAGE2",0.0781298796730045,0.28395449533228,0.532430294928086
"IGF1",0.0780651454115218,0.28435488008695,0.532946707034892
"C2orf42",0.0780179068963858,0.284647291828436,0.533341578068002
"GTSE1",0.0780144077471165,0.284668959982707,0.533341578068002
"DPH2",0.0780109085978471,0.284690629243945,0.533341578068002
"C5",0.0780039102993085,0.284733971087345,0.533343479642082
"MROH2B",0.0780004111500391,0.28475564366952,0.533343479642082
"FDX1",0.0779374264631911,0.28514593945033,0.533873239616477
"RASA3",0.0779094332690365,0.285319519378456,0.534121216934883
"PLEKHA8",0.0778954366719591,0.285406335914001,0.534187205895198
"FZR1",0.0777904621938791,0.286058024618232,0.534937385378001
"CERCAM",0.0777817143207058,0.286112376994493,0.534985457824305
"ARG2",0.0777677177236284,0.286199355192421,0.535094519729067
"PDCD11",0.0777449732533778,0.286340732554195,0.535305257375589
"ZBTB9",0.0777344758055698,0.286405999425124,0.535340434084727
"MSI1",0.0777327262309351,0.286416878205964,0.535340434084727
"TEX33",0.0777239783577618,0.286471276263147,0.535388527518317
"DSG2",0.0777169800592231,0.286514799692516,0.53541628967955
"DCAF12",0.0777012338875111,0.286612743605625,0.535532827677439
"GABRE",0.0776907364397031,0.286678052007163,0.535560598108009
"ASTE1",0.0776819885665298,0.286732483289361,0.535608707532717
"DRC3",0.0776382492006631,0.287004743534331,0.536010059024717
"ATG101",0.0776207534543164,0.28711369608987,0.536159922825159
"SLC23A3",0.0776015081333351,0.287233575884226,0.536276543358373
"NRDE2",0.0776015081333351,0.287233575884226,0.536276543358373
"CCAR1",0.0775822628123537,0.287353489185784,0.536446797684296
"JUN",0.0775770140884497,0.287386198628906,0.536454237440625
"ACTN2",0.0775507704689297,0.28754978323032,0.536680120212429
"OR6C6",0.0775472713196604,0.287571599218431,0.536680120212429
"CLIP2",0.0775437721703911,0.287593416314307,0.536680120212429
"MRPL12",0.0775192781255057,0.287746167003311,0.53691152112637
"ZFAND6",0.0775087806776977,0.287811648201343,0.536967138694683
"MYO9A",0.0775052815284284,0.287833477482998,0.536967138694683
"OR5B3",0.0774982832298897,0.287877139369811,0.536994951545205
"GMPR",0.077438797692311,0.288248444328884,0.5375801823733
"MTHFS",0.0774090549235217,0.288434216879444,0.537872934042985
"ZNF605",0.077396807901079,0.288510734726561,0.537961909120733
"SIRT7",0.0773635659830204,0.288718494445754,0.538241824941995
"SPC24",0.0773460702366737,0.288827881833075,0.538273611703095
"THAP9",0.0773425710874044,0.288849762634764,0.538273611703095
"TANK",0.077333823214231,0.288904469486877,0.538273611703095
"FAM210B",0.0773320736395964,0.288915411688373,0.538273611703095
"SIPA1L3",0.0773320736395964,0.288915411688373,0.538273611703095
"SCUBE3",0.077328574490327,0.288937296922442,0.538273611703095
"MAFG",0.0773040804454417,0.289090524588269,0.538397949462556
"KCNAB1",0.0773040804454417,0.289090524588269,0.538397949462556
"FUT7",0.0772953325722684,0.289145261913776,0.538399993835532
"NIP7",0.0772935829976337,0.289156210209994,0.538399993835532
"SSTR2",0.0772900838483644,0.289178107633552,0.538399993835532
"SMCO3",0.077281335975191,0.289232856040693,0.53844824754944
"RSPH14",0.077265589803479,0.289331420627445,0.538578053586979
"PLA2G2F",0.0772585915049404,0.289375234313746,0.538580133841865
"TIMM29",0.077181610221015,0.289857477441011,0.53907371526472
"MIS18A",0.077171112773207,0.289923279428583,0.539088726265254
"NXPE3",0.077171112773207,0.289923279428583,0.539088726265254
"RORA",0.0771483683029563,0.290065884621993,0.539266908843312
"OR8H2",0.0771466187283217,0.290076856191899,0.539266908843312
"SPATA17",0.0771168759595323,0.2902634152764,0.539560022265556
"NUCB2",0.0770853836161083,0.290461035713161,0.539873636841062
"KIF5C",0.0770626391458577,0.290603817423099,0.54007235986362
"RCBTB1",0.0770591399965883,0.290625787996862,0.54007235986362
"ATPSCKMT",0.0770538912726843,0.290658745935957,0.540079866590383
"BARHL1",0.0770363955263376,0.290768623746401,0.540196961439681
"PHF5A",0.077029397227799,0.29081258263032,0.540204475154551
"ZNF169",0.0769961553097403,0.291021447884121,0.540484940402132
"TTC9C",0.076961163817047,0.291241414134223,0.540806334182253
"MPC1L",0.0769594142424123,0.291252415356881,0.540806334182253
"SRF",0.0769226731750843,0.291483505058014,0.541027792322178
"COLEC11",0.0769209236004496,0.291494512378372,0.541027792322178
"ABCD4",0.0769174244511803,0.291516527850615,0.541027792322178
"NOXO1",0.076903427854103,0.291604600826686,0.541050382942237
"ZNF496",0.0769016782794683,0.291615611196003,0.541050382942237
"GNLY",0.0768964295555643,0.291648643967049,0.541057919412795
"TLNRD1",0.0768649372121403,0.291846892981565,0.541366568304215
"RBPMS2",0.076856189338967,0.291901978090782,0.541366568304215
"RIPOR2",0.0768439423165243,0.291979108885982,0.541402088716699
"ANKRD44",0.0768334448687163,0.292045231806993,0.541470937082041
"STRADB",0.0768229474209083,0.292111364707375,0.541486039431756
"SETD6",0.0768037020999269,0.29223263427714,0.541603322195085
"SFMBT2",0.0767862063535803,0.29234290844808,0.541700184361182
"SCAF4",0.0767739593311376,0.292420116862321,0.54173575067163
"RHOXF1",0.0767529644355216,0.292552505747574,0.541814497676271
"PROSER1",0.0767494652862523,0.292574574442994,0.541814497676271
"MYH3",0.0767459661369829,0.292596644247345,0.541814497676271
"DGKD",0.0767442165623483,0.292607679565371,0.541814497676271
"TCEAL6",0.0767267208160016,0.292718047993601,0.541872882501074
"POLR2A",0.0767179729428283,0.292773242604177,0.541872882501074
"LRRN1",0.0767162233681936,0.292784282358018,0.541872882501074
"GTF2IRD1",0.0766882301740389,0.29296095612494,0.542038717712442
"TDRD3",0.0766672352784229,0.293093508028387,0.542230248235578
"KCNE5",0.0766217463379216,0.293380840786394,0.542567288421
"PIGB",0.0766094993154789,0.293458231630524,0.542569683041145
"LYN",0.0766060001662096,0.293480345795762,0.542569683041145
"SPNS2",0.0766060001662096,0.293480345795762,0.542569683041145
"PLCH2",0.0765622608003429,0.293756866444049,0.542906839649922
"LRRC8E",0.0765587616510736,0.293778995582679,0.542906839649922
"CDKL1",0.0765465146286309,0.293856456302637,0.542996257832002
"PSMB10",0.0765237701583802,0.294000347974117,0.543088122878628
"HPN",0.0765202710091109,0.294022489313869,0.543088122878628
"LAMP5",0.0764852795164176,0.294243963719104,0.543389722774448
"TSPAN8",0.0764747820686096,0.294310427671068,0.543458725250629
"G0S2",0.0764520375983589,0.294454467149285,0.543670946957988
"PGBD4",0.0764432897251856,0.294509879428167,0.543719504567067
"PDIA5",0.0764292931281082,0.294598553495445,0.543829453897492
"TMPRSS11F",0.0764082982324922,0.294731597876262,0.543967518720928
"BTBD9",0.0763733067397989,0.294953427259546,0.544215590545276
"LDHC",0.0763540614188176,0.295075480707953,0.544374179589809
"VCX3A",0.0763505622695482,0.295097675849605,0.544374179589809
"SPACA9",0.0763365656724709,0.295186467510442,0.544430423387815
"DDX47",0.0763365656724709,0.295186467510442,0.544430423387815
"SLC38A9",0.0762718314109882,0.295597359846923,0.545047269385697
"SMPDL3B",0.0762105962987748,0.295986391281348,0.545477304134195
"CGGBP1",0.0762035980002362,0.296030873653044,0.545477304134195
"STX16",0.0762018484256015,0.296041994939456,0.545477304134195
"ZYG11A",0.0762018484256015,0.296041994939456,0.545477304134195
"CSF1R",0.0761965997016975,0.296075360463072,0.545477304134195
"FASTKD5",0.0761808535299855,0.296175472013443,0.545554109411487
"OR4K15",0.0761808535299855,0.296175472013443,0.545554109411487
"SSR2",0.0761651073582735,0.296275606033368,0.545630925774498
"DEFB124",0.0761493611865615,0.296375762523191,0.545761559937204
"PRRT4",0.0761318654402148,0.296487073865882,0.545912707435591
"PRL",0.0761248671416762,0.296531606170552,0.545940879026146
"FCN2",0.0761108705445988,0.296620684095931,0.546051049401242
"MS4A2",0.0761021226714255,0.296676366815446,0.546099726655358
"GPX5",0.0760846269250788,0.296787753061244,0.546197090675187
"CNGA2",0.0760758790519055,0.296843456587643,0.546245777439238
"PPP1R16B",0.0760496354323855,0.297010608781517,0.546284235730117
"IL9R",0.0760408875592122,0.297066340051223,0.546332936169043
"MORC2",0.0760356388353082,0.297099782142307,0.546340639158105
"ZNF44",0.0760233918128655,0.297177823398591,0.546430346538553
"CCDC96",0.0759429113796708,0.297691004150076,0.547091817869007
"CD7",0.0759289147825935,0.297780312907301,0.547130403414752
"MICOS13",0.0759254156333241,0.297802642871265,0.547130403414752
"CEACAM16",0.0759131686108815,0.297880806485393,0.547130403414752
"UBAC1",0.0759079198869775,0.297914309339212,0.547138129729483
"NLN",0.0758956728645348,0.297992492376322,0.547174101624244
"CAP1",0.0758676796703801,0.298171247516739,0.54739469366191
"SMIM14",0.0758554326479375,0.298249475227831,0.547405144885344
"SLC38A7",0.0758554326479375,0.298249475227831,0.547405144885344
"APBB2",0.0758256898791481,0.298439513419014,0.547584750267816
"FXYD3",0.0758116932820708,0.298528970905061,0.547620770123064
"MRPS15",0.0758011958342628,0.298596075674362,0.547690071625848
"ZFR",0.0757924479610895,0.298652003946614,0.547738861406949
"PFKFB4",0.0757574564683961,0.298875786410916,0.54809546219661
"PIK3CG",0.0757522077444921,0.298909363354481,0.548103217477496
"KLF17",0.0757469590205881,0.298942942795622,0.548110975814946
"ADH7",0.0756909726322788,0.299301278908613,0.548655233943931
"LEXM",0.0756857239083748,0.299334887488918,0.548655233943931
"MED20",0.0756822247591054,0.299357294596737,0.548655233943931
"SLC41A2",0.0756682281620281,0.299446934129005,0.548657994878181
"PDPN",0.0756507324156814,0.299559008521801,0.548755668774218
"SAP130",0.0756437341171428,0.299603846049763,0.548783976934619
"PSMD9",0.0756262383707961,0.29971595929699,0.548881668545851
"KPNA4",0.0756069930498148,0.299839315924382,0.549053737053021
"ATAD3C",0.0756017443259108,0.299872964469269,0.549061518081183
"SLC22A14",0.0755964956020068,0.299906615512028,0.54906930215691
"PPM1F",0.0755789998556601,0.300018803694878,0.549123875945119
"N4BP1",0.0755737511317561,0.300052465561867,0.549123875945119
"PXYLP1",0.0755632536839481,0.300119796789632,0.549123875945119
"PNPLA2",0.0755597545346788,0.300142242752612,0.549123875945119
"TRH",0.0755492570868707,0.300209587302769,0.549160028574478
"DOHH",0.0755475075122361,0.300220812365893,0.549160028574478
"ABHD2",0.0755352604897934,0.300299395579258,0.549237257982496
"KIAA0895",0.0755317613405241,0.300321850423926,0.549237257982496
"PIK3CB",0.0754932706985614,0.300568926990679,0.549635296237925
"GRB10",0.0754687766536761,0.300726227478996,0.549869103622256
"PLAAT2",0.0754495313326947,0.300849858885461,0.549974732234058
"COLGALT2",0.0754250372878094,0.301007256523481,0.550167500766542
"HHIPL1",0.0754092911160974,0.301108469448539,0.550298637383395
"POLR3G",0.0753865466458467,0.301254705589895,0.550512023639616
"IL11",0.0753655517502307,0.301389734434984,0.550704889962603
"TIPARP",0.0753550543024227,0.30145726384728,0.55077439440538
"UBASH3B",0.075327061108268,0.301637391136207,0.551036826812805
"VPS29",0.0753235619589987,0.30165991204402,0.551036826812805
"SRSF2",0.0752990679141134,0.30181758948966,0.551217025357803
"LRRC3B",0.0752868208916707,0.301896448616094,0.551307135460465
"COL15A1",0.0752815721677667,0.301930249548607,0.551314953125711
"TXNL4A",0.075258827697516,0.302076749127095,0.55146186800538
"RAMP3",0.0752465806750734,0.302155652948038,0.55151084582267
"LRBA",0.0752395823765347,0.30220074695314,0.551539250473649
"PDSS1",0.0751975925853027,0.302471404261916,0.551763620433243
"TESK1",0.0751975925853027,0.302471404261916,0.551763620433243
"PHKA1",0.075180096838956,0.302584225335533,0.551915518348122
"PNLIPRP2",0.0751293591745507,0.302911563445206,0.55235074779366
"KIF14",0.075122360876012,0.302956731852737,0.552379178373691
"STOML3",0.075096117256492,0.303126152943606,0.552546848956515
"GINS2",0.0750943676818573,0.303137449904072,0.552546848956515
"OR9G9",0.0750786215101453,0.30323913504192,0.552678255688776
"CD63",0.0750681240623373,0.303306937627537,0.55269395717942
"TAPT1",0.075059376189164,0.303363447417319,0.552742999411303
"MISP3",0.0750471291667213,0.303442572783966,0.552833234739377
"KIAA0408",0.0750401308681827,0.303487793387343,0.552861688382952
"BICD1",0.0750138872486627,0.303657410214493,0.55306278458805
"PLXDC2",0.0749841444798733,0.303849718139054,0.553271780233719
"HTR4",0.0749823949052387,0.303861032868776,0.553271780233719
"SPINT4",0.074933406815468,0.30417795802918,0.553686895141614
"TMED10",0.07492290936766,0.304245898884735,0.553756593662539
"IFI6",0.0749054136213133,0.304359155856984,0.55390875022267
"ARRDC5",0.0748949161735053,0.304427123368216,0.553924489090491
"CDH19",0.0748949161735053,0.304427123368216,0.553924489090491
"GALK2",0.074886168300332,0.304483770596722,0.553927508335117
"PTOV1",0.0748826691510626,0.304506431431793,0.553927508335117
"PALD1",0.0748739212778893,0.304563088378661,0.553956002976225
"CAPN6",0.074849427233004,0.304721764759958,0.554136677571274
"IFIT1B",0.0747829433968866,0.305152732137,0.55475833986086
"ZSCAN22",0.074775945098348,0.305198120449054,0.554786850059035
"ST6GALNAC4",0.0747566997773666,0.305322961216011,0.554792958728713
"OR6C65",0.0747479519041933,0.305379718126535,0.554792958728713
"VAX2",0.0747409536056546,0.305425128653294,0.55482148650218
"C20orf96",0.0747252074339426,0.305527318583179,0.554953141593022
"IL37",0.0747199587100386,0.305561386891525,0.554961048486445
"IDH3B",0.0747024629636919,0.305674965969165,0.555113347378464
"KCNK3",0.0746902159412493,0.305754487846127,0.555149797298684
"TRMT5",0.0746657218963639,0.305913572420944,0.555263984369174
"VWA2",0.0746482261500173,0.306027237583536,0.555362350705467
"ELF3",0.0746324799783053,0.306129559973008,0.555452799189341
"CD69",0.0745939893363426,0.306379776065289,0.55585279753209
"C3orf22",0.0745887406124386,0.306413906855353,0.555860721168584
"CBX1",0.0745607474182839,0.306595979946874,0.556103631192451
"DPY30",0.0745589978436492,0.306607361875598,0.556103631192451
"PPP2R3B",0.0745485003958413,0.306675659279809,0.556171880514156
"FKRP",0.0745415020973026,0.306721196436786,0.556171880514156
"OR4C12",0.0745310046494946,0.306789510503537,0.556171880514156
"ING1",0.0745047610299746,0.306960339409895,0.556311625309966
"PLG",0.0744925140075319,0.307040080950071,0.556389453707306
"FAR1",0.0744890148582626,0.307062866746691,0.556389453707306
"C14orf180",0.0744785174104546,0.30713123080171,0.556392676719317
"ZNF624",0.0744767678358199,0.307142625782884,0.556392676719317
"MOB1B",0.0744750182611852,0.307154021041773,0.556392676719317
"NEU2",0.0744522737909346,0.307302184679568,0.556564335158183
"POU6F1",0.0744505242162999,0.307313583826498,0.556564335158183
"MTMR11",0.0744330284699532,0.307427590570348,0.556564335158183
"ESYT2",0.0744330284699532,0.307427590570348,0.556564335158183
"MOSPD2",0.0744207814475106,0.30750741181538,0.556600932648191
"SMAD6",0.0743997865518946,0.307644279895688,0.556740753036034
"RASGRF1",0.0743805412309132,0.307769777434612,0.556859946073321
"ODF2L",0.0743630454845666,0.30788389526747,0.557012460332778
"CUL4A",0.0743455497382199,0.307998040872969,0.557106371406439
"FHL5",0.0743385514396812,0.308043706891542,0.557106371406439
"BATF3",0.0743368018650466,0.308055124090506,0.557106371406439
"YEATS2",0.0743175565440652,0.308180731609235,0.557233613615279
"KIF4A",0.0743140573947959,0.308203572950401,0.557233613615279
"ROR1",0.0742895633499105,0.308363493444444,0.55736889162511
"C10orf67",0.0742860642006412,0.308386343673018,0.55736889162511
"HSPB9",0.0742825650513719,0.308409195012524,0.55736889162511
"NFE4",0.0742493231333132,0.308626338145722,0.557553533532621
"KRTAP19-8",0.0742458239840439,0.308649201150069,0.557553533532621
"ANAPC15",0.0742440744094092,0.308660633068846,0.557553533532621
"FAU",0.0742300778123319,0.308752098417572,0.557606302611188
"SLC5A3",0.0742020846181772,0.308935082440593,0.557725625873419
"HOXA3",0.0741775905732919,0.309095251785912,0.557960846931538
"XRCC6",0.0741723418493879,0.309129580870857,0.557968884927431
"PLCXD1",0.0741513469537719,0.309266922207363,0.558162837180587
"ZBTB21",0.0741216041849825,0.309461557564302,0.558460145818041
"TAP1",0.0741128563118092,0.309518818533433,0.558476219849655
"TEX10",0.0741111067371745,0.309530271560493,0.558476219849655
"CFAP100",0.0740883622669238,0.309679186187107,0.558690927475889
"PITPNM1",0.0740603690727692,0.309862530164721,0.55884711502915
"ASB2",0.0740568699234998,0.309885453161377,0.55884711502915
"DNAJB11",0.0740341254532492,0.310034479720115,0.559057307260713
"ZNF101",0.0740271271547105,0.310080343489347,0.559057307260713
"DUSP11",0.0740253775800758,0.31009181012603,0.559057307260713
"ANKRD49",0.0739763894903052,0.310412988719869,0.559469754524702
"HECTD4",0.0739711407664012,0.310447413627512,0.559469754524702
"ZNF699",0.0739676416171318,0.310470364954702,0.559469754524702
"EPYC",0.0739676416171318,0.310470364954702,0.559469754524702
"INTS14",0.0739623928932278,0.310504794028632,0.559477813147972
"METTL7B",0.0739448971468812,0.310619575662346,0.559572111147676
"TMCO2",0.0739431475722465,0.310631055353361,0.559572111147676
"LEPROT",0.0739256518258998,0.310745867539978,0.559642220074892
"ZNF23",0.0739151543780918,0.310814768184157,0.559712333488315
"STAG1",0.0739064065049185,0.310872193025898,0.559761769856505
"SSH3",0.0738941594824758,0.310952599470058,0.559786008980733
"ELMOD2",0.0738836620346678,0.311021530111809,0.559793213942337
"H2BC14",0.0738679158629558,0.311124944822978,0.559793213942337
"PRR14L",0.0738661662883211,0.311136436735223,0.559793213942337
"BMT2",0.0738539192658785,0.311216887898136,0.559842669850279
"SCYL2",0.0738451713927051,0.311274361347216,0.559892128722008
"LIPC",0.0738136790492811,0.311481323259753,0.560197859018937
"PSME2",0.0738101799000118,0.311504324582976,0.560197859018937
"NKX6-3",0.0737909345790305,0.311630851720453,0.56037144104864
"ATP13A5",0.0737804371312225,0.311699880688424,0.560441606983441
"TMEM39B",0.0737524439370678,0.311884006822031,0.560614411549955
"NMNAT3",0.0737471952131638,0.311918538388241,0.560614411549955
"GSC",0.0737401969146251,0.311964584365164,0.560614411549955
"ATAD5",0.0737384473399905,0.311976096553795,0.560614411549955
"PPP2R3C",0.0737384473399905,0.311976096553795,0.560614411549955
"HTR1E",0.0737087045712011,0.312171846257913,0.560899624426992
"RAB11FIP2",0.0737052054219318,0.312194880912325,0.560899624426992
"AMN",0.0736964575487584,0.312252472409175,0.560949131850111
"COL4A5",0.0736754626531424,0.312390720333275,0.561089545387983
"XPO7",0.0736544677575264,0.312529008255052,0.561283946357472
"EMSY",0.0736229754141024,0.312736515133459,0.56156932081801
"YY1",0.0736212258394678,0.312748045932112,0.56156932081801
"GINS4",0.0736054796677558,0.312851835619295,0.561701680640833
"PSMG4",0.0735984813692171,0.312897971590978,0.561730512105461
"MBOAT1",0.0735634898765238,0.313128718112429,0.561849574723774
"ENTPD4",0.0735564915779851,0.31317488074933,0.561849574723774
"MRRF",0.0735477437048118,0.31323259029512,0.561853316881586
"WDR77",0.0735442445555424,0.313255676057776,0.561853316881586
"APOL5",0.0735249992345611,0.313382667612428,0.561948060927503
"SHH",0.0735215000852918,0.313405760596918,0.561948060927503
"GNA14",0.0735180009360224,0.31342885469246,0.561948060927503
"KRT74",0.0735040043389451,0.313521242185142,0.562039040031649
"RBM24",0.0734970060404064,0.313567442597792,0.562067910351892
"TAPBP",0.0734882581672331,0.313625199363269,0.562117487841498
"KIAA0753",0.0734742615701558,0.313717624631697,0.56217524060848
"ZNF638",0.0734620145477131,0.313798511324117,0.562266237886329
"FABP9",0.0734217743311157,0.314064377713031,0.562580694242141
"IGSF3",0.0734095273086731,0.314145322735584,0.562667370758005
"TERF1",0.0734007794354997,0.314203148941703,0.562667370758005
"RNF10",0.0733710366667104,0.314399809984007,0.56293231209434
"BIN2",0.0733237981515744,0.314712318982764,0.563217547870524
"SYT12",0.0733133007037664,0.31478179292528,0.563217547870524
"GRIK4",0.0733133007037664,0.31478179292528,0.563217547870524
"SLC25A19",0.0732853075096117,0.314967105657839,0.563387191386438
"FRMD4A",0.0732800587857077,0.315001859711359,0.563395396664368
"PET100",0.0732503160169184,0.315198846567111,0.563639760483278
"PRORP",0.0732328202705717,0.315314758685631,0.563701554889876
"WNT5A",0.073231070695937,0.315326351425156,0.563701554889876
"SNAI1",0.0732240723973984,0.31537272516084,0.563701554889876
"GSC2",0.0732065766510517,0.315488678943125,0.563780171078539
"CIAO1",0.073189080904705,0.315604660501184,0.563933471060095
"PHOSPHO2",0.0731768338822624,0.31568586411838,0.56402460521141
"RFC2",0.0731558389866464,0.315825101983542,0.564152934040695
"KRIT1",0.073152339837377,0.315848312182989,0.564152934040695
"DACT3",0.0731225970685877,0.316045643735798,0.564397441423768
"RUSF1",0.0731120996207797,0.316115309331289,0.564467876189995
"CNOT10",0.0730718594041824,0.316382453411555,0.564782900010916
"CAPSL",0.073015873015873,0.316754376553814,0.565305483588426
"ABCA7",0.0730018764187957,0.316847401779434,0.56539672039296
"PIAS3",0.0729808815231797,0.316986972947718,0.565483685812549
"NCOA5",0.072958137052929,0.317138220180694,0.565578921618082
"SNRPB2",0.0729353925826783,0.317289514352817,0.565753195536873
"NINJ1",0.0729126481124277,0.317440855463859,0.565969013522008
"FAM183A",0.0729039002392543,0.317499076081969,0.566006272074287
"TSPEAR",0.0728601608733876,0.317790283325903,0.566321691926962
"TAS2R30",0.0728496634255796,0.317860198894357,0.566367230156436
"MAP6D1",0.0728461642763103,0.317883506305758,0.566367230156436
"EYS",0.072842665127041,0.317906814828117,0.566367230156436
"EFNB1",0.0728356668285023,0.317953435205701,0.566396256762846
"GAB1",0.0727779308655583,0.31833822287938,0.566994326261394
"EXOSC1",0.0727761812909236,0.318349887833421,0.566994326261394
"ADRB1",0.0727569359699423,0.318478220658297,0.56710221070182
"TBC1D24",0.0727551863953076,0.318489888945139,0.56710221070182
"ABLIM3",0.0727394402235956,0.318594916024655,0.567214361456287
"EDA",0.0727044487309023,0.318828390076576,0.567521827398984
"REST",0.0726869529845556,0.31894516876185,0.56756741036649
"ANKUB1",0.0726519614918623,0.319178809450273,0.567929063004316
"PRAMEF18",0.0726432136186889,0.319237236980157,0.567978911864477
"TMEM196",0.072637964894785,0.319272296830763,0.567987179997269
"CLDN16",0.0726257178723423,0.31935411286912,0.568078618148745
"CPS1",0.0726134708498996,0.319435942515818,0.568157542338877
"GLI1",0.0725924759542836,0.319576253570219,0.56825727046343
"RPL17",0.0725714810586676,0.319716604616027,0.568398601409701
"NPL",0.0725644827601289,0.319763397184891,0.56842767997573
"SLC24A3",0.0725399887152436,0.319927206167978,0.56861063022394
"AKAP17A",0.0725347399913396,0.319962315174621,0.568618916947494
"TXLNA",0.0725137450957236,0.320102776195254,0.568726986881987
"WARS2",0.0724910006254729,0.320254987428834,0.568901592621228
"NR2E3",0.0724787536030303,0.320336966763409,0.568901592621228
"FAM111A",0.0724752544537609,0.320360391929791,0.568901592621228
"ERRFI1",0.0724735048791263,0.320372104929541,0.568901592621228
"PRMT5",0.0724700057298569,0.320395531762159,0.568901592621228
"GPATCH2L",0.0724612578566836,0.320454103703546,0.568905734887444
"ABCC1",0.0724577587074142,0.320477534424035,0.568905734887444
"FBXO31",0.0724560091327796,0.320489250200835,0.568905734887444
"DFFA",0.0724472612596063,0.320547833250392,0.568955648525406
"COL19A1",0.0724245167893556,0.320700181670428,0.569117882257404
"SOX7",0.0723895252966622,0.320934655496077,0.569425767247267
"WFDC11",0.0723825269981236,0.320981563590684,0.569454895185676
"MRO",0.0723527842293342,0.321180972561253,0.569646328922503
"KRTAP15-1",0.0723230414605449,0.321380461784793,0.569858606995347
"CLEC9A",0.0723125440127369,0.321450888906588,0.56987527627197
"SSX5",0.0722828012439476,0.321650486705987,0.570100074947424
"RNF43",0.0722775525200436,0.321685718177584,0.570108414564866
"FAM166C",0.0722670550722355,0.321756188618199,0.570125102337143
"OPN1LW",0.0722670550722355,0.321756188618199,0.570125102337143
"GTF2H5",0.0722600567736969,0.321803174465569,0.570154263003412
"OR9A2",0.0722530584751582,0.321850164755821,0.570183426008321
"TMIE",0.0722145678331955,0.322108690768089,0.570479080965844
"C17orf58",0.0721935729375796,0.322249761602281,0.570583331485017
"KLK13",0.0721900737883102,0.322273277295388,0.570583331485017
"WSCD2",0.0721830754897715,0.32232031201365,0.570583331485017
"CELF6",0.0721708284673289,0.322402633460886,0.570674967540091
"SPATA6L",0.0721550822956169,0.322508495313707,0.570791726634454
"CKAP2",0.0721498335717129,0.322543787595975,0.570791726634454
"UTS2R",0.0721445848478089,0.322579082377228,0.570791726634454
"KIFC1",0.0721428352731742,0.322590847859642,0.570791726634454
"SCN10A",0.0720955967580382,0.322908620841001,0.571245751901728
"PRIM2",0.0720885984594995,0.322955715534589,0.571274952010228
"TYW1B",0.0720693531385182,0.323085248848537,0.571395843512809
"TPTE",0.0720641044146142,0.323120581946709,0.571404221990034
"NAXE",0.0720098676009395,0.32348583694935,0.571887683724542
"S100A3",0.0720011197277662,0.323544774034727,0.571937737801474
"SPINK9",0.0719678778097075,0.323768798261392,0.572279583222578
"PHF10",0.0719171401453022,0.324110923210686,0.572775889655826
"SPTLC3",0.0719083922721288,0.324169933869569,0.57282597075864
"DCTN5",0.0718961452496862,0.324252560452352,0.572917769064155
"CNTN4",0.0718908965257822,0.32428797600936,0.5729261413254
"IL33",0.0718506563091848,0.324559578288897,0.573189095425384
"SGSH",0.0718139152418568,0.324807691238327,0.573568921738896
"PTF1A",0.0718069169433181,0.324854964728386,0.573568921738896
"MMRN1",0.0718051673686835,0.324866783794926,0.573568921738896
"ZCCHC12",0.0717929203462408,0.324949525033757,0.573606552885676
"TMEM203",0.0717509305550088,0.32523331255044,0.573944755286027
"CETP",0.0717211877862195,0.325434425451834,0.574245401524797
"USP7",0.0716861962935261,0.325671131574937,0.574575396174762
"M6PR",0.0716844467188915,0.325682969795782,0.574575396174762
"ZBTB1",0.0716599526740061,0.325848734034118,0.574813540835099
"MFSD4B",0.0716372082037555,0.326002706685446,0.575030841524121
"GALR1",0.0715899696886194,0.326322645929414,0.575323490548262
"UTP18",0.0715689747930034,0.326464906100398,0.575465652320059
"AGPAT2",0.0715444807481181,0.326630926816527,0.575649635672875
"GSPT2",0.0715304841510408,0.326725820222446,0.575674808533678
"SLC35D1",0.0715287345764061,0.326737683147194,0.575674808533678
"MLLT10",0.0715287345764061,0.326737683147194,0.575674808533678
"MRPL18",0.0715007413822514,0.326927527690506,0.575867221281838
"TAS2R43",0.0714919935090781,0.326986868681741,0.575896525792172
"SLC22A5",0.0714762473373661,0.327093699951468,0.576030357406282
"OR10G2",0.0714605011656541,0.327200553702328,0.576109884127904
"MS4A5",0.0714552524417501,0.327236176615041,0.576118291333193
"PLCD4",0.0714272592475954,0.327426207668725,0.576398515828174
"KAT6A",0.0714167617997874,0.327497487631199,0.576432157747494
"CPN2",0.0714097635012488,0.327545013156826,0.576432157747494
"YIPF6",0.0714080139266141,0.327556895232059,0.576432157747494
"SNRNP70",0.0714062643519794,0.327568777584823,0.576432157747494
"HNMT",0.0713992660534408,0.327616309771169,0.576461484952549
"MTMR10",0.0713870190309981,0.32769950178209,0.576553546423205
"UBP1",0.0713747720085554,0.327782707391752,0.576645614473281
"DDX28",0.0713310326426887,0.32807998129148,0.57705987291389
"WNT16",0.0713257839187847,0.328115665815101,0.577068290306321
"NEPRO",0.0713135368963421,0.328198939416431,0.577093559322429
"GPR39",0.0713100377470727,0.328222734371538,0.577093559322429
"OR1L1",0.0712942915753607,0.328329825406106,0.577173175760959
"KLHL21",0.0712680479558407,0.328508360414314,0.577432671915081
"KDSR",0.0712593000826674,0.328567885958684,0.577482951078899
"POF1B",0.0712488026348594,0.328639325769288,0.577554159035214
"DECR2",0.0712330564631474,0.32874650421597,0.577633804942841
"KANSL3",0.0711963153958194,0.328996674666931,0.577910261106058
"IGFL3",0.0711595743284914,0.329246967486898,0.578241147713494
"MRPS11",0.0711543256045874,0.329282733593111,0.578249584634221
"PKP3",0.0711280819850674,0.329461601582447,0.578388040641927
"KIF22",0.071124582835798,0.32948545536461,0.578388040641927
"SPICE1",0.071124582835798,0.32948545536461,0.578388040641927
"MRLN",0.0710860921938354,0.32974792021785,0.578706542602795
"OR6M1",0.0710703460221234,0.32985533090826,0.57876532882776
"ZNF639",0.0710598485743154,0.329926950520434,0.578836611359289
"SHLD2",0.071019608357718,0.330201584894643,0.579209617685014
"LSM10",0.07100911090991,0.330273252781593,0.579226525396661
"ZNF560",0.07100911090991,0.330273252781593,0.579226525396661
"WFDC6",0.070993364738198,0.330380773338732,0.579302270696779
"PRKAG3",0.0709863664396593,0.330428567466191,0.579302270696779
"LIG3",0.0709846168650247,0.330440516691625,0.579302270696779
"LCOR",0.0709758689918513,0.330500266980187,0.579352636204427
"NKX2-5",0.0709706202679473,0.330536120482421,0.57936110615952
"SLU7",0.0709548740962354,0.330643695969913,0.579495276457779
"WFIKKN1",0.0709058860064647,0.330978518965701,0.579973242653728
"NUP153",0.0708918894093873,0.331074222625625,0.580019611101404
"PRTFDC1",0.070867395364502,0.331241746750186,0.580162324140155
"PKP2",0.0708533987674247,0.33133749923219,0.580213229318762
"PLPPR5",0.070846400468886,0.331385382130588,0.580213229318762
"PIF1",0.0708429013196167,0.331409325244123,0.580213229318762
"RPL10",0.0708376525957127,0.331445241994833,0.580213229318762
"CIB2",0.070835903021078,0.331457214799843,0.580213229318762
"CAPZA3",0.0708271551479047,0.331517082985673,0.580259676685657
"MAB21L4",0.070820156849366,0.331564982527243,0.580259676685657
"VGLL4",0.0708184072747313,0.33157695810609,0.580259676685657
"SLC25A24",0.0707956628044807,0.331732665872594,0.580465311025528
"DNAAF1",0.0707851653566726,0.331804546806008,0.580494774346512
"DIS3",0.0707449251400753,0.332080182886533,0.580868174167733
"CDK20",0.07072043109519,0.332248033206918,0.581052932687742
"MUC19",0.070709933647382,0.332319985699753,0.581065994196645
"MEF2B",0.0707029353488433,0.332367959575306,0.581065994196645
"MOB4",0.0707011857742086,0.332379953737564,0.581065994196645
"SUGP1",0.070688938751766,0.332463920639058,0.581091547432019
"CTAG2",0.0706696934307846,0.332595896084039,0.581180023853201
"B3GALT1",0.0706294532141873,0.332871953179883,0.58138189447185
"ZNF701",0.0706067087439366,0.333028050346001,0.58140450055075
"MYH7",0.0705874634229553,0.333160169169567,0.58140450055075
"IGSF22",0.0705822146990513,0.333196207399587,0.58140450055075
"ROR2",0.0705542215048966,0.333388453443925,0.58157694344468
"CDHR4",0.0705542215048966,0.333388453443925,0.58157694344468
"AADACL3",0.0705454736317233,0.333448544891251,0.581627442270385
"CERS5",0.0705069829897606,0.333713029616497,0.581842834804494
"CLASP1",0.0705052334151259,0.333725054838312,0.581842834804494
"TAB3",0.0704999846912219,0.333761132167473,0.581842834804494
"TRPC4AP",0.0704947359673179,0.333797211992201,0.581842834804494
"RPRM",0.0704772402209713,0.333917496097963,0.581847654144949
"ZNF266",0.0704667427731633,0.333989679870792,0.581919139963327
"IFNW1",0.0704562453253553,0.334061873625501,0.581990629834874
"NKTR",0.0704300017058353,0.334242401682199,0.58221748784818
"FAM186B",0.0704230034072966,0.334290553033375,0.582226090501847
"OR6K6",0.0704177546833926,0.334326669457992,0.582234695896816
"ENOX2",0.0704037580863153,0.334422992122971,0.582348139942994
"COMMD6",0.0703827631906993,0.334567509390825,0.582545478778953
"DUSP1",0.0703617682950833,0.334712066582254,0.582718113326594
"TMEM184C",0.0703547699965446,0.334760261184463,0.582718113326594
"GTPBP6",0.0703547699965446,0.334760261184463,0.582718113326594
"PNLIPRP1",0.0703460221233713,0.334820510675068,0.582768672634443
"SRPX2",0.0703040323321392,0.3351098047064,0.583109169169545
"CLEC12A",0.0702672912648112,0.335363067970858,0.583386797450051
"UNC50",0.0702672912648112,0.335363067970858,0.583386797450051
"FHIP1B",0.0702270510482139,0.335640591813327,0.583815189783523
"TMEM225",0.0702008074286939,0.33582166462445,0.584017587372721
"C1orf232",0.0701973082794246,0.335845812378124,0.584017587372721
"CTXND1",0.0701938091301552,0.335869961240534,0.584017587372721
"ZPBP2",0.0701920595555206,0.335882036087513,0.584017587372721
"GBA",0.0701728142345392,0.336014877698163,0.584111304540389
"CLASP2",0.0701693150852699,0.336039034321583,0.584111304540389
"UQCRQ",0.0701588176374619,0.336111510844,0.584111304540389
"TCERG1",0.0701500697642885,0.336171915568202,0.584140928093761
"RAB20",0.0701150782715952,0.336413603756024,0.584452136162559
"RMI1",0.0700940833759792,0.336558669882732,0.584562031398001
"SMIM9",0.0700940833759792,0.336558669882732,0.584562031398001
"FNDC4",0.0700678397564592,0.33674005866327,0.584768314098243
"BEND5",0.0700660901818245,0.336752153465764,0.584768314098243
"SH3KBP1",0.0700450952862085,0.336897312712181,0.584823883449079
"RWDD2A",0.0700450952862085,0.336897312712181,0.584823883449079
"PRRX1",0.0700433457115739,0.336909411117404,0.584823883449079
"SMIM41",0.0700048550696112,0.337175646144709,0.585177248155245
"EFNB3",0.0699838601739952,0.337320921782283,0.585374980041434
"CROCC",0.0699366216588592,0.33764793786169,0.585888031915351
"SIGMAR1",0.0698998805915312,0.33790242335463,0.586220683564428
"CABIN1",0.0698928822929925,0.337950910635785,0.586250344327877
"ROPN1L",0.0698806352705498,0.338035774045056,0.586288643765366
"CLIC6",0.0698631395242032,0.338157031037543,0.586407326158878
"RAD50",0.0698561412256645,0.338205541592274,0.586407326158878
"PCOLCE2",0.0698106522851632,0.338520968248674,0.586857662954816
"ZFYVE21",0.0697844086656432,0.338703030356458,0.587009817644507
"SLC25A10",0.0697686624939312,0.338812297540503,0.587035761097173
"BRF1",0.0697441684490458,0.3389823133163,0.587133499336167
"FLT4",0.0697424188744112,0.338994459377912,0.587133499336167
"HBB",0.0697144256802565,0.339188834037024,0.587361211356092
"FANCB",0.0697091769563525,0.339225287180249,0.587369874223839
"C16orf78",0.0697004290831791,0.339286047958945,0.58742062034683
"METTL4",0.0696776846129285,0.3394440583919,0.587639713990278
"FAM200B",0.0696601888665818,0.339565636732382,0.587795702253589
"NAV3",0.0696479418441391,0.339650758051069,0.587834080007576
"ACTA1",0.0696479418441391,0.339650758051069,0.587834080007576
"MRPS30",0.0696269469485231,0.339796711886677,0.587998756382604
"PDE8B",0.0696251973738885,0.33980887650661,0.587998756382604
"DEFB132",0.0695639622616751,0.340234812687369,0.588275005403214
"ZCCHC4",0.0695639622616751,0.340234812687369,0.588275005403214
"KLK5",0.0695569639631365,0.340283512709945,0.588275005403214
"SLC12A7",0.0695167237465391,0.340563623827296,0.588704761069843
"INSIG1",0.0694869809777498,0.340770756632617,0.588953789641935
"PKD2L2",0.0694467407611524,0.341051122510702,0.589220237188702
"RPL37A",0.0694362433133444,0.341124285525242,0.589237620835129
"TMC3",0.0694362433133444,0.341124285525242,0.589237620835129
"SUV39H1",0.0693715090518618,0.34157567770456,0.589874738632205
"ZMYND10",0.0693697594772271,0.341587882753657,0.589874738632205
"HUWE1",0.0693540133055151,0.341697740653984,0.590009893163258
"TENM4",0.0693242705367258,0.341905311204602,0.590155075820074
"ADH6",0.0693225209620911,0.341917523728558,0.590155075820074
"TRIM31",0.0693155226635524,0.34196637659273,0.590155075820074
"ALDH9A1",0.0693137730889178,0.341978590500857,0.590155075820074
"MTF2",0.0692612858498777,0.342345136467951,0.590636283480412
"SAMD11",0.0692542875513391,0.342394028086993,0.590666069513456
"MDM4",0.0692332926557231,0.342540729517206,0.590864566774114
"DPM1",0.0692227952079151,0.342614095179361,0.590936538748591
"MUC4",0.0692175464840111,0.342650781747125,0.590945239625941
"SPEM3",0.0691983011630297,0.342785320474806,0.591068104993766
"AMOTL1",0.0691598105210671,0.343054498400097,0.591423041827768
"ZBED4",0.0691475634986244,0.343140174013521,0.59148264818533
"CSKMT",0.0691388156254511,0.343201379182955,0.591512454560804
"KIAA0825",0.0691230694537391,0.343311565923252,0.591573480877893
"KRBA2",0.0691160711552004,0.343360545003229,0.591573480877893
"DDX27",0.0691055737073924,0.343434021925423,0.591573480877893
"ACER1",0.069102074558123,0.343458516446723,0.591573480877893
"BIK",0.0690915771103151,0.343532006652235,0.591645495779891
"ZRSR2",0.069081079662507,0.343605506820028,0.591662958267642
"TMED3",0.069081079662507,0.343605506820028,0.591662958267642
"AATF",0.069044338595179,0.343862835857697,0.592051472524971
"KIAA1671",0.0690373402966404,0.343911864748112,0.592068932511832
"RNF181",0.069033841147371,0.343936380853548,0.592068932511832
"SDE2",0.0690198445502937,0.344034456343336,0.592183180338078
"SLC4A3",0.0690110966771204,0.344095762517101,0.59220065122486
"TFAP2C",0.0689831034829657,0.34429198875686,0.592353494428661
"PABPC1L",0.0689691068858884,0.344390128438079,0.592455402464095
"MUC17",0.068965607736619,0.344414666125117,0.592455402464095
"KCNS2",0.068955110288811,0.344488285826281,0.592527466024279
"FAM71B",0.068939364117099,0.344598734052846,0.592617035926827
"ARHGAP28",0.068934115393195,0.344635555108228,0.592617035926827
"PLA2G2E",0.068934115393195,0.344635555108228,0.592617035926827
"GGACT",0.0689166196468484,0.344758309941922,0.592773540459891
"GABPB2",0.068897374325867,0.344893372211574,0.592871895741471
"TTLL8",0.0688903760273284,0.344942494063334,0.592871895741471
"CAPN8",0.0688483862360963,0.345237318120714,0.593190151001858
"ZNF254",0.0688431375121923,0.345274182330935,0.593190151001858
"H3C10",0.0688413879375577,0.34528647095423,0.593190151001858
"UPB1",0.0688256417658457,0.345397081011181,0.59332559648315
"ZNF81",0.0688063964448643,0.345532301506844,0.593503289151275
"SGO2",0.0687941494224217,0.345618368338511,0.593596528148798
"RARRES1",0.0687784032507097,0.345729045607613,0.593732014323473
"LMLN",0.0687696553775363,0.345790542659585,0.593783024522841
"ZNF528",0.068760907504363,0.345852046625883,0.593800567006393
"SSR1",0.0687486604819203,0.345938163794553,0.593818120131165
"H2AC4",0.0687311647355737,0.346061211828948,0.593886706334076
"NME8",0.068729415160939,0.346073518153446,0.593886706334076
"TRIQK",0.068718917713131,0.346147361908006,0.593958850697714
"PIGU",0.0687101698399576,0.346208905975196,0.593997549416258
"ODR4",0.068687425369707,0.346368952905107,0.594120735163094
"AARD",0.0686734287726296,0.346467466552246,0.594201690420459
"DEFB119",0.068671679197995,0.346479782002506,0.594201690420459
"SRPK3",0.068661181750187,0.34655368051101,0.594219292804226
"ITM2A",0.0686471851531096,0.34665222734063,0.594333700340917
"GPX6",0.068613943235051,0.346886346985,0.594571348778622
"THUMPD2",0.068608694511147,0.346923322369065,0.594580156792205
"VSX1",0.0685946979140696,0.347021935558741,0.594640028304894
"ZNF879",0.068577202167723,0.347145226929238,0.594742157428717
"CYP21A2",0.0685632055706456,0.347243879931784,0.594756323072352
"ONECUT3",0.068561455996011,0.34725621280121,0.594756323072352
"CALHM6",0.0685597064213763,0.347268545947102,0.594756323072352
"AIPL1",0.0685579568467416,0.347280879369458,0.594756323072352
"ZNF510",0.0685124679062403,0.347601645386702,0.595196509511511
"NUS1",0.0685054696077016,0.347651010591511,0.595226464412088
"SCN5A",0.068487973861355,0.347774442953897,0.595383215382434
"SULT6B1",0.0684652293911043,0.347934946350583,0.595575298145045
"SLC17A6",0.0684582310925656,0.347984341409275,0.595575298145045
"HEXIM2",0.0684547319432963,0.348009040597087,0.595575298145045
"OR4C6",0.0684512327940269,0.348033740890532,0.595575298145045
"NUBPL",0.0684442344954883,0.348083144794292,0.595584133044269
"ATL1",0.0684372361969496,0.348132553120496,0.595601810753933
"RSPH1",0.0683917472564483,0.348453815033676,0.595875082393534
"C2orf68",0.0683899976818136,0.348466174992265,0.595875082393534
"CD96",0.0683795002340056,0.348540340547599,0.595875082393534
"ADGRG4",0.0683795002340056,0.348540340547599,0.595875082393534
"LFNG",0.0683742515101016,0.34857742705624,0.595883938462457
"C15orf39",0.0683690027861976,0.348614516052162,0.595892797161832
"SLC25A53",0.0683637540622936,0.348651607535339,0.595901658490893
"LHB",0.0683585053383896,0.348688701505745,0.595910522448874
"BOLA1",0.0683462583159469,0.348775263775772,0.595988265287696
"CA13",0.0683340112935043,0.348861839586908,0.595988265287696
"RTP1",0.0683200146964269,0.348960799951588,0.596069411568603
"C16orf82",0.0683182651217923,0.348973171240689,0.596069411568603
"ATP6V0A4",0.0683077676739843,0.349047404778269,0.596087173705098
"RPL15",0.0682955206515416,0.349134023145014,0.59614720558614
"FBL",0.0682937710769069,0.349146398302698,0.59614720558614
"KRTCAP3",0.0682815240544642,0.349233032143394,0.596240616903742
"TMEM126A",0.0682552804349442,0.349418721678993,0.596394082076116
"FSD2",0.0682395342632322,0.349530165240803,0.596441904943881
"SNX8",0.0682272872407896,0.349616859038913,0.596514202394549
"TYW5",0.0682185393676162,0.349678791468922,0.596532010866416
"CHIA",0.0682097914944429,0.349740730805876,0.596537613428025
"AVPR2",0.0682027931959042,0.349790287248356,0.596537613428025
"TSNAXIP1",0.0682027931959042,0.349790287248356,0.596537613428025
"NR1I2",0.0681905461734616,0.349877021659011,0.59658549900666
"KCNAB3",0.0681852974495576,0.34991419769324,0.59658549900666
"H3C7",0.0681800487256536,0.3499513762138,0.59659442283605
"MRPS24",0.0681730504271149,0.350000951442125,0.596624476919781
"RBM22",0.0681590538300376,0.350100115158804,0.596684591230682
"C1orf141",0.0681293110612482,0.350310896757946,0.59693488210323
"PSMB5",0.0680750742475736,0.35069546871273,0.597481168917984
"SPAG17",0.0680680759490349,0.350745110234768,0.597511235861035
"ADAM17",0.0680383331802455,0.350956136002812,0.597761677700731
"ARMCX3",0.0680260861578029,0.351043052165031,0.597855192616645
"ALG13",0.0680208374338989,0.351080306091364,0.597864119318164
"LYPD4",0.0680033416875522,0.351204503796295,0.597933208103882
"MFSD14C",0.0680033416875522,0.351204503796295,0.597933208103882
"SFTA3",0.0679910946651095,0.351291458620942,0.598005585744664
"SAAL1",0.0679735989187629,0.351415703271353,0.598110489734007
"SNTG2",0.0679718493441282,0.351428129255159,0.598110489734007
"ARIH1",0.0679648510455895,0.351477835951721,0.598110489734007
"DOLPP1",0.0679526040231469,0.351564833301698,0.598110489734007
"KRT20",0.0679526040231469,0.351564833301698,0.598110489734007
"IRAK2",0.0679508544485122,0.351577262599054,0.598110489734007
"MISP",0.0679403570007042,0.351651844181724,0.598182880220227
"ETFDH",0.0679071150826455,0.351888084770025,0.598363517603625
"RBM38",0.0679071150826455,0.351888084770025,0.598363517603625
"ABRACL",0.0679036159333762,0.351912957998518,0.598363517603625
"MSGN1",0.0678896193362988,0.352012461956177,0.598414776942797
"ZNF98",0.0678843706123949,0.352049780495743,0.598423746294575
"MED14OS",0.0678703740153175,0.35214930874881,0.598483983091525
"CPA2",0.0678546278436055,0.352261299153155,0.598619838306126
"RASIP1",0.0678493791197015,0.352298634257138,0.598628813882842
"GOLT1A",0.0678301337987202,0.352435550894924,0.598806982215575
"MIP",0.0678178867762775,0.352522697055648,0.59890056310482
"CBLN1",0.0677496533655255,0.353008473265097,0.599273997236776
"SPSB3",0.0677426550669868,0.353058320203184,0.599273997236776
"ZNF814",0.0677391559177175,0.353083245328208,0.599273997236776
"DBP",0.0677146618728322,0.353257752114214,0.599273997236776
"DCP1A",0.0677129122981975,0.353270218954519,0.599273997236776
"DLX1",0.0677094131489282,0.353295153463061,0.599273997236776
"NDNF",0.0677094131489282,0.353295153463061,0.599273997236776
"FLYWCH1",0.0677076635742935,0.353307621131296,0.599273997236776
"PLAC8L1",0.0677059139996588,0.353320089075505,0.599273997236776
"MRPL9",0.0676656737830615,0.353606927958746,0.599542713259877
"CASS4",0.0676586754845228,0.353656827883495,0.599572886488032
"DERL1",0.0676359310142721,0.353819033130357,0.599793434033089
"PLD6",0.0676236839918295,0.353906393732348,0.599841662513686
"MVB12A",0.0676219344171948,0.353918874922043,0.599841662513686
"CDH26",0.0676184352679255,0.353943838129194,0.599841662513686
"BIN3",0.0676131865440215,0.353981285009305,0.599850692208854
"B3GNT4",0.0675816942005975,0.354206018436891,0.600001637059185
"PLCD3",0.0674417282298241,0.355205915089013,0.601271247185934
"AKAP9",0.0674294812073814,0.35529349003712,0.601310486627391
"CCDC81",0.0673262563039361,0.356032158680862,0.601912084623985
"FDXACB1",0.0673210075800321,0.356069743748245,0.601912084623985
"NT5M",0.0673175084307628,0.356094801838463,0.601912084623985
"OR2W1",0.0673122597068588,0.356132391041713,0.601912084623985
"PDYN",0.0673122597068588,0.356132391041713,0.601912084623985
"SLC6A11",0.0672930143858774,0.356270239350485,0.602090579143033
"GDE1",0.0672440262961067,0.356621276487035,0.602520260509487
"TAS2R45",0.0672352784229334,0.356683984433853,0.60255651081377
"PRKG2",0.0672317792736641,0.356709069542266,0.60255651081377
"BECN1",0.0672230314004907,0.356771787137431,0.60255651081377
"SLAMF6",0.0672002869302401,0.356934885136713,0.602644248958267
"SIK2",0.0671950382063361,0.356972529752113,0.602644248958267
"DDX31",0.0671932886317014,0.35698507850853,0.602644248958267
"SPC25",0.0671827911838934,0.357060376835427,0.602716883385614
"CRABP1",0.0671775424599894,0.357098029719934,0.602725965029325
"U2SURP",0.0671687945868161,0.357160790040012,0.602777418650575
"KCNK18",0.0671512988404694,0.357286331351759,0.602792593820224
"EVA1C",0.0671495492658347,0.357298886998815,0.602792593820224
"RABAC1",0.0671495492658347,0.357298886998815,0.602792593820224
"OR13J1",0.0671285543702187,0.357449576260735,0.602937887124773
"RNF183",0.0671110586238721,0.357575180961281,0.603040823517508
"EFCAB8",0.0671005611760641,0.357650557009702,0.603046951784195
"MAGEB17",0.0670988116014294,0.357663120648963,0.603046951784195
"SLC2A2",0.0670970620267947,0.3576756845638,0.603046951784195
"PRRG4",0.0670865645789867,0.357751073839832,0.603074287867341
"OR13C5",0.0670813158550827,0.357788772198016,0.603074287867341
"POLA2",0.0670743175565441,0.357839040533473,0.603104586319207
"TOB2",0.0670620705341014,0.357927020729471,0.60319843341848
"FAAH",0.0670410756384854,0.358077875335061,0.603364959694841
"KLHDC7B",0.0670025849965227,0.358354545160638,0.603646566737627
"DCANP1",0.0669815901009067,0.358505512179131,0.603846405614849
"STK10",0.066932602011136,0.358857922828391,0.604143409428882
"CENPH",0.0669256037125974,0.358908284836874,0.604143409428882
"JCAD",0.0669186054140587,0.358958651252623,0.604149621218523
"MNT",0.0669133566901547,0.358996428956657,0.604149621218523
"ITGB3BP",0.06691160711552,0.35900902207556,0.604149621218523
"DNAJC6",0.066906358391616,0.359046803084932,0.604158761547363
"RABGGTA",0.0668888626452694,0.359172757686283,0.604298414705342
"CEP44",0.0668836139213654,0.359210549437592,0.604298414705342
"ZNF75D",0.0668713668989227,0.359298739830439,0.604298414705342
"CPNE2",0.0668713668989227,0.359298739830439,0.604298414705342
"SH2D4B",0.066869617324288,0.359311339559661,0.604298414705342
"GATA1",0.0668678677496534,0.359323939564298,0.604298414705342
"KRT27",0.0668573703018454,0.359399545375747,0.604359108847007
"CCDC157",0.066838124980864,0.359538181780295,0.60439365300138
"FMR1NB",0.0668311266823254,0.359588603280154,0.60439365300138
"GCM2",0.066827627533056,0.359613815682409,0.60439365300138
"GCNT1",0.0668241283837867,0.3596390291862,0.60439365300138
"ITGAL",0.0668136309359787,0.359714676306696,0.60439365300138
"GOLGA1",0.0668101317867093,0.359739894216534,0.60439365300138
"CCDC66",0.0668048830628054,0.359777723146576,0.60439365300138
"POLR3B",0.066801383913536,0.359802943810111,0.60439365300138
"FSTL1",0.0667943856149974,0.359853388441556,0.60439365300138
"ADGRA2",0.066764642846208,0.360067827276021,0.604569517414992
"PPFIBP2",0.0667471470998613,0.360194004938005,0.604727007930796
"CCDC142",0.0667349000774187,0.360282345683364,0.604820951728764
"SEC62",0.0667261522042453,0.3603454544753,0.604860536684826
"C6orf120",0.0667156547564373,0.36042119411086,0.604890925702231
"TNK1",0.0667086564578987,0.36047169270731,0.604921316650348
"C12orf40",0.066696409435456,0.360560075850015,0.60496091784879
"CES3",0.0666894111369173,0.360610586559373,0.604991314640931
"SLC38A8",0.0666736649652053,0.3607242517594,0.605115674353245
"C19orf38",0.066670165815936,0.360749513720766,0.605115674353245
"SLC28A2",0.0666614179427627,0.360812673441375,0.605152550226574
"ERI1",0.06664917092032,0.360901108611243,0.605152550226574
"USP39",0.0666369238978773,0.360989557268561,0.605192187751134
"LRRC18",0.0666246768754346,0.361078019412883,0.605241067815061
"CYP27B1",0.0666229273008,0.361090657963026,0.605241067815061
"BABAM1",0.0666194281515307,0.361115935889014,0.605241067815061
"PDRG1",0.0666106802783573,0.361179135520523,0.605292671839671
"MEFV",0.0666036819798186,0.361229700179798,0.605323093814078
"ADAL",0.0665774383602987,0.361419356870292,0.605532242658076
"ZNF569",0.0665564434646826,0.361571126805419,0.605677851306666
"SLC26A2",0.0665476955915093,0.361634375973883,0.605729471362174
"FPR2",0.066538947718336,0.361697632021809,0.605781093681222
"C22orf23",0.0665267006958933,0.361786202046088,0.605820775523424
"CENPP",0.0665144536734506,0.361874785553339,0.60584586237454
"TMED8",0.0665057058002773,0.36193806774172,0.60584586237454
"INSL6",0.0665039562256426,0.361950725004842,0.60584586237454
"RNF32",0.066502206651008,0.36196338254311,0.60584586237454
"KBTBD11",0.066502206651008,0.36196338254311,0.60584586237454
"RPUSD2",0.0664794621807573,0.362127955578231,0.606067004066586
"PPOX",0.0664637160090453,0.362241917994139,0.606203410435353
"OR2L8",0.0664269749417173,0.362507916957488,0.606539854604734
"KRTAP1-5",0.066397232172928,0.362723338305318,0.606682882517475
"CSN3",0.0663867347251199,0.362799388349033,0.606755742527674
"MEI1",0.0663727381280426,0.362900803810417,0.606844485721035
"ANKRD42",0.0663604911056,0.362989556779037,0.606844485721035
"ERICH1",0.0663569919563306,0.363014917245416,0.606844485721035
"SFSWAP",0.0663569919563306,0.363014917245416,0.606844485721035
"CTNNAL1",0.0663482440831573,0.363078323224423,0.606896157212863
"CGN",0.0663307483368106,0.363205155809258,0.60705382941594
"DYNC1LI1",0.0663237500382719,0.363255896543633,0.607084306384688
"SLC30A8",0.0663080038665599,0.363370079283787,0.607208870085371
"SNRNP27",0.0662642645006933,0.363687370431937,0.607587917540643
"OR1E3",0.0662432696050773,0.363839731225762,0.607788087689833
"TMEM214",0.0662380208811733,0.36387782761057,0.607797362351758
"POGLUT2",0.0662205251348266,0.364004833430864,0.607955130491399
"INHBB",0.0661855336421333,0.364258927548157,0.608270719857777
"FEM1B",0.0661750361943253,0.364335177225996,0.608310488795988
"PRSS8",0.0661610395972479,0.36443685885696,0.608404646108213
"UBD",0.0661522917240746,0.364500418809955,0.608456365900493
"SEC13",0.0661295472538239,0.364665706847447,0.60861153862544
"MIER2",0.0661260481045546,0.364691139899191,0.60861153862544
"SRSF9",0.0661050532089386,0.364843761296844,0.608799894342688
"CASP8",0.0660770600147839,0.365047318056405,0.608977737411998
"KATNA1",0.0660648129923412,0.365136396261488,0.608977737411998
"TAP2",0.0660595642684372,0.365174576757169,0.608977737411998
"XKR8",0.0660490668206292,0.36525094516806,0.608977737411998
"CA3",0.0660455676713599,0.365276403503362,0.608977737411998
"WFIKKN2",0.0660455676713599,0.365276403503362,0.608977737411998
"ZNF554",0.0660420685220906,0.365301862937814,0.608977737411998
"DNASE1L2",0.0660280719250132,0.365403711666896,0.609048108275774
"NUBP2",0.0660228232011092,0.365441909474102,0.609048108275774
"C10orf120",0.0660228232011092,0.365441909474102,0.609048108275774
"ADGRD1",0.0660105761786666,0.36553104730777,0.609087958558165
"LINGO4",0.0659860821337812,0.365709363364227,0.609330722650575
"TNFRSF8",0.0659685863874346,0.365836764944931,0.609476706276498
"ETV3L",0.0659650872381652,0.365862248557818,0.609476706276498
"RALB",0.0659493410664532,0.365976938414399,0.609547114914808
"AGK",0.0659458419171839,0.366002428071035,0.609547114914808
"TRIM7",0.0659178487230292,0.366206384880899,0.609619235804176
"PGLYRP4",0.0659125999991252,0.366244634611409,0.609619235804176
"TDRD1",0.0658986034020479,0.36634664597855,0.609619235804176
"CDK12",0.0658968538274132,0.366359398635463,0.609619235804176
"TNNI3",0.0658898555288745,0.366410412009763,0.609628583937135
"IL24",0.0658566136108159,0.366652785549446,0.609977500705635
"CCDC60",0.0658408674391039,0.366767628672624,0.61011420977019
"CTR9",0.0658251212673919,0.366882494040027,0.610196585509978
"UCK2",0.0658023767971412,0.367048449950354,0.610330778310626
"HOXB7",0.0657936289239679,0.367112291503271,0.610349484951814
"GPT2",0.0657201467893118,0.367648831541158,0.611002693501483
"CBX3",0.0656694091249065,0.36801958228652,0.611434366940934
"GSTCD",0.0656694091249065,0.36801958228652,0.611434366940934
"TRIM63",0.0656466646546558,0.368185855830667,0.611644299799392
"FAM243A",0.0656256697590398,0.36833938027079,0.611802407144903
"PDE6C",0.0656029252887892,0.368505743010507,0.61196987875371
"ADCK1",0.0655801808185385,0.36867215212712,0.61213736780993
"HDAC5",0.0655539371990185,0.36886422027008,0.612401829297183
"RUNX3",0.0655399406019411,0.368966681856039,0.612408616276519
"KIF18A",0.0655014499599785,0.369248541755668,0.612734349016586
"GINS1",0.0654997003853438,0.369261356724227,0.612734349016586
"TBC1D7",0.0654857037882665,0.36936388634848,0.612766732319371
"PLIN2",0.0654734567658238,0.369453614171442,0.612766732319371
"CUL2",0.0654682080419198,0.369492073067358,0.612766732319371
"DEFB4B",0.0654647088926505,0.36951771370282,0.612766732319371
"ZNF529",0.0654612097433811,0.369543355435483,0.612766732319371
"UPF3A",0.0654454635716691,0.369658756809991,0.612849262510732
"RTN4R",0.0653929763326291,0.370043588507812,0.613191331573798
"MTRES1",0.0653894771833598,0.370069252730385,0.613191331573798
"INAFM1",0.0653859780340905,0.370094918049895,0.613191331573798
"CDK5",0.0653737310116478,0.37018475530638,0.613212143731987
"TEKT3",0.0653632335638398,0.370261769363693,0.613212143731987
"HOXB9",0.0653492369667625,0.370364470129206,0.613212143731987
"TRIM39",0.0653474873921278,0.370377308958806,0.613212143731987
"KBTBD6",0.0653439882428584,0.370402987440594,0.613212143731987
"MIS18BP1",0.0653194941979731,0.370582767522154,0.613237973262782
"FAM120B",0.0653089967501651,0.370659832579124,0.613311157371111
"KIF21B",0.0652967497277224,0.37074975428665,0.61340559984563
"OTUD6B",0.0652582590857598,0.371032452819472,0.613818946661038
"TG",0.0652425129140478,0.371148140459632,0.613955949621265
"PPID",0.0652145197198931,0.371353862195464,0.614194444562496
"GPR34",0.0652110205706238,0.371379582345987,0.614194444562496
"OLFML1",0.0651917752496424,0.371521062769916,0.614246403000261
"MPLKIP",0.0651777786525651,0.371623978452208,0.614307790898694
"SHISA2",0.0651725299286611,0.37166257635486,0.614317220639292
"GPR45",0.0651480358837757,0.371842732510706,0.614548766558421
"ASB11",0.0651060460925437,0.372151696584987,0.614907996586854
"CAPS2",0.0650902999208317,0.372267598800086,0.615033237631341
"WDR93",0.0650868007715624,0.37229335786155,0.615033237631341
"SFT2D1",0.0650588075774077,0.372499469802812,0.615264888833228
"ADGB",0.0650483101295997,0.372576779860979,0.615338162423386
"EXOC6B",0.0650168177861757,0.3728087692024,0.615558003149502
"PEX5",0.0650168177861757,0.3728087692024,0.615558003149502
"PXDC1",0.0650115690622717,0.372847442720689,0.615567436373019
"ZC3HAV1L",0.0649870750173864,0.373027951731998,0.615799160900469
"CRAT",0.0649835758681171,0.373053743115651,0.615799160900469
"ZNF534",0.0649713288456744,0.373144021585184,0.615860607152705
"NOL3",0.0649590818232317,0.373234313473676,0.61590077378074
"DIMT1",0.0649573322485971,0.373247213410282,0.61590077378074
"HJURP",0.0649485843754237,0.373311717200928,0.615926729988748
"CORO1A",0.064925839905173,0.373479459094818,0.615957468920419
"HMX2",0.064920591181269,0.373518175334306,0.615966926493907
"AAGAB",0.0649030954349224,0.373647247263275,0.616070979949583
"SLC43A1",0.0648960971363837,0.373698883701152,0.616101725988941
"TRIM43",0.0648873492632104,0.373763435408677,0.616153757586058
"FLT3LG",0.0648751022407677,0.373853819297842,0.61624836091849
"COLQ",0.064852357770517,0.374021710681231,0.616361904939792
"RECQL5",0.064847109046613,0.374060461416645,0.616371376161748
"JAG2",0.0648383611734397,0.37412505145045,0.616423419575528
"CDH8",0.0648068688300157,0.374357632233197,0.616697815964293
"DAP3",0.064799870531477,0.374409328894825,0.616728578800472
"KRTAP6-3",0.0647928722329384,0.374461029935584,0.616747531751692
"ZNF416",0.064789373083669,0.374486882098104,0.616747531751692
"SLC39A10",0.0647823747851304,0.374538589707359,0.616778300094757
"OR2A5",0.0647718773373224,0.374616159331582,0.616851648005344
"CCDC82",0.0647543815909757,0.374745463931971,0.616974745755404
"NDC1",0.064747383292437,0.374797193434489,0.616974745755404
"RILPL2",0.0647456337178023,0.374810126494238,0.616974745755404
"RTL4",0.0647438841431677,0.37482305982763,0.616974745755404
"DGAT2",0.0647386354192637,0.374861861469655,0.616984235904405
"FOSB",0.064726388396821,0.374952408211616,0.617024511037108
"CA6",0.064726388396821,0.374952408211616,0.617024511037108
"LTC4S",0.0646861481802237,0.375250013333021,0.617459845727533
"CAVIN2",0.0646721515831463,0.375353562083718,0.617488318772664
"DNMT3L",0.064595170299221,0.375923393157889,0.618295490146785
"ZNF136",0.0645514309333543,0.376247396716234,0.618664939344285
"PER1",0.0645286864631036,0.376415946112132,0.618833117041389
"C19orf18",0.064521688164565,0.376467816761674,0.618863915662443
"SPATS2",0.0644866966718716,0.376727235629897,0.619235860994891
"COBL",0.0644709505001596,0.376844009799291,0.619280921960313
"QRICH2",0.0644622026269863,0.37690889390616,0.619280921960313
"KRTAP26-1",0.064453454753813,0.376973784847268,0.619280921960313
"DNAJB4",0.0644517051791783,0.376986763855579,0.619280921960313
"AHSG",0.064406216238677,0.377324314015713,0.619671903671954
"SYT17",0.064390470066965,0.377441201350454,0.619809362210594
"UXT",0.0643782230445223,0.377532129026708,0.619856838482862
"LAMC2",0.0643712247459836,0.377584093711194,0.619856838482862
"APOBEC1",0.0643659760220796,0.377623070093999,0.619856838482862
"LEP",0.064364226447445,0.377636062768152,0.619856838482862
"CNOT11",0.0643099896337703,0.37803897120141,0.620430460513202
"CD300H",0.0643082400591356,0.378051972619418,0.620430460513202
"OR51F1",0.0642924938874236,0.378168997676027,0.620567981776423
"ABHD6",0.0642610015439996,0.37840311417576,0.620843060734999
"RAB39B",0.0642452553722876,0.378520205616318,0.620947418827156
"ACOX2",0.0642435057976529,0.37853321714217,0.620947418827156
"ACTR1A",0.0642312587752103,0.378624305471277,0.620964064962308
"NUP93",0.0642277596259409,0.378650333166443,0.620964064962308
"ERCC6L",0.0642242604766716,0.378676361954151,0.620964064962308
"SUN1",0.0642067647303249,0.378806522280333,0.621032945365408
"C1orf185",0.0641980168571516,0.378871612685321,0.621032945365408
"XKR3",0.0641962672825169,0.378884631585642,0.621032945365408
"DNAAF2",0.0641630253644583,0.379132042579418,0.621383942712874
"LYZL6",0.0641297834463996,0.379379552151414,0.621647293898619
"LRRTM2",0.0641280338717649,0.37939258170146,0.621647293898619
"PKD2L1",0.0640982911029756,0.379614125824999,0.621894215684453
"C1RL",0.0640930423790716,0.379653230037162,0.621894215684453
"FUT8",0.0640790457819942,0.379757519948057,0.621894215684453
"MARCOL",0.0640772962073596,0.379770557415365,0.621894215684453
"SLF1",0.0640737970580902,0.379796633168927,0.621894215684453
"DENND2A",0.0640667987595516,0.379848787951778,0.621903740140914
"PYROXD2",0.0640440542893009,0.380018321158777,0.622048598311787
"DEFB106A",0.0640265585429542,0.38014876270722,0.622074943974221
"RANBP3",0.0640160610951462,0.380227040737033,0.622074943974221
"PLA2G10",0.0640125619458769,0.380253135597007,0.622074943974221
"H2AC14",0.0640125619458769,0.380253135597007,0.622074943974221
"GAR1",0.0639985653487996,0.380357525953375,0.622158072948648
"ZAP70",0.0639863183263569,0.380448881842521,0.6222316592776
"RGL1",0.0639635738561062,0.380618578254485,0.622312561641423
"ASB8",0.0639618242814716,0.380631633734738,0.622312561641423
"OR10H1",0.0639495772590289,0.380723029736562,0.622395714510982
"PLCB2",0.0639460781097596,0.380749145335616,0.622395714510982
"RNF113B",0.0639250832141436,0.380905861848511,0.622564261147785
"LXN",0.0639233336395089,0.38091892333132,0.622564261147785
"KLK8",0.0639145857663356,0.380984234837667,0.622616518185882
"SDF4",0.0638795942736422,0.381245549064084,0.622922755388932
"CD47",0.0638568498033915,0.381415461822753,0.622994154714163
"WDR27",0.0638568498033915,0.381415461822753,0.622994154714163
"ITGBL1",0.0638323557585062,0.381598496343762,0.623238611081426
"CDCA7",0.0638166095867942,0.381716189620527,0.623376316662554
"TFEC",0.0638078617136209,0.381781584319228,0.623381455450297
"STC1",0.0637938651165435,0.381886230017501,0.623381455450297
"CD200R1",0.0637868668180049,0.381938559411162,0.623396255412469
"MARK3",0.0637763693701969,0.382017061681977,0.623396255412469
"FCRLA",0.0637711206462929,0.382056316498422,0.623396255412469
"FRMPD1",0.0637676214970235,0.382082487739364,0.623396255412469
"TAF4",0.0637658719223889,0.382095573768823,0.623396255412469
"ERMAP",0.0637553744745809,0.382174095671297,0.623458142764412
"RADIL",0.0637203829818875,0.382435906231694,0.623788033605512
"AGPAT5",0.0637028872355409,0.382566852404002,0.623923591926063
"COL6A6",0.0636993880862715,0.382593044909593,0.623923591926063
"ADA",0.0636906402130982,0.382658530943782,0.623933187000705
"TLR5",0.0636766436160209,0.382763322772339,0.62401215966801
"BOD1L2",0.0636713948921168,0.382802624205355,0.62401215966801
"MAP1S",0.0636696453174822,0.382815725228141,0.62401215966801
"NCR1",0.0636626470189435,0.382868132044798,0.62401215966801
"UTP4",0.0636591478696742,0.38289433708841,0.62401215966801
"MAGEA12",0.0636573982950395,0.38290744001903,0.62401215966801
"KDM8",0.0636434016979622,0.383012273275283,0.624074089660546
"TRA2A",0.0636259059516155,0.383143339372755,0.624178733960709
"AMD1",0.0636049110559995,0.383300654660392,0.624271651385496
"TPBGL",0.0635786674364795,0.383497353947493,0.624428647107531
"ING4",0.0635629212647675,0.383615402945326,0.62454294925879
"RABIF",0.0635594221154982,0.383641639052824,0.62454294925879
"MGAT4B",0.0635436759437862,0.383759715021842,0.624638002244023
"TEX55",0.0635366776452475,0.383812200313223,0.624666902208417
"VKORC1",0.0635279297720742,0.38387781305665,0.624666902208417
"DNAL4",0.0635191818989008,0.383943432610078,0.624719249645044
"IGHG4",0.0635051853018235,0.384048438059767,0.624748174141436
"TMEM215",0.0634859399808421,0.384192849016094,0.624907302580088
"SLC6A16",0.0634631955105915,0.384363558996976,0.625085736495376
"EML5",0.0634614459359568,0.384376692440325,0.625085736495376
"PRICKLE1",0.0634579467866875,0.384402960144003,0.625085736495376
"SNX21",0.0634404510403408,0.384534315001485,0.625244895260991
"ZCCHC8",0.0634264544432635,0.384639418493463,0.625361345850432
"RER1",0.0634107082715515,0.384757680751976,0.625397898730875
"DNTTIP1",0.0634072091222821,0.384783964248902,0.625397898730875
"CCDC126",0.0634054595476475,0.384797106405767,0.625397898730875
"PPIG",0.0634054595476475,0.384797106405767,0.625397898730875
"SERPINB11",0.0633967116744741,0.384862821274039,0.625397898730875
"TMTC1",0.0633844646520315,0.384954833524312,0.625492993814168
"SHOC1",0.0633704680549541,0.385060006716269,0.625609455018098
"CT55",0.0633599706071461,0.385138898043818,0.625683199362068
"STYXL2",0.0633477235847035,0.385230950311719,0.625778309821838
"TRAF2",0.0633337269876261,0.385336169235663,0.625894790106561
"TM7SF2",0.0633092329427408,0.385520344268611,0.626016876704881
"TSC2",0.0633057337934715,0.385546659342268,0.626016876704881
"DHPS",0.0632987354949328,0.385599292755423,0.626016876704881
"RND3",0.0632969859202981,0.385612451789085,0.626016876704881
"CHRNB3",0.0632812397485861,0.38573089533833,0.626117669779284
"CPA5",0.0632742414500475,0.38578354399117,0.626117669779284
"HPF1",0.0632724918754128,0.385796706834685,0.626117669779284
"DNAAF10",0.0632689927261434,0.385823033338064,0.626117669779284
"RTCB",0.0632619944276048,0.385875689610171,0.626117669779284
"CXorf51B",0.0632619944276048,0.385875689610171,0.626117669779284
"ARHGAP36",0.0632514969797968,0.385954682181469,0.626137043469521
"BCDIN3D",0.0632165054871034,0.386218061494548,0.626486542316522
"DLX6",0.0632112567631994,0.386257577777784,0.626486542316522
"TAF5L",0.0631902618675834,0.386415667394593,0.626667159105715
"GPR161",0.0631517712256208,0.386705600093689,0.62701676901401
"THOC5",0.0631482720763514,0.386731964139665,0.62701676901401
"POU4F2",0.0631202788821968,0.386942915670916,0.627304330995661
"BAZ2B",0.0630992839865808,0.387101175006703,0.627451965320706
"WDFY4",0.0630992839865808,0.387101175006703,0.627451965320706
"TFB2M",0.0630660420685221,0.387351832368007,0.627683124581686
"ZNF836",0.0630625429192527,0.38737822306321,0.627683124581686
"RXFP3",0.0630625429192527,0.38737822306321,0.627683124581686
"POLE",0.0630537950460794,0.387444204559081,0.62773557424702
"CD2AP",0.0630432975982714,0.387523391325814,0.627809408084742
"BAIAP2L1",0.0630362992997327,0.387576187940822,0.627840479311544
"NLRP1",0.0630153044041167,0.387734603882927,0.62795508525214
"WDPCP",0.0630135548294821,0.387747806978351,0.62795508525214
"RABL3",0.0630065565309434,0.387800622078267,0.627986163004745
"OR4D1",0.0629715650382501,0.388064762811057,0.628347718349524
"AXL",0.0629680658889807,0.388091182863663,0.628347718349524
"LSMEM2",0.0629418222694607,0.388289367907942,0.628559611254981
"BCAT1",0.0629173282245754,0.388474395779509,0.628765549445147
"TUBGCP5",0.0629068307767674,0.388553709741838,0.628765549445147
"NT5E",0.0629015820528634,0.388593370390987,0.628765549445147
"RBM41",0.0628910846050554,0.388672699024978,0.628765549445147
"TMEM120A",0.062877088007978,0.388778485751092,0.628860817589416
"CCDC173",0.0628490948138234,0.388990111362127,0.629094156546509
"LPO",0.0628071050225914,0.389307680160008,0.629492777785186
"ERP27",0.0628018562986874,0.389347387259479,0.629492777785186
"KEAP1",0.0627896092762447,0.389440046663377,0.629492777785186
"SPINK14",0.0627843605523407,0.38947976190997,0.629492777785186
"USP38",0.0627808614030714,0.389506240098823,0.629492777785186
"KCNIP4",0.0627808614030714,0.389506240098823,0.629492777785186
"LRRC52",0.06276161608209,0.389651889553126,0.629661994099622
"IGFN1",0.0627581169328207,0.389678374802069,0.629661994099622
"HARS2",0.0627371220372047,0.389837309103368,0.629864312208193
"LRRFIP1",0.0627283741640314,0.389903543267937,0.629916831667127
"ZNF580",0.0627108784176847,0.390036031958667,0.630076371668546
"SPRR2E",0.062651392880106,0.390486696554787,0.630695281921405
"PRKAA2",0.0626338971337594,0.390619304677077,0.63076723335245
"ASB14",0.0626321475591247,0.390632566981925,0.63076723335245
"KYAT1",0.062598905641066,0.390884602333316,0.631010531003286
"LGALS13",0.0625691628722767,0.391110190677373,0.631211019796977
"CFAP57",0.0625429192527567,0.39130930432899,0.631477798984552
"MBOAT7",0.0625009294615247,0.391628013123053,0.631882917761221
"GPC6",0.0624641883941967,0.39190701147008,0.632223835727322
"C2orf76",0.0624274473268686,0.392186129405307,0.632506148696164
"TXLNB",0.0624134507297913,0.392292491499499,0.632506148696164
"XPR1",0.0624117011551567,0.392305787981305,0.632506148696164
"IL20RA",0.0624117011551567,0.392305787981305,0.632506148696164
"ICE2",0.062409951580522,0.392319084734224,0.632506148696164
"MMP8",0.0624012037073486,0.392385572565408,0.632558735712694
"TUFT1",0.0623382190205006,0.392864485004321,0.633112185860791
"MYSM1",0.0623294711473273,0.392931028402805,0.633164787441827
"SLK",0.062320723274154,0.392997578576555,0.633217390863234
"CDC14A",0.06231547455025,0.393037511932823,0.633227102558437
"S100A2",0.062304977102442,0.393117385962124,0.633246532709042
"MX1",0.0622962292292686,0.393183955105195,0.633263977144699
"CTNNBL1",0.062294479654634,0.393197269746727,0.633263977144699
"KRT9",0.06228923093073,0.393237215297121,0.633263977144699
"NABP2",0.0622647368858446,0.393423660109068,0.633454982061752
"C20orf27",0.0622612377365753,0.393450299417237,0.633454982061752
"PRELP",0.0622507402887673,0.393530223843916,0.633474440657557
"RRAGB",0.0622279958185166,0.393703426892269,0.633632307527442
"NFAM1",0.0622139992214393,0.39381003613825,0.63370637902102
"CCDC93",0.0621947539004579,0.393956652156971,0.633854530787082
"MS4A4E",0.0621807573033806,0.394063302573096,0.633895455543079
"MFSD8",0.0621282700643406,0.394463395995753,0.634320508318985
"ZNF644",0.0621055255940899,0.394636845493496,0.634466742917834
"ZNF480",0.0620792819745699,0.394837036382948,0.634648118726907
"CDKN2B",0.0620320434594339,0.395197533465829,0.635063597918415
"ENHO",0.0620197964369913,0.395291027880465,0.635159187532957
"PLAGL1",0.0620057998399139,0.395397894877504,0.635166960668524
"UPK1A",0.0620005511160099,0.395437974466475,0.635176710341092
"TPP1",0.0619515630262392,0.395812168062869,0.635504474788699
"PTH",0.0619358168545272,0.395932489623002,0.635631304193499
"PRAG1",0.0618745817423139,0.396400615085648,0.636285164360941
"FKBP15",0.0618640842945059,0.396480898431777,0.636359338184244
"SLC30A10",0.0618378406749859,0.396681649388274,0.636626835436573
"NRP1",0.0618203449286392,0.396815517158892,0.636775211096395
"TOP1",0.0618168457793699,0.396842293957536,0.636775211096395
"C5orf67",0.0618080979061965,0.396909240685517,0.636827919161745
"CXCL10",0.0617783551374072,0.397136910115343,0.636972332626907
"MDFIC2",0.0617696072642339,0.397203886580262,0.636972332626907
"SMIM11A",0.0617031234281165,0.397713128532744,0.637419550158
"BTAF1",0.0616908764056739,0.397806978824046,0.637419550158
"DUOX2",0.0616908764056739,0.397806978824046,0.637419550158
"PDE6G",0.0616838781071352,0.397860613506455,0.637419550158
"REL",0.0616768798085965,0.397914252511969,0.637419550158
"RNF38",0.0616698815100579,0.397967895840444,0.637419550158
"NUDT17",0.0616576344876152,0.39806178206696,0.637472289648649
"CEP43",0.0616418883159032,0.398182512381027,0.63759925534618
"HEY1",0.0616383891666339,0.398209344311301,0.63759925534618
"RPAP2",0.0616226429949219,0.398330101368938,0.63770283733715
"CCDC192",0.0616121455471139,0.398410618229271,0.63770283733715
"MYZAP",0.0616121455471139,0.398410618229271,0.63770283733715
"COQ6",0.0615946498007672,0.398544834604284,0.637818131859726
"TMEM128",0.0615736549051512,0.398705929904328,0.63794323838841
"CDCA8",0.0615684061812472,0.398746209805618,0.63794323838841
"FABP6",0.0615526600095352,0.398867064091561,0.637995999398252
"BCAS2",0.0615386634124578,0.39897450848508,0.638089849921878
"SLC15A1",0.0615351642631885,0.399001372283544,0.638089849921878
"LMNTD1",0.0615071710690338,0.399216321549598,0.63833596072434
"SERPINB5",0.0614984231958605,0.399283507368704,0.638388732438825
"SST",0.0614861761734178,0.399377578853318,0.638429826471331
"MRPL36",0.0614861761734178,0.399377578853318,0.638429826471331
"RDH5",0.0614739291509752,0.399471663564721,0.638459256385792
"KRTAP13-4",0.0614074453148578,0.39998263990049,0.639014181589526
"PREX2",0.0613960999340031,0.400069876275009,0.639098880276457
"ERC1",0.0613689546728951,0.400278646401295,0.639268342756164
"NCBP1",0.0613357127548365,0.400534393458862,0.639512723966633
"THUMPD1",0.0613164674338551,0.400682502051942,0.639694512593783
"RAB39A",0.0613112187099511,0.400722900968601,0.63970432502689
"POR",0.0612989716875085,0.400817174546894,0.639800132635708
"CCDC65",0.0612814759411618,0.400951874010293,0.639851080835361
"MAIP1",0.0612534827470071,0.401167449240219,0.640083855583605
"ZNF671",0.0612482340231031,0.401207877280381,0.640083855583605
"POLR1E",0.0612447348738338,0.40123483065524,0.640083855583605
"INCENP",0.0612307382767565,0.401342654938938,0.640168004277687
"USP8",0.0612167416796791,0.401450496476546,0.640209159951838
"GPN1",0.0612062442318711,0.401531388951901,0.64021716262282
"OR4M2",0.0612027450826018,0.401558355266851,0.64021716262282
"BCL9L",0.0612027450826018,0.401558355266851,0.64021716262282
"BCL2",0.0611974963586978,0.401598806760929,0.640227000859334
"C4orf36",0.0611922476347938,0.401639260680932,0.640236841283466
"NPBWR1",0.0611817501869858,0.401720175798457,0.640311172075786
"DESI2",0.0611345116718498,0.402084413893677,0.640782363160535
"PLA2G4D",0.0611275133733111,0.402138391800717,0.640813703521348
"MANBAL",0.0610977706045218,0.402367846000964,0.640927421141561
"RNASET2",0.0610960210298871,0.402381345731677,0.640927421141561
"DAPP1",0.0610960210298871,0.402381345731677,0.640927421141561
"OR10G6",0.0610960210298871,0.402381345731677,0.640927421141561
"PRR20G",0.0610697774103671,0.402583874020102,0.641195329285299
"HIC2",0.0610575303879244,0.402678407963572,0.641291203814077
"STT3A",0.0610400346415778,0.402813479349308,0.641396925597039
"PMFBP1",0.0609875474025377,0.403218855096086,0.641886236174288
"OTUD5",0.0609753003800951,0.403313477641855,0.641886236174288
"LARGE1",0.0609753003800951,0.403313477641855,0.641886236174288
"IQCJ",0.0609735508054604,0.403326996225384,0.641886236174288
"NLGN1",0.0609053173947084,0.403854430966467,0.642670871909487
"OR6B1",0.0608930703722657,0.403949142077123,0.642766820945076
"BATF2",0.0608790737751884,0.404057399494108,0.642817844726711
"ASIP",0.0608755746259191,0.404084466539494,0.642817844726711
"ALOX15B",0.0608685763273804,0.404138603859495,0.642849209239411
"DBT",0.0608370839839564,0.404382275077929,0.643127256182867
"RAB43",0.0608213378122444,0.404504143377658,0.643211526753609
"PGAM2",0.060760102700031,0.404978282789799,0.643855827818362
"SMIM43",0.0607356086551457,0.405168030807768,0.644102667974623
"GPR61",0.0607093650356257,0.405371390742847,0.644261432517523
"LRTOMT",0.0607006171624524,0.40543919083182,0.644302633958005
"ZFP3",0.0606883701400097,0.40553412224836,0.644355561265133
"LRRIQ1",0.060644630774143,0.405873270552151,0.6447612622376
"GP5",0.0606411316248737,0.405900409673998,0.6447612622376
"COQ8A",0.060628884602431,0.405995405066712,0.644814200614501
"SMAD9",0.060613138430719,0.406117561350548,0.644831982208233
"CCDC89",0.060613138430719,0.406117561350548,0.644831982208233
"PDZK1",0.0606096392814497,0.40614471014754,0.644831982208233
"FBXL3",0.0606043905575457,0.406185435358488,0.644841821723489
"CFHR3",0.060586894811199,0.406321203528173,0.644969266133488
"TEX13C",0.0605851452365644,0.406334781823014,0.644969266133488
"RHBDL1",0.0605361571467937,0.406715083159229,0.64551804989222
"PPP1R2B",0.0605169118258123,0.406864544878489,0.645700394302402
"SCRIB",0.0604749220345803,0.407190755980947,0.646053398921092
"DALRD3",0.0604679237360417,0.407245139536976,0.646084796635455
"SUSD6",0.060455676713599,0.407340321098176,0.646180908589954
"FOXL1",0.0604224347955403,0.407598737369024,0.64653592824052
"KCNMB2",0.0603856937282123,0.407884468105129,0.646843992834072
"SMARCAD1",0.0603839441535777,0.40789807728332,0.646843992834072
"PLD5",0.0603786954296737,0.407938906428307,0.646843992834072
"CROT",0.0603751962804043,0.407966127200286,0.646843992834072
"SSC5D",0.0603489526608843,0.408170317208655,0.647022618888136
"SMIM10",0.060340204787711,0.408238393962875,0.647022618888136
"FSTL5",0.0603384552130763,0.408252010118751,0.647022618888136
"CRELD2",0.0603384552130763,0.408252010118751,0.647022618888136
"MYH2",0.060319209892095,0.408401805543148,0.647205101427562
"ZDHHC15",0.060313961168191,0.408442664475365,0.647214933119117
"PRDM11",0.0602947158472096,0.408592501218925,0.647385681115993
"ITSN2",0.0602789696754976,0.408715119063042,0.647458356075212
"MCMDC2",0.0602737209515936,0.408755996506363,0.647458356075212
"RASSF1",0.060245727757439,0.408974050308744,0.647701817293413
"DEFB131A",0.060240479033535,0.40901494304078,0.647701817293413
"APOA4",0.060235230309631,0.40905583818657,0.647701817293413
"SMKR1",0.060229981585727,0.409096735746043,0.647701817293413
"TMIGD2",0.0602107362647456,0.409246714113399,0.647829431495324
"TMEM45A",0.060203737966207,0.409301259746241,0.647847249172798
"GALNT7",0.060193240518399,0.409383086239678,0.647847249172798
"FIS1",0.060193240518399,0.409383086239678,0.647847249172798
"KIAA1210",0.0601792439213216,0.409492203245849,0.64794343707697
"NMUR2",0.0601687464735136,0.409574052260947,0.647963151209271
"NDUFA6",0.0601687464735136,0.409574052260947,0.647963151209271
"CYP7B1",0.0601197583837429,0.409956141932832,0.648457771384567
"JAKMIP3",0.0601022626373963,0.410092653456063,0.648616877920383
"PSMB11",0.0600935147642229,0.410160919267494,0.648616877920383
"ZNF202",0.0600602728461643,0.410420390447095,0.648883967539518
"GALK1",0.0600585232715296,0.410434049504408,0.648883967539518
"TNFRSF17",0.0600427770998176,0.410556993076571,0.648913541189747
"POMT2",0.0600060360324896,0.410843945797535,0.649188665056937
"ZC3H14",0.0599955385846816,0.410925953985934,0.649188665056937
"MYH8",0.0599937890100469,0.41093962295476,0.649188665056937
"ZRANB2",0.0599727941144309,0.41110367147059,0.649392892530215
"EPS8L1",0.0599080598529482,0.411609730466396,0.649829151131946
"CITED1",0.0599063102783136,0.411623412823459,0.649829151131946
"RWDD3",0.0598905641066016,0.4117465660831,0.649878532599356
"HACD1",0.0598800666587936,0.411828680301637,0.649878532599356
"RNASE12",0.0598800666587936,0.411828680301637,0.649878532599356
"PXT1",0.0598573221885429,0.412006627496809,0.650104408172559
"STX5",0.0598485743153696,0.412075080769104,0.650157489942028
"HOGA1",0.0598310785690229,0.412212007384143,0.650318588436076
"ARL15",0.0598100836734069,0.412376354643035,0.650522915728805
"FAF2",0.0597680938821749,0.412705164738717,0.65091990581556
"PARP8",0.0597680938821749,0.412705164738717,0.65091990581556
"KHDC4",0.0597645947329056,0.412732572535225,0.65091990581556
"TRHR",0.0597401006880202,0.412924457067669,0.651167538646946
"MGST2",0.0597051091953269,0.413198668757963,0.651478183804407
"COL18A1",0.0597016100460575,0.41322609580997,0.651478183804407
"HHAT",0.0596893630236149,0.413322098914537,0.651519540794049
"USP37",0.0596701177026335,0.413472987405069,0.651700499418346
"ZNF627",0.0596613698294602,0.413541583776334,0.651700499418346
"SIGLEC6",0.0596421245084789,0.413692519317244,0.65182835491174
"SETDB2",0.0596071330157855,0.413967030432517,0.652150844399637
"GTPBP10",0.0595791398216309,0.414186716291329,0.652441895534485
"TGM5",0.0595686423738229,0.414269116124067,0.652516657901077
"TMEM81",0.0595441483289375,0.414461419804937,0.652764502974954
"TFPT",0.0595039081123402,0.414777460947038,0.653063610345216
"EVC",0.0594934106645322,0.414859929699819,0.65308144387818
"FOXI2",0.0594916610898975,0.414873675426695,0.65308144387818
"TMUB2",0.0594846627913588,0.414928661004795,0.65308144387818
"VWA5B1",0.0594829132167242,0.414942408066957,0.65308144387818
"LMX1A",0.0594269268284148,0.415382455043177,0.65360879015809
"ZNF84",0.0594164293806068,0.41546499428756,0.65362474136367
"ZNF566",0.0594146798059722,0.415478751762615,0.65362474136367
"NOP14",0.0594041823581642,0.415561302218646,0.65362474136367
"CDON",0.0593989336342602,0.415602581050202,0.65362474136367
"USPL1",0.0593831874625482,0.415726431958147,0.653676029008986
"TRIM10",0.0593814378879135,0.415740194504644,0.653676029008986
"GLIS1",0.0593376985220468,0.416084344899366,0.654138531338145
"DISP2",0.0593341993727775,0.416111884135704,0.654138531338145
"TLDC2",0.0593307002235081,0.416139424439307,0.654138531338145
"COL2A1",0.0592992078800841,0.416387335195045,0.654361119341399
"CEMIP",0.0592957087308148,0.41641488617009,0.654361119341399
"PGBD2",0.0592939591561801,0.416428662057748,0.654361119341399
"FNBP4",0.0592904600069108,0.416456214633319,0.654361119341399
"RBMXL1",0.0592799625591028,0.416538878761883,0.654420476645995
"FSIP2",0.0592712146859295,0.416607772870811,0.654420476645995
"ALG3",0.0592624668127561,0.416676673647663,0.654420476645995
"DPY19L2",0.0592589676634868,0.416704235825346,0.654420476645995
"SLC2A3",0.0592397223425055,0.416855846870891,0.654548494716727
"LNPK",0.0592012317005428,0.417159165758472,0.654639490774323
"HTR2B",0.0592012317005428,0.417159165758472,0.654639490774323
"IGSF10",0.0591907342527348,0.417241911487607,0.654714328595408
"MBOAT2",0.0591732385063881,0.41737984236302,0.654875740231182
"SNX15",0.0591574923346761,0.417504002941987,0.654958693890661
"TBL1Y",0.0591557427600415,0.417517799894592,0.654958693890661
"EIF2AK1",0.0591487444615028,0.41757299037032,0.654958693890661
"CYLD",0.0591067546702708,0.417904222770009,0.655287878931217
"SCAP",0.0590997563717321,0.417959443092507,0.655287878931217
"PFKL",0.0590945076478281,0.418000861132055,0.655287878931217
"PSMC3IP",0.0590910084985588,0.418028474490604,0.655287878931217
"FOXF2",0.0590192759385374,0.418594783166978,0.656065472509775
"LRRC70",0.0589912827443828,0.418815903125181,0.656301880077688
"MPHOSPH10",0.0589667886994974,0.419009439005689,0.656346073099486
"SRBD1",0.0589562912516894,0.419092398928753,0.656346073099486
"FAM110D",0.0589492929531508,0.419147710868434,0.656346073099486
"AUTS2",0.0589440442292468,0.419189197618328,0.656346073099486
"FAM111B",0.0589422946546121,0.41920302706735,0.656346073099486
"CCL1",0.0589422946546121,0.41920302706735,0.656346073099486
"PSG3",0.0589387955053428,0.419230686763963,0.656346073099486
"THAP8",0.0588898074155721,0.419618034303963,0.6567322893372
"EVPLL",0.0588705620945908,0.419770263634925,0.656750393201463
"SERTM1",0.0588373201765321,0.420033281035601,0.657106848435322
"SORCS2",0.0588285723033587,0.420102512103049,0.657156560952493
"CYP8B1",0.0588128261316467,0.420227144782586,0.657156560952493
"FASLG",0.0588128261316467,0.420227144782586,0.657156560952493
"RAI2",0.0587900816613961,0.420407207798755,0.657361437780437
"DPEP2",0.0587813337882227,0.42047647477275,0.657381331303935
"DENND10",0.0587725859150494,0.420545748394961,0.657412940238076
"ZNF629",0.0587533405940681,0.42069817376378,0.657417679436936
"ODAD3",0.0587533405940681,0.42069817376378,0.657417679436936
"PLCG2",0.0587480918701641,0.42073974990261,0.657417679436936
"MYOZ3",0.0587445927208947,0.420767468657872,0.657417679436936
"PSME3",0.0587410935716254,0.420795188476608,0.657417679436936
"PON2",0.0587235978252787,0.420933803521585,0.657545886528432
"OR4C45",0.0587218482506441,0.420947666488217,0.657545886528432
"CATSPER4",0.0587008533550281,0.421114042821789,0.657750762209562
"IFRD2",0.0586868567579507,0.421224981641527,0.657869021336106
"GNAI3",0.0586711105862387,0.421349808145321,0.657953931180771
"RDM1",0.0586466165413534,0.421544025491334,0.658055385005103
"ZNF649",0.0586448669667187,0.421557900151802,0.658055385005103
"CTDSP2",0.0586396182428147,0.42159952572742,0.658055385005103
"TRIM29",0.058632619944276,0.421655030214631,0.658055385005103
"IRS1",0.0586308703696414,0.421668907000651,0.658055385005103
"SYCE3",0.058627371220372,0.421696661369729,0.658055385005103
"SHE",0.05861162504866,0.421821569181167,0.658195306711293
"TNNI3K",0.058606376324756,0.421863209900099,0.658205288896762
"ZNF585A",0.05855913780962,0.422238083945402,0.658505193056672
"TMEM44",0.058543391637908,0.422363084984347,0.658505193056672
"RXYLT1",0.0585416420632734,0.422376975316391,0.658505193056672
"PBDC1",0.0585398924886387,0.422390865913968,0.658505193056672
"H2AW",0.0585258958915614,0.422502000253412,0.658505193056672
"SUMO2",0.0585206471676574,0.42254368001164,0.658505193056672
"CFAP70",0.058517148018388,0.422571467844619,0.658505193056672
"PLEKHJ1",0.0585084001452147,0.422640942073123,0.658505193056672
"OR5D18",0.0584944035481373,0.422752114643396,0.658601809566238
"DEFB127",0.0584769078017907,0.422891104246912,0.658730097344758
"RAPH1",0.058475158227156,0.422905004667148,0.658730097344758
"RNF150",0.0584401667344627,0.42318306880652,0.659096598953866
"GLI4",0.058422670988116,0.423322140682135,0.659159938250755
"RHOXF2",0.0583894290700573,0.423586450342812,0.659461532727772
"P2RY1",0.058338691405652,0.423990054977728,0.659915102111438
"GTPBP3",0.058328193957844,0.424073587232517,0.659915102111438
"PBX2",0.0583211956593053,0.424129280705905,0.659915102111438
"ZNF517",0.0583194460846707,0.424143204737166,0.659915102111438
"SEC23IP",0.0583141973607667,0.424184978421896,0.659915102111438
"ANKRD61",0.058312447786132,0.424198903513779,0.659915102111438
"OR52A1",0.0582984511890547,0.424310313793912,0.659915102111438
"GPAT4",0.0582984511890547,0.424310313793912,0.659915102111438
"SHCBP1L",0.0582879537412467,0.424393882639311,0.659915102111438
"PWWP2A",0.058286204166612,0.4244078117081,0.659915102111438
"ARFIP1",0.058286204166612,0.4244078117081,0.659915102111438
"IRAK4",0.0582774562934386,0.42447746102854,0.659968453394024
"ZUP1",0.058254711823188,0.424658580276121,0.660106856311812
"LPA",0.0582529622485533,0.424672514381368,0.660106856311812
"PRF1",0.0582424648007453,0.424756124578732,0.6601323156898
"IQCN",0.0582319673529373,0.424839744317146,0.6601323156898
"DCDC1",0.058228468203668,0.424867619683406,0.6601323156898
"PELP1",0.0582214699051293,0.424923373595967,0.6601323156898
"C2orf91",0.058212722031956,0.424993071948998,0.6601323156898
"TEX36",0.058212722031956,0.424993071948998,0.6601323156898
"ZBED8",0.0582109724573213,0.425007012414551,0.6601323156898
"DIAPH3",0.0581724818153586,0.425313769690259,0.660475711355223
"ASB9",0.0581689826660893,0.425341663073638,0.660475711355223
"MROH7",0.058154986069012,0.425453247203069,0.660546164963379
"VMO1",0.058133991173396,0.425620655182331,0.660546164963379
"DPEP2NB",0.0581322415987613,0.425634607568827,0.660546164963379
"FNDC7",0.058128742449492,0.425662513136339,0.660546164963379
"ABCB7",0.058128742449492,0.425662513136339,0.660546164963379
"SDHAF2",0.0581217441509533,0.425718327449359,0.660577889950501
"DNASE2B",0.05811299627778,0.425788101299129,0.660598040703031
"TOP3A",0.0580902518075293,0.425969544290132,0.660724965326482
"PARP10",0.05808675265826,0.425997462568139,0.660724965326482
"MIX23",0.0580850030836253,0.426011422104289,0.660724965326482
"SIGLEC12",0.0580832535089906,0.426025381905199,0.660724965326482
"B3GALNT2",0.0580482620162973,0.426304633518346,0.660993386101174
"EP300",0.0580272671206813,0.426472235309544,0.66119836183306
"UMOD",0.0580202688221426,0.42652811104267,0.661217043875982
"FAM117B",0.0580115209489693,0.426597961663644,0.661217043875982
"HMCN1",0.0580097713743346,0.426611932581751,0.661217043875982
"ALYREF",0.0580080217996999,0.426625903764489,0.661217043875982
"ZFAND4",0.0579485362621213,0.427101081410972,0.661788749392792
"IL1RAP",0.0579485362621213,0.427101081410972,0.661788749392792
"RHOD",0.0579222926426013,0.427310815827678,0.662003881907732
"NUDT5",0.0579222926426013,0.427310815827678,0.662003881907732
"TERT",0.0579082960455239,0.427422698515947,0.662122289107816
"CILK1",0.0578785532767346,0.427660505423134,0.662324362012815
"ARHGEF10L",0.0578768037020999,0.427674496444503,0.662324362012815
"SPRY1",0.0578733045528306,0.427702479280436,0.662324362012815
"FMOD",0.0578698054035613,0.427730463173943,0.662324362012815
"RABEP1",0.0578610575303879,0.427800427534435,0.662364716797183
"NEK1",0.0578488105079453,0.427898388742665,0.662364716797183
"GANC",0.0578348139108679,0.428010360270195,0.662483133466448
"MRPS7",0.0577998224181746,0.428290363096938,0.662795083525087
"RNF165",0.0577963232689052,0.428318369193846,0.662795083525087
"CLEC16A",0.0577753283732892,0.428486427972184,0.66300020951189
"NPHS2",0.0577350881566919,0.428808646975503,0.663388857762963
"DNAJB8",0.0577245907088839,0.428892727089486,0.663463975078542
"ZSCAN31",0.0576965975147292,0.429116987212347,0.663644473444459
"MTRF1",0.0576878496415559,0.429187082365719,0.663644473444459
"NDUFA12",0.0576791017683826,0.429257184120794,0.663696425321073
"SCLY",0.0576703538952092,0.429327292477183,0.663696425321073
"TREM2",0.0576616060220359,0.429397407434503,0.663749874296207
"FAM89A",0.0576441102756892,0.429537657150383,0.663800374094231
"ZNF630",0.0576388615517852,0.429579737213107,0.663800374094231
"CCL28",0.0576353624025159,0.429607791908169,0.663800374094231
"OR6C76",0.0576301136786119,0.429649875930569,0.663810480052888
"DUSP19",0.0575811255888412,0.430042774689643,0.66421793812286
"PAGE4",0.0575776264395719,0.430070846803898,0.66421793812286
"NRTN",0.0575723777156679,0.43011295695432,0.66421793812286
"HSF5",0.0575706281410332,0.430126994198858,0.66421793812286
"KIF23",0.0575181409019932,0.430548234216064,0.664733868627386
"CRY1",0.0575128921780892,0.430590371275633,0.664733868627386
"LRRTM3",0.0575111426034545,0.430604417489674,0.664733868627386
"SLPI",0.0575041443049159,0.430660604983354,0.664733868627386
"C1orf162",0.0575023947302812,0.430674652516137,0.664733868627386
"ST8SIA4",0.0574901477078385,0.430772992630121,0.664797455088863
"THBD",0.0574744015361265,0.43089944890699,0.664827802002163
"WAC",0.0574656536629532,0.430969711623388,0.664859601377697
"CEBPG",0.0574586553644145,0.431025926542639,0.664891402007956
"SOX15",0.0574429091927025,0.431152425534782,0.665031607143013
"CDHR5",0.0573939211029318,0.431546114505962,0.665419025306584
"TYW3",0.0573536808863345,0.431869656446879,0.665698060729771
"RFC1",0.0573431834385265,0.431954081615927,0.665773246534543
"RTP5",0.0573116910951025,0.432207414026133,0.665897645159933
"LIPT2",0.0573011936472945,0.432291877128278,0.665897645159933
"SCML4",0.0572994440726598,0.432305955233807,0.665897645159933
"DICER1",0.0572819483263132,0.432446750774118,0.665982973320477
"COQ2",0.0572452072589852,0.432742507122793,0.666295312703651
"WNT7A",0.0572434576843505,0.432756593654706,0.666295312703651
"RBM17",0.0572312106619078,0.432855206749534,0.666392205197782
"HOXD13",0.0572242123633691,0.432911562881002,0.666424031352257
"C13orf46",0.0572154644901958,0.432982013968148,0.666477548246035
"IQCK",0.0572049670423878,0.433066563958989,0.666552756592886
"XPO4",0.0571997183184838,0.43310884250768,0.666562895976385
"DDIAS",0.0571909704453105,0.433179312019307,0.666570249473853
"ATP1B1",0.0571839721467718,0.433235692365806,0.666570249473853
"GOLGA5",0.0571787234228678,0.433277980388912,0.666570249473853
"NPY2R",0.0571682259750598,0.433362563540201,0.666623773715246
"PEBP4",0.0571454815048091,0.433545859530923,0.666740980945284
"HMCES",0.0571227370345585,0.43372919998445,0.66691037045639
"SLC4A5",0.0571069908628465,0.433856154033299,0.66691037045639
"LRIT3",0.0571052412882118,0.433870261353884,0.66691037045639
"LYAR",0.0570754985194225,0.434110126043259,0.667047950008464
"USO1",0.0570650010716145,0.434194802314337,0.667079806517157
"NFE2L1",0.0570457557506331,0.434350066729596,0.667208574291984
"MRPS28",0.0570072651086705,0.43466069099237,0.667521015128155
"RPL10L",0.0570072651086705,0.43466069099237,0.667521015128155
"REC8",0.0569915189369584,0.434787801222498,0.667659979174397
"OR5M9",0.0569827710637851,0.434858427215537,0.667659979174397
"ART5",0.0569582770188998,0.435056214946417,0.667908743965416
"GPR88",0.0569477795710918,0.435140996882263,0.667929091622679
"CNGA3",0.0569372821232838,0.435225788276379,0.668004341046158
"RAB8A",0.0569145376530331,0.435409535407419,0.66817653929901
"TMEM158",0.0568568016900891,0.435876169781031,0.668617934031255
"RPL23A",0.0568323076452038,0.436074222268214,0.668756953118834
"DLG1",0.0568253093466651,0.436130818144061,0.668788829925156
"ORAI1",0.0568183110481264,0.436187418219941,0.668820707937243
"C8orf86",0.0567868187047024,0.436442170531214,0.669101459271133
"GCHFR",0.0567815699807984,0.436484637516826,0.669111638370207
"MPV17L",0.0567658238090864,0.436612052644008,0.669240504733515
"NRAS",0.0567535767866437,0.436711167992497,0.669294089399956
"ZNF598",0.0567238340178544,0.436951930216801,0.66960812740863
"HSPA1L",0.0567133365700464,0.437036923219867,0.669683424520367
"P2RX6",0.0567028391222384,0.43712192566546,0.669758723745028
"C1orf189",0.0566888425251611,0.437235276946735,0.669789261225698
"ADAMTS17",0.0566521014578331,0.437532903909757,0.670135251505894
"ATG4A",0.0566503518831984,0.437547079506472,0.670135251505894
"GPR75",0.0566346057114864,0.43767467167434,0.670207870959418
"INSL4",0.0565768697485424,0.438142691270753,0.670574273220073
"PMPCA",0.0565751201739077,0.438156878137961,0.670574273220073
"SFT2D3",0.056562873151465,0.438256193545111,0.670671310279292
"NOXA1",0.056547126979753,0.438383903647321,0.67075682324409
"EEA1",0.056505137188521,0.438724567656798,0.67116808859423
"C18orf25",0.0564858918675397,0.438880755746086,0.671352034918004
"TRMT44",0.0564718952704624,0.438994366985521,0.671470827012415
"ZADH2",0.056463147397289,0.439065382519925,0.671491185377961
"DMAP1",0.0564613978226544,0.439079586412276,0.671491185377961
"ALDH8A1",0.056447401225577,0.439193226976151,0.671554994842524
"DNAJB9",0.056447401225577,0.439193226976151,0.671554994842524
"ECT2",0.0564404029270384,0.439250053541122,0.671586901345395
"AMER1",0.0564019122850757,0.439562674510451,0.671921587178899
"MON1A",0.056389665262633,0.439662171383288,0.67194195685387
"DNAJC8",0.056384416538729,0.439704816825458,0.671952144589825
"OR52E5",0.0563704199416517,0.439818549517727,0.672070956536825
"ABHD3",0.0562986873816303,0.440401692347102,0.672796892128791
"SYCE1",0.0562916890830917,0.440458607869491,0.672828804234468
"ZNF841",0.0562706941874757,0.440629379538814,0.673034619470589
"NOA1",0.0562549480157637,0.440757482998083,0.673120185826495
"SYNE2",0.0562549480157637,0.440757482998083,0.673120185826495
"RBMXL3",0.0562409514186863,0.440871370516216,0.673160902032967
"CHRNA9",0.0562234556723397,0.441013753438943,0.67323629714122
"CIDEC",0.0561622205601263,0.441512299465623,0.673832124280459
"APOC2",0.056116731619625,0.441882855113317,0.674330965325425
"TOM1L1",0.0561132324703556,0.44191136670689,0.674330965325425
"SMG9",0.0561027350225476,0.441996907754953,0.67440639291107
"NPY",0.0560782409776623,0.442196540089763,0.674600766436563
"HAND2",0.056053746932777,0.442396223595381,0.674740046702111
"CCL21",0.0560449990596036,0.442467551532405,0.674793727945385
"PLAUR",0.0560362511864303,0.442538885994692,0.674824240061152
"SCGN",0.0560292528878916,0.442595958262425,0.674824240061152
"AREL1",0.0560030092683716,0.442810016454243,0.675024635095383
"CPT1B",0.0559890126712943,0.442924204829352,0.675024635095383
"SPACA5",0.0559820143727556,0.442981305278636,0.675024635095383
"CDC25A",0.0559820143727556,0.442981305278636,0.675024635095383
"IL12RB1",0.0559750160742169,0.443038409902113,0.675024635095383
"CALCB",0.0559750160742169,0.443038409902113,0.675024635095383
"DHRS12",0.0559732664995823,0.443052686710174,0.675024635095383
"PCYT2",0.0559680177756783,0.443095518699563,0.675034823985075
"CREB3L2",0.0559487724546969,0.443252589412802,0.675161243087613
"MAU2",0.0559365254322543,0.443352559935102,0.675161243087613
"TVP23A",0.0559347758576196,0.443366842481506,0.675161243087613
"SDK2",0.0559312767083503,0.443395408356692,0.675161243087613
"MCCC2",0.0559050330888303,0.443609685669058,0.675344091787801
"DNAJC1",0.0559032835141956,0.443623972909228,0.675344091787801
"C19orf47",0.0558927860663876,0.443709701825504,0.67535295585741
"ZNF132",0.0558910364917529,0.443723990890726,0.67535295585741
"DIS3L2",0.0558840381932143,0.44378114975866,0.675363164349147
"KPTN",0.0558735407454063,0.443866895881312,0.675427080383111
"LRRC31",0.0558700415961369,0.443895480007619,0.675427080383111
"RAMAC",0.0558507962751556,0.444052711339214,0.675556242829192
"NXPE4",0.0558455475512516,0.444095598084855,0.675559998404939
"CLK4",0.0558385492527129,0.444152784061011,0.675559998404939
"MICA",0.0558333005288089,0.444195676279483,0.675559998404939
"GIP",0.0558245526556356,0.444267168522095,0.675559998404939
"TEFM",0.0558193039317316,0.444310066994606,0.675559998404939
"FGF20",0.0558193039317316,0.444310066994606,0.675559998404939
"AICDA",0.0558070569092889,0.444410172550109,0.675559998404939
"VCPIP1",0.0558070569092889,0.444410172550109,0.675559998404939
"ARHGEF4",0.0558018081853849,0.444453078839232,0.675559998404939
"GCSH",0.0557948098868462,0.444510290872149,0.675591975287131
"AIFM1",0.0557790637151343,0.444639033186135,0.675732653900583
"TOMM20L",0.0557335747746329,0.445011073938686,0.676243028224483
"RAB44",0.0557090807297476,0.445211476489294,0.676382456268938
"CTSG",0.0557020824312089,0.445268743733791,0.67641443451865
"RGN",0.0556775883863236,0.44546921188997,0.676663928528433
"HEATR1",0.0555883600799556,0.446199920093103,0.67722305629084
"MYH4",0.0555761130575129,0.4463002661876,0.677253758676969
"TTLL2",0.0555726139082435,0.446328938841087,0.677253758676969
"ELOC",0.0555551181618969,0.44647231771234,0.677336965262705
"PLA2G4A",0.0555516190126276,0.446500996607157,0.677336965262705
"XPNPEP1",0.0555498694379929,0.446515336444613,0.677336965262705
"RHOU",0.0555428711394542,0.446572698394676,0.677336965262705
"PGAM5",0.0555411215648195,0.446587039532234,0.677336965262705
"GLRX2",0.0555393719901849,0.446601380929801,0.677336965262705
"SLIRP",0.0555026309228569,0.446902610334676,0.677628736754924
"PHLDB3",0.0554868847511449,0.447031743743768,0.677702989602044
"HILPDA",0.0554833856018755,0.447060442915891,0.677702989602044
"HOXA13",0.0554378966613742,0.44743362674424,0.678090816099016
"PUS3",0.0554343975121049,0.447462340467794,0.678090816099016
"CASQ1",0.0554308983628355,0.447491055230522,0.678090816099016
"MECP2",0.0554291487882009,0.447505413001569,0.678090816099016
"DARS2",0.0554116530418542,0.447649004999517,0.678198346886469
"SLC37A4",0.0553976564447769,0.447763897299874,0.678273870222439
"RCCD1",0.0553714128252569,0.44797936516317,0.678380168960298
"ABCD3",0.0553644145267182,0.448036833127845,0.678409743410977
"SBF2",0.0553504179296408,0.448151781520241,0.678409743410977
"LTBP2",0.0553469187803715,0.448180521214641,0.678409743410977
"IRX1",0.0553276734593902,0.448338608095615,0.678516091505207
"LAG3",0.0553224247354862,0.448381728150826,0.678516091505207
"TRPM7",0.0553206751608515,0.4483961020217,0.678516091505207
"AUNIP",0.0552996802652355,0.448568608717024,0.678688905202932
"PSG4",0.0552979306906008,0.44858298596193,0.678688905202932
"MYL5",0.0552769357949848,0.44875553314201,0.678726520330553
"CABYR",0.0552594400486382,0.448899351001028,0.678726520330553
"BANP",0.0552594400486382,0.448899351001028,0.678726520330553
"TBL3",0.0552576904740035,0.448913734213893,0.678726520330553
"GMCL2",0.0552559408993688,0.448928117686191,0.678726520330553
"RMDN3",0.0552524417500995,0.448956885409075,0.678726520330553
"LALBA",0.0552506921754648,0.448971269659652,0.678726520330553
"LMO2",0.0552139511081368,0.449273398842083,0.679073324439522
"THOC2",0.0552087023842328,0.44931656949101,0.67908361672041
"GNAI2",0.0551964553617902,0.449417310081662,0.679125955423992
"OR5T1",0.0551877074886168,0.449489275425719,0.679168299624215
"ETDC",0.0551842083393475,0.449518063378396,0.679168299624215
"DHX38",0.0551667125930008,0.449662018698162,0.679330841385445
"SLC5A6",0.0551527159959235,0.449777201619903,0.679394938325243
"ZNF48",0.0551352202495768,0.449921203601462,0.679557492799103
"MYT1",0.0551142253539608,0.450094040190996,0.679707450644932
"KRTAP5-5",0.0551142253539608,0.450094040190996,0.679707450644932
"ITGA2B",0.0551089766300568,0.450137255169236,0.679707450644932
"LEPROTL1",0.0551054774807875,0.450166066450373,0.679707450644932
"ABCB1",0.0550967296076141,0.450238099187756,0.679716615627304
"MSMB",0.0550914808837101,0.450281321939441,0.679716615627304
"HELT",0.0550827330105368,0.450353365040694,0.679758984172719
"CHPF",0.0550792338612675,0.450382184094733,0.679758984172719
"HTR1F",0.0550599885402861,0.450540707414387,0.679943293064331
"CIITA",0.0550477415178435,0.45064160220948,0.680006290927522
"IRX4",0.0550442423685741,0.450670431624854,0.680006290927522
"PSMB2",0.0550372440700355,0.450728093563493,0.680006290927522
"CHTF8",0.0549707602339181,0.451276088612905,0.68061311725225
"DHTKD1",0.0549392678904941,0.45153579568322,0.680839861148055
"IL22RA1",0.0549392678904941,0.45153579568322,0.680839861148055
"ABCA13",0.0549217721441474,0.451680113618825,0.68098653780799
"ODAD2",0.0549147738456088,0.451737848037952,0.68098653780799
"TMEM127",0.0549060259724354,0.451810021883123,0.68098653780799
"TRIP4",0.0548990276738968,0.451867765615984,0.68098653780799
"NOL12",0.0548937789499928,0.451911076131898,0.68098653780799
"GSDMC",0.0548920293753581,0.451925513487901,0.68098653780799
"OR2AG1",0.0548850310768194,0.45198326549864,0.68098653780799
"TMEM163",0.0548832815021848,0.451997704147989,0.68098653780799
"XPO5",0.0548780327782808,0.452041021647968,0.680996863781355
"NANOS2",0.0548552883080301,0.452228757712576,0.681114861212909
"SPPL3",0.0548377925616834,0.452373199809328,0.681277467917024
"SNRPF",0.0548010514943554,0.452676612370306,0.681558097015581
"HOATZ",0.0547800565987394,0.452850042158913,0.681720730885045
"ACOX3",0.0547678095762968,0.452951226722365,0.68181809545151
"URB2",0.0547555625538541,0.453052423948183,0.681915463383
"MRPS35",0.0547503138299501,0.45309579806374,0.681925789720237
"ZBED9",0.0547415659567767,0.453168093423863,0.681979638419345
"SLC7A6",0.0547153223372568,0.453385018256435,0.68219614896529
"CHAF1B",0.0547048248894487,0.453471804463373,0.682224961011239
"SBNO1",0.0547030753148141,0.453486269735207,0.682224961011239
"TLR9",0.0546908282923714,0.453587533869652,0.682224961011239
"MSN",0.0546838299938327,0.453645404770985,0.682224961011239
"SEL1L2",0.0546383410533314,0.454021666332012,0.682439327196511
"RERG",0.0546208453069847,0.454166428786135,0.682568810564282
"OR10W1",0.0546190957323501,0.454180906451185,0.682568810564282
"AFM",0.0545963512620994,0.454369139582683,0.682741817591616
"BAG3",0.0545963512620994,0.454369139582683,0.682741817591616
"GRAMD2A",0.0545806050903874,0.454499480375282,0.682827793056775
"SRPRA",0.0545666084933101,0.454615356402986,0.682946943064847
"CASP6",0.0545018742318274,0.455151497777336,0.683499242983334
"COA5",0.0545001246571927,0.455165992984778,0.683499242983334
"SAMD4A",0.0544686323137687,0.455426950807055,0.683747953155182
"TRAPPC13",0.054466882739134,0.455441450912961,0.683747953155182
"UBE2I",0.054451136567422,0.455571963465615,0.683755108220378
"LRRFIP2",0.0544441382688834,0.455629975746045,0.683755108220378
"NAP1L5",0.0544441382688834,0.455629975746045,0.683755108220378
"MAP3K8",0.0544388895449794,0.455673487662522,0.683755108220378
"RWDD4",0.05443539039571,0.45570249689543,0.683755108220378
"TDRD10",0.05443539039571,0.45570249689543,0.683755108220378
"TRPA1",0.0543916510298434,0.456065199273827,0.684189385624387
"EREG",0.054377654432766,0.45618129804291,0.684308588132481
"TIFA",0.05435665953715,0.456355477106122,0.684404953861233
"GBP4",0.054335664641534,0.456529693255052,0.684576996172581
"PTPRQ",0.05433041591763,0.456573253086164,0.684576996172581
"MIS12",0.0543286663429954,0.45658777354484,0.684576996172581
"ZNF544",0.054314669745918,0.456703946483182,0.684652665317058
"PPP1R18",0.05425168505907,0.457226928577489,0.685271657018953
"NOSTRIN",0.0542446867605313,0.457285058287342,0.68530378338745
"NFKBIA",0.054235938887358,0.45735772621383,0.68535769034498
"EAF2",0.0541817020736833,0.457808410901239,0.685646880442398
"ARHGAP22",0.054178202924414,0.45783749582021,0.685646880442398
"AKIRIN1",0.054178202924414,0.45783749582021,0.685646880442398
"MPV17",0.05417295420051,0.457881125127307,0.685646880442398
"ERV3-1",0.05417295420051,0.457881125127307,0.685646880442398
"RSC1A1",0.054162456752702,0.457968390684231,0.685722573913148
"CTXND2",0.054157208028798,0.458012026933851,0.685732933703432
"RITA1",0.0541292148346433,0.458244792676351,0.685971445016314
"NIBAN3",0.054115218237566,0.458361200225055,0.686090708936694
"ZNF326",0.0541064703643927,0.458433963296144,0.686111427000659
"NPPC",0.054104720789758,0.458448516681368,0.686111427000659
"PAWR",0.0540872250434113,0.458594064667602,0.686274258952896
"KLF1",0.0540592318492566,0.458826994890618,0.686533530924473
"ETS2",0.0540504839760833,0.458899799072968,0.686533530924473
"N4BP3",0.0540084941848513,0.459249348532148,0.686757522283038
"PDGFRL",0.0540032454609473,0.459293052615325,0.686757522283038
"PIGZ",0.0539962471624086,0.459351328321003,0.686757522283038
"SHISAL2B",0.0539962471624086,0.459351328321003,0.686757522283038
"VWA5B2",0.053994497587774,0.459365897889321,0.686757522283038
"GHR",0.0539909984385046,0.459395037796209,0.686757522283038
"KCNH5",0.053973502692158,0.459540752734676,0.686799026169808
"APOE",0.0539700035428886,0.45956989880296,0.686799026169808
"OR52N1",0.0539700035428886,0.45956989880296,0.686799026169808
"EPSTI1",0.05391051800531,0.460065539037767,0.687264758204234
"METTL26",0.053889523109694,0.460240541705604,0.687471195464597
"C14orf119",0.053879025661886,0.460328056892047,0.687524109126689
"TEX29",0.0538737769379819,0.460371817948034,0.687524109126689
"SIGLEC9",0.0538720273633473,0.460386405479673,0.687524109126689
"SLC25A25",0.0538352862960193,0.460692802885435,0.687750289799985
"CYP2J2",0.0538317871467499,0.460721989488521,0.687750289799985
"JCHAIN",0.0538195401243073,0.460824150675493,0.687770052539985
"ANKFN1",0.0538160409750379,0.460853341893405,0.687770052539985
"BRCC3",0.0538055435272299,0.460940921699605,0.687802225444377
"CCDC105",0.0537880477808833,0.461086908549624,0.68796509579554
"MED23",0.0537740511838059,0.461203716483117,0.688029443968263
"VPS37C",0.0537600545867286,0.461320540817546,0.688148755615694
"PNLIP",0.0537303118179393,0.461568846975346,0.688452759101207
"CALCOCO1",0.0537093169223233,0.461744166484503,0.688471539363625
"BPGM",0.0537075673476886,0.461758778108475,0.688471539363625
"MAST4",0.0537058177730539,0.461773389988564,0.688471539363625
"CAMLG",0.0537023186237846,0.461802614517077,0.688471539363625
"SLC6A12",0.0536918211759766,0.461890294249007,0.688480959393717
"KMT5A",0.0536865724520726,0.461934137572125,0.688480959393717
"SEPTIN14",0.0536848228774379,0.461948752525309,0.688480959393717
"TMEM249",0.0536708262803606,0.462065681368822,0.68860027651166
"SLC35G2",0.0536620784071873,0.462138770217269,0.688654246595206
"CD151",0.0536533305340139,0.462211865466091,0.688696839541988
"H1-5",0.0535780988247232,0.462840748742065,0.689425253111087
"HPS5",0.0535780988247232,0.462840748742065,0.689425253111087
"GYS2",0.0535501056305686,0.463074872588441,0.689663980898064
"ERCC8",0.0535448569066646,0.463118778099394,0.689674372042443
"CAST",0.0535273611603179,0.463265146425865,0.689782338726737
"SCPEP1",0.0535046166900672,0.463455463478746,0.689932896142668
"SRGAP2B",0.0534888705183552,0.463587246749445,0.689953694246017
"RPS3A",0.0534871209437206,0.463601890613261,0.689953694246017
"SDAD1",0.0534328841300459,0.46405597716051,0.690464422358961
"SFTPA1",0.0534206371076032,0.464158546818116,0.690562018670847
"DEFB1",0.0533891447641792,0.464422354844135,0.690899466231406
"MSH3",0.0533594019953899,0.464671582850736,0.691215171749928
"IRF8",0.0533506541222165,0.464744899249806,0.691269173175324
"RRP7A",0.0532929181592725,0.465228947541692,0.691658639093189
"FAM110C",0.0532754224129258,0.465375683712899,0.691708521958623
"CLEC4C",0.0532701736890219,0.465419709539708,0.691708521958623
"CRYZ",0.0532666745397525,0.465449061366569,0.691708521958623
"MS4A7",0.0532631753904832,0.465478414213919,0.691708521958623
"IREB2",0.0532596762412139,0.465507768081724,0.691708521958623
"ZMAT4",0.0532579266665792,0.465522445398287,0.691708521958623
"MAP3K7",0.0532509283680405,0.46558115721552,0.691708521958623
"UQCRFS1",0.0532491787934058,0.465595835807552,0.691708521958623
"ICAM4",0.0532124377260778,0.465904145158011,0.691978595120755
"AP4M1",0.0532054394275392,0.465962883499605,0.691978595120755
"BCOR",0.0531984411290005,0.466021625920909,0.692010804301415
"MAT2A",0.0531914428304618,0.466080372421668,0.692043014417798
"PERP",0.0531861941065578,0.466124434974224,0.692053418203244
"TMEM50B",0.0531651992109418,0.466300708127773,0.692105463402771
"RGS1",0.0531634496363072,0.466315399214114,0.692105463402771
"PROZ",0.0531599504870378,0.46634478215145,0.692105463402771
"CLEC4D",0.0531249589943445,0.466638667592588,0.692376559621766
"TRIM66",0.0531039640987285,0.466815047780411,0.692583240574114
"KCNT2",0.0530829692031125,0.466991464652093,0.692723515793581
"KLF8",0.0530672230314005,0.46712380137545,0.692821165381823
"PTGDR2",0.0530444785611498,0.467314990836541,0.693049691802052
"ASIC4",0.0530042383445525,0.467653354517623,0.693284688434681
"KIF9",0.0529954904713791,0.467726929657624,0.693284688434681
"XPOT",0.0529849930235711,0.46781522822404,0.693284688434681
"CEP112",0.0529832434489365,0.46782994554246,0.693284688434681
"CCDC181",0.0529814938743018,0.467844663115351,0.693284688434681
"ZNF880",0.0529639981279551,0.467991852839237,0.693392768236858
"OR5C1",0.0529482519562431,0.468124345344258,0.693534053121479
"CRYBB2",0.0529307562098965,0.468271583405583,0.693587127582098
"UCK1",0.0529307562098965,0.468271583405583,0.693587127582098
"DSC1",0.0529307562098965,0.468271583405583,0.693587127582098
"UNCX",0.0529150100381845,0.468404119407708,0.693728416658077
"ABHD5",0.0528992638664725,0.468536676009118,0.693869713832867
"IKBKG",0.0528940151425685,0.468580866120028,0.693880134447957
"EID3",0.0528572740752405,0.468890260964612,0.694118144719015
"STAM",0.0528572740752405,0.468890260964612,0.694118144719015
"BCL9",0.0528520253513365,0.468934469379406,0.694128568608211
"ZSCAN4",0.0528432774781631,0.469008155153989,0.694147529548011
"GPX7",0.0528292808810858,0.46912606560866,0.694147529548011
"MS4A6A",0.0528292808810858,0.46912606560866,0.694147529548011
"TMEM61",0.0528240321571818,0.469170286222132,0.694147529548011
"PRR23A",0.0528187834332778,0.469214509122507,0.694157966759501
"PRDM1",0.0527960389630271,0.469406168114543,0.694231075631094
"PRKAB1",0.0527907902391231,0.469450403209871,0.694231075631094
"CCR6",0.0527855415152191,0.469494640591404,0.694231075631094
"MERTK",0.0527837919405844,0.469509386893274,0.694231075631094
"PANK1",0.0527820423659498,0.469524133449151,0.694231075631094
"OTUD7B",0.0527820423659498,0.469524133449151,0.694231075631094
"SFRP5",0.0527715449181418,0.469612618118316,0.694273782621693
"DHX15",0.0527697953435071,0.469627366452123,0.694273782621693
"LBHD2",0.0527540491717951,0.469760112884703,0.694415060015412
"OR2C3",0.0527383030000831,0.469892879886159,0.694477797892533
"CD320",0.0527348038508138,0.469922386457264,0.694477797892533
"BUB1",0.0527260559776404,0.469996157328058,0.694477797892533
"CYP2C9",0.0527260559776404,0.469996157328058,0.694477797892533
"GAREM1",0.0527225568283711,0.470025667453502,0.694477797892533
"ZNF285",0.0526998123581204,0.470217508019059,0.694651335213095
"CNEP1R1",0.0526245806488297,0.47085236311924,0.695466885379714
"RPS6KA6",0.0526193319249257,0.470896672839969,0.695466885379714
"YJEFN3",0.0526140832010217,0.47094098484328,0.695466885379714
"C9orf78",0.0526123336263871,0.470955756018271,0.695466885379714
"ENTPD5",0.0526053353278484,0.471014843254233,0.695499147107531
"REG4",0.0525983370293097,0.471073934547589,0.695531409724941
"BPHL",0.0525790917083284,0.471236456523104,0.695716368539565
"ZMYND19",0.0525685942605204,0.471325117803523,0.695779984716037
"INPP5K",0.0525633455366164,0.471369451866044,0.695779984716037
"OR51M1",0.0525598463873471,0.471399009175172,0.695779984716037
"TSPO",0.0525563472380777,0.471428567498218,0.695779984716037
"NOP16",0.0525336027678271,0.471620721310011,0.695941328726613
"PORCN",0.0525283540439231,0.471665070579703,0.695941328726613
"EXOC1L",0.0525213557453844,0.471724206486946,0.695941328726613
"CARD9",0.0525108582975764,0.471812917949387,0.696017223982839
"CIAO2A",0.0524723676556137,0.472138271340898,0.696265839715865
"OR5K3",0.0524688685063444,0.472167855001148,0.696265839715865
"RGCC",0.0524583710585364,0.472256612060104,0.696296363125028
"NAA60",0.0524513727599977,0.472315788497581,0.696296363125028
"STAT6",0.0524461240360937,0.472360173484541,0.696296363125028
"TH",0.052439125737555,0.472419357012075,0.696306835416109
"RPS8",0.0524286282897471,0.472508139899097,0.696382735223764
"AMIGO3",0.0524216299912084,0.472567333553871,0.696415017868862
"ANXA10",0.052402384670227,0.47273013698872,0.696490062985274
"IL12B",0.052402384670227,0.47273013698872,0.696490062985274
"INVS",0.052386638498515,0.47286336257884,0.696553794481004
"ZC3H4",0.052381389774611,0.472907775664263,0.696553794481004
"RSPO2",0.0523796401999764,0.472922580532187,0.696553794481004
"P2RY14",0.0523638940282644,0.473055835730339,0.696683794256792
"KRTAP1-3",0.0523376504087444,0.473277973268307,0.696857413178721
"TEAD3",0.052302658916051,0.47357424518284,0.696985761334955
"PLEKHS1",0.052302658916051,0.47357424518284,0.696985761334955
"URB1",0.0522799144458004,0.473766876169519,0.697070547127746
"ELANE",0.0522746657218964,0.473811335541991,0.697070547127746
"TIGIT",0.0522571699755497,0.473959549881641,0.697091554070682
"SCTR",0.0522484221023764,0.47403366653018,0.697145661557417
"EFCAB7",0.0522326759306644,0.474167092419675,0.697286977797626
"ZNF45",0.052223928057491,0.474241226758532,0.697341087390153
"GMFB",0.0522151801843177,0.47431536741436,0.697362099202116
"FBXO8",0.052213430609683,0.474330196303517,0.697362099202116
"RRAGA",0.0522011835872403,0.474434005601677,0.69740337726933
"PDCD1LG2",0.0521959348633363,0.474478499090335,0.69740337726933
"SPINT1",0.052192435714067,0.474508162679172,0.69740337726933
"FFAR2",0.052187186990163,0.47455265995694,0.69740337726933
"C12orf54",0.0521836878408937,0.474582326071745,0.69740337726933
"NAPRT",0.052160943370643,0.474775180443224,0.697532648141579
"LY6D",0.0521574442213737,0.474804854134669,0.697532648141579
"GPR35",0.0521416980496617,0.474938398245367,0.697652157120534
"LRRIQ4",0.0521329501764883,0.475012598255003,0.697706274873018
"CMTR2",0.0521154544301417,0.475161017208226,0.697869389539228
"MAGEB5",0.0521067065569683,0.475235236150756,0.697923509503148
"CTTN",0.0520752142135443,0.47550247658611,0.698206168151757
"KDM6B",0.0520699654896403,0.47554702460742,0.698216684871713
"PDCL",0.0520647167657363,0.475591574899497,0.698227203271992
"TMEM92",0.052050720168659,0.475710386779026,0.698313650162633
"CD79A",0.0520489705940243,0.475725239399185,0.698313650162633
"C16orf92",0.0520332244223123,0.475858924331654,0.698400099867817
"C17orf113",0.0519859859071763,0.476260101694805,0.698769240258636
"CHRNA7",0.0519789876086376,0.476319551010681,0.698801565960368
"CHAC2",0.051961491862291,0.476468191945841,0.698909829781694
"KRT24",0.051961491862291,0.476468191945841,0.698909829781694
"IFI35",0.0519212516456936,0.47681016174042,0.699167737563546
"PRAMEF1",0.0519072550486163,0.476929138999874,0.699167737563546
"FAM180B",0.0518967576008083,0.477018382524882,0.699167737563546
"NBPF26",0.0518547678095763,0.477375447294724,0.699350512805321
"ETV6",0.0518547678095763,0.477375447294724,0.699350512805321
"ADAM19",0.051851268660307,0.4774052092394,0.699350512805321
"CDK2AP2",0.0518110284437096,0.477747543979876,0.699687353463626
"GALNT12",0.0518005309959016,0.477836870592748,0.699706331891093
"LRTM1",0.0517952822719976,0.477881537296527,0.699706331891093
"TARS1",0.0517917831227283,0.477911316357243,0.699706331891093
"NSUN5",0.0517812856749203,0.478000659578355,0.699706331891093
"SLC25A3",0.0517760369510163,0.478045334585616,0.699706331891093
"NTAN1",0.0517742873763816,0.47806022675789,0.699706331891093
"C16orf86",0.0517620403539389,0.478164479007983,0.69980407569572
"ZNF497",0.0516693128983016,0.478954217342408,0.700850032365965
"ITPR2",0.0516570658758589,0.47905857519818,0.700892906416075
"DRAM2",0.0516360709802429,0.479237503026606,0.701044850514992
"CREB3L1",0.0516360709802429,0.479237503026606,0.701044850514992
"MMP17",0.0516203248085309,0.479371722641055,0.701174985110805
"MSLN",0.0516168256592616,0.479401551985429,0.701174985110805
"ACBD4",0.0515940811890109,0.479595467214128,0.701348754654378
"WDFY2",0.0515678375694909,0.479819268294105,0.701621097295703
"BTBD11",0.0515345956514322,0.480102830757996,0.701980777204755
"GPR171",0.0515188494797202,0.480237181446938,0.702122248371928
"OR51L1",0.0515083520319122,0.480326759866075,0.702198244012432
"ORM1",0.0514996041587389,0.480401415449277,0.702252413504281
"LYPD6",0.0514681118153149,0.480670227482698,0.702480410710296
"SEC14L6",0.0514313707479869,0.480983944234309,0.702718934719545
"ADRA1A",0.0514086262777362,0.481178205257942,0.702913022246999
"LCN15",0.0514033775538322,0.481223040741614,0.702913022246999
"HES5",0.0513981288299282,0.481267878481291,0.702913022246999
"CCND3",0.0513946296806589,0.481297771561021,0.702913022246999
"ERI2",0.0513893809567549,0.481342613060445,0.702913022246999
"PHGR1",0.0513683860611389,0.481522001613867,0.703120007985972
"IFI44",0.0513526398894269,0.481656566709135,0.703206538450578
"CCDC163",0.0513281458445415,0.481865930526478,0.703402229053658
"GALE",0.0513211475460029,0.481925757777773,0.703411960681779
"BEND7",0.0513158988220989,0.481970630846103,0.703411960681779
"CCDC22",0.0513141492474642,0.481985589036449,0.703411960681779
"UPK1B",0.0512634115830589,0.482419485481699,0.703880180535642
"SUPT6H",0.0512441662620775,0.482584121967364,0.703965141312119
"C19orf67",0.0512424166874429,0.482599090422302,0.703965141312119
"LRRC34",0.0512389175381735,0.482629028082963,0.703965141312119
"C18orf21",0.0512319192396349,0.482688906407307,0.703965141312119
"IL1RL2",0.0512196722171922,0.482793703108865,0.704041164930207
"ARSF",0.0512056756201149,0.482913485780071,0.704127715988779
"ATG2B",0.0511846807244989,0.483093189806681,0.704202201357701
"MAGED4",0.0511811815752295,0.48312314397964,0.704202201357701
"BIRC7",0.0511759328513255,0.483168077114885,0.704202201357701
"HNRNPCL4",0.0511461900825362,0.483422740727386,0.704518385159943
"CDK17",0.0511129481644775,0.483707450270936,0.704768321209238
"POLR3E",0.0511059498659388,0.483767400620308,0.704800684451585
"SCP2D1",0.0510989515674002,0.48382735496838,0.704833048470317
"CEP162",0.0510902036942268,0.48390230352621,0.704875175579273
"NEMP1",0.0510797062464188,0.483992250041559,0.704875175579273
"ME2",0.0510779566717842,0.484007242001959,0.704875175579273
"CCL25",0.0510674592239762,0.484097199011009,0.704895497969561
"ASGR2",0.0510604609254375,0.484157175346858,0.704895497969561
"RBM12",0.0510587113508028,0.48417217005534,0.704895497969561
"LPAR4",0.0510482139029948,0.484262143551852,0.704970790177935
"SIGLEC7",0.0510289685820135,0.48442711831514,0.70501371361263
"SERPINB8",0.0510272190073788,0.484442117519323,0.70501371361263
"EHD4",0.0510079736863975,0.484607125245801,0.705077746977252
"TSR2",0.0509764813429735,0.484877203050269,0.705338960135562
"ADCY9",0.0509747317683388,0.484892209744082,0.705338960135562
"CYP26C1",0.0508890026112401,0.485627843395367,0.706244012089385
"PSCA",0.0508837538873361,0.485672901646265,0.706254544198836
"STK32B",0.0508540111185468,0.48592827412112,0.706482721359643
"WDR75",0.0508417640961041,0.486033448433615,0.70653616667592
"VPS37D",0.0508365153722001,0.486078526877739,0.70653616667592
"CD27",0.0508347657975655,0.48609355352425,0.70653616667592
"MPZL3",0.0508242683497575,0.486183718636933,0.706557242958786
"ACOXL",0.0508032734541414,0.486364075774969,0.706739507786349
"EIF4E2",0.0507892768570641,0.486484333799191,0.706739507786349
"NATD1",0.0507787794092561,0.486574537780125,0.706739507786349
"ABCA12",0.0507752802599868,0.486604607766486,0.706739507786349
"GLI2",0.0507700315360828,0.486649714614074,0.706739507786349
"AP3M1",0.0507525357897361,0.486800086960985,0.70685851053095
"PTCD3",0.0507490366404668,0.486830164418704,0.70685851053095
"PIK3C2A",0.0507472870658321,0.486845203521075,0.70685851053095
"PPRC1",0.0507420383419281,0.486890322322187,0.70686906558529
"FKBP14",0.0507262921702161,0.487025692170439,0.706954967911697
"HECTD1",0.0507245425955814,0.487040734509491,0.706954967911697
"SZT2",0.0507175442970428,0.487100906355093,0.706954967911697
"C1orf167",0.0506913006775228,0.487326586245667,0.707128217040681
"PKHD1L1",0.0506878015282534,0.487356681128664,0.707128217040681
"TRAK2",0.0506703057819068,0.487507170473866,0.707246547967049
"RAD9B",0.0506598083340988,0.487597476023861,0.707246547967049
"MANBA",0.0506580587594641,0.487612527819605,0.707246547967049
"SMIM21",0.0506580587594641,0.487612527819605,0.707246547967049
"ASIC1",0.0506545596101948,0.487642632157404,0.707246547967049
"HPSE2",0.0506300655653094,0.487853390381446,0.707497275878544
"LIPH",0.0505758287516348,0.488320242756256,0.708031223039286
"PROB1",0.0505740791770001,0.488335306487955,0.708031223039286
"RSAD1",0.0505618321545574,0.488440759569118,0.708074177265609
"DNAH9",0.0505460859828454,0.488576359995464,0.708171375187348
"ZDHHC7",0.0505443364082108,0.488591427951973,0.708171375187348
"CPB2",0.0505145936394214,0.488847621225939,0.708365790805897
"NOCT",0.0505040961916134,0.488938059522206,0.708365790805897
"GABRP",0.0504988474677094,0.488983282023432,0.708365790805897
"GNL1",0.0504813517213627,0.489134039836827,0.7084742770275
"PITHD1",0.0504603568257467,0.489314981989868,0.708626442590165
"TRAF4",0.0504411115047654,0.489480877035065,0.70869056116436
"BAG1",0.0504376123554961,0.489511042997443,0.70869056116436
"CCDC185",0.0504061200120721,0.489782581330325,0.70892870445684
"HIRIP3",0.0504043704374374,0.489797669150621,0.70892870445684
"TMEM266",0.0504008712881681,0.489827845535544,0.70892870445684
"TPCN2",0.0503921234149947,0.489903290839579,0.70892870445684
"TAFA1",0.0503658797954747,0.490129663961447,0.709090781805657
"METTL21A",0.0503606310715707,0.490174945282629,0.709090781805657
"LTA",0.0503571319223014,0.490205134070081,0.709090781805657
"NENF",0.0503413857505894,0.490340995888528,0.7091992868224
"CD209",0.0503396361759547,0.490356092885931,0.7091992868224
"BCHE",0.050316891705704,0.490552376413303,0.709428231523529
"C16orf87",0.05028539936228,0.49082422276231,0.709766409934875
"MND1",0.0502679036159334,0.490975283205532,0.709929884573128
"CD86",0.05025915574276,0.49105082271822,0.709984142222302
"USP28",0.0502364112725094,0.491247254434341,0.710070114776112
"CXCL5",0.0502346616978747,0.491262366300179,0.710070114776112
"POLL",0.0502259138247014,0.491337929344283,0.710124374588595
"ZNF844",0.0502101676529894,0.49147395842484,0.710211052889378
"LHX1",0.050190922332008,0.491640243425878,0.710275208054133
"MUC6",0.0501874231827387,0.491670480280779,0.710275208054133
"ALKBH3",0.0501804248842,0.491730956961052,0.710307630304324
"TMEM255A",0.0501716770110267,0.491806558380644,0.710350637191143
"EFCAB12",0.0501681778617574,0.491836800681017,0.710350637191143
"UBL7",0.0501471829661414,0.49201827527124,0.710524686767098
"SPANXC",0.0501296872197947,0.492169531314712,0.710611377412722
"SLC7A14",0.0501051931749094,0.492381331335985,0.710859559565189
"PSMB4",0.0500894470031973,0.492517514091425,0.710859559565189
"ACAT2",0.050080699130024,0.4925931798329,0.710859559565189
"OR2H1",0.0500789495553893,0.492608313722993,0.710859559565189
"TMEM267",0.0500789495553893,0.492608313722993,0.710859559565189
"MAMDC4",0.0500771999807547,0.492623447860341,0.710859559565189
"TEX46",0.050070201682216,0.492683986882191,0.710859559565189
"TSPAN5",0.0500614538090427,0.492759666222187,0.710890718546437
"PRPF8",0.0500474572119653,0.49288076602079,0.710890718546437
"GPR107",0.0500457076373307,0.492895904607936,0.710890718546437
"DAPK3",0.0500352101895227,0.492986741321153,0.710911928107008
"PIGA",0.050017714443176,0.493138155613802,0.711075370154676
"AKR1C2",0.049975724651944,0.493501650721001,0.711434722413386
"PPIAL4A",0.049959978480232,0.493637998066283,0.711576354730311
"EIF4EBP1",0.0499512306070587,0.49371375523451,0.711597551687682
"ZSCAN12",0.049949481032424,0.49372890740892,0.711597551687682
"ZFP36L2",0.049928486136808,0.493910752759532,0.711747295909773
"OPA3",0.0499197382636346,0.493986532147405,0.711747295909773
"GPER1",0.0499162391143653,0.494016845630405,0.711747295909773
"TAAR2",0.0499057416665573,0.49410779200298,0.711747295909773
"PTPN12",0.0499039920919226,0.494122950595548,0.711747295909773
"FCGR2B",0.0499004929426533,0.494153268521048,0.711747295909773
"MED18",0.0498987433680186,0.494168427853969,0.711747295909773
"ZNF786",0.0498952442187493,0.494198747260133,0.711747295909773
"FNDC1",0.0498934946441146,0.494213907333366,0.711747295909773
"SMYD4",0.04986550144996,0.494456502061414,0.711974445539027
"RAB36",0.0498532544275173,0.4945626571143,0.711974445539027
"SEC14L2",0.0498532544275173,0.4945626571143,0.711974445539027
"SMARCD1",0.0498515048528826,0.494577823108507,0.711974445539027
"CYB561D2",0.049849755278248,0.494592989349361,0.711974445539027
"EARS2",0.0498480057036133,0.49460815583686,0.711974445539027
"KLRB1",0.049844506554344,0.494638489551771,0.711974445539027
"RANBP17",0.0498375082558053,0.494699159941113,0.712006898201313
"KLK7",0.0498322595319013,0.494744665322554,0.712017520965093
"LYSMD4",0.0497727739943226,0.495260548057911,0.712496061393545
"RALGAPA2",0.0497692748450533,0.495290902974716,0.712496061393545
"SOCS4",0.0497535286733413,0.495427512297979,0.712615260923799
"HRK",0.0497447808001679,0.495503414990172,0.712615260923799
"IL18BP",0.0497377825016293,0.495564141578471,0.712647717572921
"EML1",0.0496887944118586,0.495989338041413,0.713071425067581
"SF3B5",0.0496782969640506,0.496080476686249,0.713071425067581
"C11orf80",0.0496765473894159,0.496095667322056,0.713071425067581
"SMAD2",0.0496765473894159,0.496095667322056,0.713071425067581
"BBOF1",0.0496730482401466,0.496126049332199,0.713071425067581
"FAM241A",0.0496660499416079,0.496186816306471,0.713103884674078
"OR4K17",0.0496503037698959,0.49632355639788,0.713190639323444
"NAT10",0.0496433054713573,0.49638433617083,0.713200135211484
"INTS8",0.0496345575981839,0.496460316423969,0.713200135211484
"CFAP77",0.0496310584489146,0.49649071024771,0.713200135211484
"MBD4",0.0496293088742799,0.496505907528665,0.713200135211484
"THSD1",0.0496275592996453,0.496521105055671,0.713200135211484
"SENP3",0.0496170618518373,0.496612295384499,0.713210223418111
"SLC17A3",0.0496135627025679,0.496642694128964,0.713210223418111
"C20orf85",0.0495698233367013,0.497022761450137,0.713591412426411
"ARMH3",0.0495628250381626,0.497083586485028,0.713623880482311
"NRK",0.0495383309932773,0.497296505084806,0.713841641442515
"F2R",0.0495365814186426,0.497311715399902,0.713841641442515
"RPN2",0.0495155865230266,0.497494258352015,0.71399391139493
"TCHHL1",0.0494893429035066,0.497722486803945,0.714200488693242
"ARHGAP23",0.0494858437542373,0.497752921440953,0.714200488693242
"SLC22A25",0.0494630992839866,0.49795077053176,0.714374603660405
"ZBTB48",0.0494368556644666,0.498179109519382,0.714647288530914
"ATG2A",0.0494211094927546,0.498316139429966,0.71465565629124
"GK",0.0494176103434852,0.498346593221661,0.71465565629124
"SPATA31A6",0.0494141111942159,0.498377047995256,0.71465565629124
"SRXN1",0.0494001145971386,0.498498876907874,0.71465565629124
"DAZL",0.0493773701268879,0.49869688239062,0.714786107101091
"TMEM216",0.0493633735298106,0.498818752529805,0.714905918367481
"ZCCHC7",0.0493511265073679,0.498925401781336,0.715003898378471
"LRRC14B",0.0493266324624826,0.499138736340876,0.71519986496104
"TSPAN14",0.0492863922458852,0.49948931888348,0.71561424113484
"NXPE1",0.0492601486263652,0.499718029533811,0.715853928316735
"MYL10",0.0492566494770959,0.499748528453287,0.715853928316735
"MTMR7",0.0492339050068452,0.499946795318997,0.716082410966578
"GEMIN4",0.0492269067083065,0.500007808837973,0.716082410966578
"SAMM50",0.0492251571336719,0.50002306283011,0.716082410966578
"APH1A",0.0492164092604985,0.500099336464913,0.716136728095286
"RHOV",0.0491569237229199,0.500618159534965,0.716495114374665
"KRT1",0.0491376784019385,0.500786074644768,0.71658132950455
"CR1",0.0491341792526692,0.500816607846104,0.71658132950455
"IWS1",0.0491219322302265,0.500923481758472,0.716657495428315
"ZNF623",0.0491114347824185,0.501015097510989,0.71671124528514
"TRPC7",0.0491044364838799,0.501076179572075,0.71671124528514
"ACMSD",0.0490694449911865,0.501381648578791,0.717038338989011
"ENAM",0.0490449509463012,0.501595535080997,0.717223161492259
"LGALSL",0.0490414517970318,0.501626094207104,0.717223161492259
"POTEG",0.0490414517970318,0.501626094207104,0.717223161492259
"SEC31B",0.0490309543492238,0.501717777451833,0.717299334891712
"CHRNA2",0.0489924637072612,0.502054024619764,0.717560340077961
"TTLL12",0.0489837158340878,0.502130460923041,0.717614668518421
"RAB3IP",0.0489574722145678,0.502359806472401,0.717831986400494
"CATIP",0.0489504739160292,0.502420974566099,0.717831986400494
"NOPCHAP1",0.0489487243413945,0.502436267200003,0.717831986400494
"BMP10",0.0489382268935865,0.502528028131092,0.717842044530683
"TNFSF4",0.0489207311472398,0.502680982547973,0.717873964888387
"ZGLP1",0.0488909883784505,0.502941061076023,0.718080095268875
"SCARF1",0.0488822405052771,0.503017568182998,0.718080095268875
"HIKESHI",0.0488350019901411,0.503430811951913,0.718416209654891
"PGM5",0.0488315028408718,0.503461429674731,0.718416209654891
"POU3F2",0.0488175062437945,0.503583910319821,0.718416209654891
"SGMS1",0.0488157566691598,0.503599221497682,0.718416209654891
"CFAP69",0.0488052592213518,0.503691093684706,0.718470546525287
"RBBP8NL",0.0487982609228131,0.503752346685091,0.7185030415985
"AKAP8L",0.0487422745345038,0.504242511068834,0.718927638500767
"EXTL2",0.0486950360193678,0.504656281305649,0.719352824733956
"NIN",0.0486792898476558,0.504794244165234,0.719439659953442
"RAVER1",0.0486617941013091,0.504947559356953,0.719570194949139
"N4BP2",0.0486600445266744,0.50496289221479,0.719570194949139
"CCL7",0.0486407992056931,0.505131569712589,0.719579209052501
"GRK1",0.0486390496310584,0.505146905490587,0.719579209052501
"OOSP2",0.0486338009071544,0.505192914284451,0.719579209052501
"PUDP",0.0486303017578851,0.505223588030202,0.719579209052501
"OR13A1",0.0486285521832504,0.505238925268015,0.719579209052501
"P2RY6",0.0486215538847118,0.505300276652067,0.719600525599543
"NDUFAF7",0.0486180547354424,0.505330953803706,0.719600525599543
"QPCT",0.0486023085637304,0.505469013026657,0.719742245142257
"C1orf146",0.0485900615412878,0.505576406042289,0.719840280494456
"PIGT",0.0485690666456718,0.505760536075978,0.71993675314712
"EIF3E",0.0485568196232291,0.505867961430133,0.71993675314712
"RTRAF",0.0485515708993251,0.505914004513965,0.71993675314712
"TEX13B",0.0485410734515171,0.506006097244319,0.72001294263885
"NUDT4",0.0485288264290744,0.506113549821216,0.720044947003177
"PHOSPHO1",0.0485270768544398,0.506128901161397,0.720044947003177
"SURF1",0.0485253272798051,0.506144252744576,0.720044947003177
"SH3GL3",0.0485060819588238,0.506313136196014,0.720197326139818
"EMILIN2",0.0485043323841891,0.506328490694786,0.720197326139818
"CD1D",0.0484815879139384,0.50652812128399,0.720248829913358
"SRCAP",0.0484780887646691,0.506558837325641,0.720248829913358
"LIMA1",0.0484763391900344,0.506574195710759,0.720248829913358
"H4C6",0.0484605930183224,0.506712432104668,0.720248829913358
"CYB561",0.0484553442944184,0.506758515273391,0.720248829913358
"FBP1",0.0484500955705144,0.506804600627267,0.720248829913358
"C7orf31",0.0484483459958797,0.506819962897459,0.720248829913358
"MFAP5",0.0484430972719757,0.506866051164664,0.720248829913358
"TOPORS",0.0484133545031864,0.50712725927741,0.720510360917833
"TP53RK",0.0484081057792824,0.507173362107677,0.720521049043282
"GNG12",0.0483906100329357,0.507327053980742,0.720681547805457
"ABHD14B",0.0483853613090317,0.507373166273796,0.720681547805457
"SEPHS2",0.0483626168387811,0.507573011438587,0.720681547805457
"HNRNPAB",0.0483608672641464,0.507588385841426,0.720681547805457
"IRAK3",0.0483608672641464,0.507588385841426,0.720681547805457
"INAFM2",0.0483538689656077,0.507649885877994,0.720681547805457
"SVEP1",0.0483346236446264,0.507819030984331,0.720681547805457
"INPP5D",0.0483346236446264,0.507819030984331,0.720681547805457
"HDAC8",0.0483346236446264,0.507819030984331,0.720681547805457
"JADE3",0.0483328740699917,0.507834409266986,0.720681547805457
"SEC61A2",0.0483293749207224,0.507865166559628,0.720681547805457
"EEF1E1",0.0483031313012024,0.508095877162277,0.720910093766851
"ZNF468",0.0483013817265677,0.508111259808196,0.720910093766851
"TTC1",0.0482786372563171,0.508311256257711,0.720974766532657
"FAM118A",0.0482558927860664,0.508511293654402,0.721050559584665
"HPD",0.048236647465085,0.508680588041244,0.72120292419987
"HMGXB4",0.0482348978904504,0.508695979893173,0.72120292419987
"MAP1LC3C",0.048189408949949,0.509096253028811,0.721507274910484
"UBE2NL",0.0481859098006797,0.509127050048125,0.721507274910484
"EXOC8",0.048178911502141,0.509188646991015,0.721517994780288
"ZNF18",0.0481666644796984,0.509296450958075,0.721593434381166
"ITPRID1",0.0481596661811597,0.509358058548414,0.721593434381166
"EHMT1",0.048152667882621,0.50941967000995,0.721593434381166
"RALBP1",0.0481509183079864,0.509435073480171,0.721593434381166
"TMEM269",0.0481404208601784,0.509527499381735,0.721603806236057
"CLDN3",0.048136921710909,0.509558309950799,0.721603806236057
"LRRN4CL",0.048126424263101,0.509650747463054,0.721625273663382
"RASSF10",0.0480931823450424,0.509943523687035,0.721930001319137
"IL1RN",0.048073937024061,0.510113065603796,0.72195147114402
"AOC1",0.048073937024061,0.510113065603796,0.72195147114402
"TAF1B",0.0480354463820983,0.510452237168741,0.722376750880004
"BCO1",0.048026698508925,0.510529337924697,0.722387115867521
"GOT1L1",0.0480039540386743,0.510729828151881,0.722495854458758
"NUDT7",0.0479969557401357,0.510791525664093,0.722528405158116
"FGF10",0.047979459993789,0.510945786347549,0.722636122171709
"RPS15A",0.0479777104191543,0.510961213743842,0.722636122171709
"SLC18A2",0.0479707121206157,0.511022925743211,0.722636122171709
"XKR5",0.0479654633967117,0.511069212277503,0.722636122171709
"F8A1",0.0479602146728077,0.511115500984299,0.722636122171709
"C3orf80",0.047953216374269,0.51117722263924,0.722636122171709
"MFAP2",0.047921724030845,0.511455017869838,0.722974107912284
"LGSN",0.047916475306941,0.511501324675504,0.722984843687256
"CYLC2",0.047911226583037,0.511547633652396,0.72299558090602
"VDAC3",0.0478149999781303,0.512397016186505,0.72386737324502
"RFTN2",0.0477870067839756,0.512644246185718,0.724161859296912
"AMACR",0.0477625127390903,0.512860623018533,0.724291288638657
"TTC38",0.047759013589821,0.512891537847759,0.724291288638657
"AUP1",0.0477450169927436,0.513015206795802,0.724291288638657
"RIPK2",0.047743267418109,0.513030666497727,0.724291288638657
"SEMG1",0.047706526350781,0.513355375841822,0.724618320551875
"ELP1",0.0476732844327223,0.513649251929162,0.724978342580791
"KLHDC4",0.047659287835645,0.513773015209214,0.725098226558399
"KCNF1",0.0476365433653943,0.513974163365951,0.725326876683218
"PSMC1",0.0476155484697783,0.514159874652328,0.725424931556009
"ZNF615",0.0475718091039116,0.514546884325726,0.725795329374021
"COL6A5",0.0475683099546423,0.51457785158714,0.725795329374021
"MTERF3",0.0475683099546423,0.51457785158714,0.725795329374021
"SPO11",0.0475368176112183,0.514856600176245,0.7261336554064
"POGLUT1",0.0475175722902369,0.515026984839999,0.726264268262747
"CYP4F8",0.0475035756931596,0.515150919205575,0.72638418777526
"CALHM5",0.0474930782453516,0.515243880061533,0.72646041854365
"ADAM12",0.0474738329243703,0.515414330737386,0.726557590743841
"DPF3",0.0474283439838689,0.515817329557058,0.726939665469937
"ABL2",0.0474073490882529,0.516003383695974,0.727037283584006
"RASAL2",0.0473688584462902,0.516344572612345,0.727353389508836
"IPO8",0.0473286182296929,0.516701394128807,0.727526782022738
"RAB8B",0.0473233695057889,0.516747945408404,0.727537476701647
"ZNF43",0.0472988754609036,0.516965213212055,0.72773364905015
"DTNB",0.0472761309906529,0.517167003907587,0.72787497301365
"TRIM62",0.0472743814160182,0.517182527944481,0.72787497301365
"KXD1",0.0472673831174796,0.517244626485604,0.727885215709895
"KIF13A",0.0472603848189409,0.517306728856149,0.727885215709895
"LARP6",0.0472603848189409,0.517306728856149,0.727885215709895
"SPANXN5",0.0472498873711329,0.517399889591401,0.727961453820175
"REN",0.0472411394979596,0.517477530117876,0.728015845761315
"TMEM95",0.0471991497067275,0.517850287896172,0.728419357451539
"DIPK1C",0.0471571599154955,0.518223183416456,0.728790374509468
"SLC66A2",0.0471484120423222,0.518300887313806,0.728811747060698
"KCNK2",0.0471466624676875,0.518316428810248,0.728811747060698
"MAN1A2",0.0471361650198795,0.518409682807269,0.728854977441749
"RETREG3",0.0471064222510902,0.518673949175912,0.728985150121112
"AMMECR1L",0.0471064222510902,0.518673949175912,0.728985150121112
"TOX2",0.0470871769301089,0.518844981847269,0.729104634995074
"ZCCHC13",0.0470836777808395,0.518876081801217,0.729104634995074
"S100A12",0.0470661820344929,0.519031595897515,0.729213426990295
"ACP6",0.0470451871388769,0.519218244325959,0.729420786146502
"EVX2",0.0470241922432609,0.519404927123525,0.729628162388789
"FAM227B",0.0470136947954529,0.519498281407891,0.729704415130398
"NOP58",0.0469874511759328,0.519731704692648,0.729977387142956
"CD83",0.0469594579817782,0.519980748677511,0.730217344334251
"CEPT1",0.0469594579817782,0.519980748677511,0.730217344334251
"SNX13",0.0469052211681035,0.520463445065487,0.730730363858295
"TEX37",0.0468772279739488,0.520712668278166,0.730991697063361
"ST7",0.0468667305261408,0.520806142703206,0.730991697063361
"KLHL33",0.0468492347797942,0.520961952461986,0.731111164009836
"TMEM222",0.0468474852051595,0.520977534747413,0.731111164009836
"CUZD1",0.0468439860558902,0.521008700032497,0.731111164009836
"FSIP1",0.0468299894588128,0.52113337069513,0.731208767461079
"VDR",0.0468229911602741,0.521195711739231,0.731208767461079
"TRIM25",0.0468089945631968,0.52132040525131,0.731306375002083
"UBAP2L",0.0468037458392928,0.521367169244859,0.731306375002083
"ZNF362",0.0468019962646581,0.521382757718608,0.731306375002083
"KLHL26",0.0467722534958688,0.52164779817297,0.731568241997325
"THAP2",0.0467547577495221,0.521803736434107,0.731731985406471
"CALCR",0.0467320132792715,0.52200649172353,0.731906399356506
"MPHOSPH9",0.0466935226373088,0.522349707578809,0.732167752832621
"SOX6",0.0466795260402315,0.522474541860721,0.732287770640963
"IDUA",0.0466270388011915,0.522942805809873,0.732834084287926
"BTBD16",0.0465518070919008,0.52361435671393,0.733610031957192
"NPLOC4",0.0465395600694581,0.523723720471701,0.733708214202197
"EEFSEC",0.0465115668753034,0.523973738406283,0.733948364094783
"LRP4",0.0465028190021301,0.524051881457307,0.733969616145596
"UGT2A3",0.0464573300616288,0.524458320830238,0.734384261146322
"RDH13",0.0464030932479541,0.524943130905074,0.734920383267104
"TMEM74",0.0463681017552607,0.52525603233727,0.735193109490433
"SASS6",0.0463453572850101,0.525459469024861,0.73541143726714
"RAB4B",0.0463418581357407,0.525490770525272,0.73541143726714
"RBMY1J",0.0463051170684127,0.525819493394388,0.735761209158132
"ARID3A",0.0462963691952394,0.525897776113416,0.735815617822457
"OR2Y1",0.0462823725981621,0.526023040756069,0.735880622409014
"FAM83H",0.0462753742996234,0.526085678749987,0.73591312533404
"AZU1",0.0462683760010847,0.526148320525172,0.735934322587049
"PKD1L2",0.0462648768518154,0.526179642830631,0.735934322587049
"CARD10",0.0462508802547381,0.526304941503904,0.736054447171403
"ASXL3",0.0462333845083914,0.526461586107979,0.736218388779679
"OSTN",0.0462071408888714,0.526696597299767,0.736436748609002
"P2RX1",0.0462071408888714,0.526696597299767,0.736436748609002
"FGFBP3",0.046182646843986,0.526915989011093,0.736576640617715
"LENG9",0.0461756485454474,0.526978680855352,0.736576640617715
"TGM6",0.0461651510976394,0.527072725702246,0.736576640617715
"CHML",0.0461424066273887,0.527276518680114,0.736696062158286
"YTHDF2",0.0461371579034847,0.527323553491301,0.736706664048738
"MTUS2",0.0461231613064074,0.527448990033708,0.736771678225096
"NINL",0.0461126638585994,0.527543077346678,0.736792204715041
"FYCO1",0.046103915985426,0.527621489926053,0.736792204715041
"HCLS1",0.046103915985426,0.527621489926053,0.736792204715041
"NDUFB11",0.0460689244927327,0.527935199186148,0.737075553670282
"MMP25",0.0460636757688287,0.527982263707487,0.737075553670282
"CCDC38",0.0460479295971167,0.528123469997227,0.737151185379114
"PRDM15",0.0460181868283274,0.528390245058495,0.737358222667836
"SMIM10L1",0.046014687679058,0.52842163483542,0.737358222667836
"LRRC43",0.0459656995892873,0.528861190610753,0.737861317484419
"TNFSF18",0.0459377063951327,0.529112448196282,0.738101589670881
"GRK5",0.0458799704321887,0.529630857164523,0.738404046251124
"DEFB123",0.0458747217082847,0.529677997950814,0.738404046251124
"AK7",0.0458607251112073,0.529803717057457,0.738404046251124
"GPR3",0.045830982342418,0.530070920101136,0.738522121527263
"SUPT20H",0.0458274831931487,0.530102360217803,0.738522121527263
"GRID2IP",0.0458222344692447,0.53014952215479,0.738522121527263
"TMEM62",0.0458222344692447,0.53014952215479,0.738522121527263
"SLC52A1",0.04582048489461,0.530165243270295,0.738522121527263
"LSM5",0.0458134865960713,0.530228130081372,0.73855463584425
"GSTM1",0.0457977404243593,0.530369639146803,0.738641564556726
"SYNC",0.0457819942526473,0.530511167234283,0.738726534962303
"C1orf56",0.0457749959541087,0.530574074711289,0.738726534962303
"NSUN4",0.0457644985063007,0.530668442969746,0.738726534962303
"NOC2L",0.0457609993570313,0.530699900933841,0.738726534962303
"KCTD19",0.0457557506331273,0.530747089640404,0.738726534962303
"SPNS3",0.0457557506331273,0.530747089640404,0.738726534962303
"INMT",0.0457487523345886,0.530810011201706,0.738759055756991
"RSPH4A",0.0457295070136073,0.530983064855815,0.738889778648924
"SLC20A2",0.0457137608418953,0.531124675325783,0.73903177144869
"DONSON",0.0456805189238366,0.531423693154601,0.739337670839937
"TXK",0.045652525729682,0.531675563295369,0.739522813741291
"OTUD1",0.045626282110162,0.531911746046643,0.739686058761512
"KCND1",0.04561053593845,0.532053481002924,0.739772990709545
"CPT1A",0.0455597982740446,0.532510311579794,0.740297943952973
"SIM1",0.0455545495501406,0.532557581153896,0.740308551219215
"NEK5",0.0455370538037939,0.532715161614738,0.740472488710691
"POLR2F",0.0455055614603699,0.532998865412675,0.740756571695723
"CRISPLD1",0.0454950640125619,0.533093450188908,0.740832894986833
"FRS2",0.0454898152886579,0.533140745734521,0.740843494593595
"CSE1L",0.0454233314525406,0.533740004776977,0.741400396371501
"RPL4",0.0454233314525406,0.533740004776977,0.741400396371501
"SOSTDC1",0.0454023365569246,0.533929314585517,0.741553051178636
"LIG4",0.0453778425120393,0.534150218541124,0.741749533903936
"MLX",0.0453708442135006,0.534213342364031,0.741782035835736
"SHD",0.0453463501686152,0.534434305161263,0.741923369002583
"HOXA6",0.0453288544222686,0.534592163740702,0.742032199927264
"ABCB4",0.0453096091012872,0.53476583513016,0.742095761718041
"BAHD1",0.0452798663324979,0.535034291889152,0.742259726290433
"GNRH2",0.0452711184593246,0.535113262586478,0.742314141875143
"PDE12",0.0452483739890739,0.535318613678474,0.742477388641046
"TSHZ2",0.0452448748398046,0.535350209650906,0.742477388641046
"RBM15",0.0451766414290526,0.535966517408817,0.743166580973128
"SERAC1",0.0451643944066099,0.536077174250921,0.743264833430601
"GATAD2B",0.0451416499363592,0.536282710080712,0.743439422021034
"LAMB1",0.0451329020631859,0.536361772797481,0.743469653358946
"TRIM40",0.0451154063168392,0.536519915684645,0.743469653358946
"HAL",0.0451154063168392,0.536519915684645,0.743469653358946
"SRSF11",0.0451101575929352,0.536567363088078,0.743469653358946
"ASCL1",0.0451084080183006,0.536583179354532,0.743469653358946
"ERH",0.0451031592943966,0.536630629549745,0.743480240168474
"AIDA",0.0450629190777992,0.536994483924413,0.74377276630559
"CUX2",0.0450576703538952,0.537041952259596,0.74377276630559
"SMAD1",0.0450436737568179,0.537168544715535,0.74377276630559
"WWTR1",0.0450419241821832,0.537184369818552,0.74377276630559
"TNFAIP6",0.0450279275851059,0.537310979009728,0.743837775752261
"ILVBL",0.0450261780104712,0.53732680620442,0.743837775752261
"EPB41",0.0449841882192392,0.537706728578068,0.744308543056922
"C4orf3",0.0449649428982579,0.537880904377744,0.744482370719241
"OR2T1",0.0449614437489885,0.537912575723545,0.744482370719241
"TAFA3",0.0449544454504499,0.53797592120115,0.744482370719241
"MXRA7",0.0449526958758152,0.537991758150936,0.744482370719241
"CDC5L",0.0449369497041032,0.53813430114473,0.744569284944361
"H2BC13",0.0448932103382365,0.538530352531216,0.745062068588265
"DPRX",0.0448809633157938,0.538641272901581,0.745127054705836
"ZFYVE19",0.0448792137411592,0.53865711959646,0.745127054705836
"SOCS6",0.0448494709723698,0.538926548886069,0.745300870626599
"PRSS54",0.0448109803304072,0.539275321525637,0.745669660375391
"MTMR6",0.0447969837333298,0.539402175745059,0.745669660375391
"UST",0.0447864862855218,0.539497326138516,0.745669660375391
"RRP1",0.0447794879869832,0.539560764366275,0.745669660375391
"TMEM18",0.0447794879869832,0.539560764366275,0.745669660375391
"MYLK3",0.0447392477703858,0.539925606070086,0.745854062300896
"KCNS1",0.0447374981957512,0.539941471530741,0.745854062300896
"MED12",0.0446780126581725,0.540481034863878,0.746378571954879
"CXCL2",0.0446657656357298,0.540592154623952,0.746421638308217
"OR51A7",0.0446657656357298,0.540592154623952,0.746421638308217
"NDUFS7",0.0445817860532658,0.54135442378426,0.747308390760207
"MRPS12",0.0445572920083805,0.541576852542407,0.747426139479951
"TBX21",0.0445520432844765,0.541624521734997,0.747426139479951
"GPR151",0.0445450449859378,0.541688083890116,0.747426139479951
"MYOF",0.0445432954113031,0.54170397500594,0.747426139479951
"MUS81",0.0445415458366685,0.541719866352571,0.747426139479951
"ITLN1",0.0445013056200711,0.542085431014419,0.74776479131585
"FAM20C",0.0444925577468978,0.542164917742281,0.747785903220106
"PMCH",0.0444908081722631,0.542180815779795,0.747785903220106
"PRAMEF19",0.0444348217839538,0.542689674723433,0.748377195978353
"PEF1",0.0444155764629724,0.542864649496111,0.748441308085133
"POLE2",0.0444138268883378,0.542880557676057,0.748441308085133
"MAP3K2",0.0444120773137031,0.542896466086383,0.748441308085133
"C12orf50",0.0443963311419911,0.543039652145467,0.748572060281372
"ZNF813",0.0443928319927218,0.543071473803401,0.748572060281372
"SPIN2B",0.0443718370971058,0.543262423095483,0.748669496290676
"UBE2C",0.0443560909253938,0.543405656822894,0.748811631876659
"HSPB1",0.0443473430522204,0.543485239172794,0.748853824539161
"PARP3",0.0443385951790471,0.543564827276702,0.748853824539161
"PA2G4",0.0443350960297778,0.543596664129225,0.748853824539161
"ZNF674",0.0443263481566044,0.543676260287528,0.74887492865199
"MTM1",0.0443071028356231,0.543851392082768,0.749005675559475
"TP53I3",0.0442808592161031,0.544090253020964,0.7492574521029
"TMEM35B",0.0442686121936604,0.544201739165369,0.749322408055219
"DEFB121",0.0442458677234097,0.544408814747549,0.749530337207905
"WDR88",0.0442371198502364,0.544488469545012,0.74958474548302
"TAB1",0.0442003787829084,0.54482308241993,0.749990114784007
"FECH",0.0441706360141191,0.545094033696006,0.750152467845581
"BBS4",0.0441566394170417,0.54522156313801,0.750206874910887
"SETX",0.0441426428199644,0.545349107269767,0.750315688676342
"OCLN",0.0440779085584817,0.545939189874971,0.7508623838357
"ZNF280B",0.044070910259943,0.546003001394036,0.75089484933984
"RNF7",0.0440586632375004,0.546114680377974,0.750937842051174
"GGT6",0.0440359187672497,0.546322113999852,0.751044901158602
"EXOC6",0.044028920468711,0.546385947520495,0.751044901158602
"RETNLB",0.0440254213194417,0.546417865655447,0.751044901158602
"CLDN12",0.0440254213194417,0.546417865655447,0.751044901158602
"WDR43",0.044023671744807,0.546433825066561,0.751044901158602
"OR5D13",0.0440061759984604,0.546593431776332,0.751119519320087
"SMIM6",0.0439991776999217,0.546657280873273,0.751119519320087
"AGTR2",0.0439956785506524,0.546689206795777,0.751119519320087
"DTX3",0.0439834315282097,0.546800954737421,0.751217789515674
"METTL14",0.0439729340804017,0.546896747616489,0.751260800584801
"MYL1",0.0439414417369777,0.547184175694022,0.751578411801247
"TBX20",0.043918697266727,0.54739180874575,0.751752154735833
"OR8S1",0.0439099493935537,0.547471677905444,0.751752154735833
"CLDN15",0.0438854553486683,0.547695341967693,0.751825076192793
"ZNF438",0.043876707475495,0.54777523285023,0.751825076192793
"LIN7C",0.043871458751591,0.547823170122891,0.751825076192793
"DIS3L",0.0438364672588977,0.548142804504832,0.752009376170454
"FBXL7",0.0438329681096283,0.548174772969828,0.752009376170454
"RAD52",0.043829468960359,0.548206742348599,0.752009376170454
"APOBEC3C",0.043803225340839,0.548446541811218,0.752161203390392
"FCSK",0.0437997261915697,0.548478518955178,0.752161203390392
"IFT27",0.043797976616935,0.548494507869659,0.752161203390392
"FOXM1",0.0437734825720497,0.548718376643941,0.752357712517601
"POC1B",0.0437682338481457,0.548766354344905,0.752368259708225
"LCE1A",0.0437489885271643,0.548942290153943,0.752498987882783
"PPM1D",0.0437332423554523,0.549086258168893,0.752585862143127
"TBATA",0.0437017500120283,0.549374249624651,0.752870082623275
"AP5S1",0.0436807551164123,0.549566284970847,0.753077990910232
"CYP2S1",0.0436702576686043,0.54966231495282,0.753131537300405
"P3H3",0.0436265183027376,0.550062528172391,0.753422941869815
"ZNF596",0.043624768728103,0.550078539662497,0.753422941869815
"OR51J1",0.0436177704295643,0.550142587900267,0.753422941869815
"CYP4F2",0.0436125217056603,0.550190626469645,0.753422941869815
"TIMMDC1",0.0436020242578523,0.550286709756118,0.753422941869815
"CGAS",0.043593276384679,0.550366785422316,0.753422941869815
"RINL",0.0435915268100443,0.550382801238482,0.753422941869815
"HMMR",0.043572281489063,0.550558990238442,0.753553660805653
"TADA1",0.0435215438246576,0.551023620476749,0.753957194978072
"TEX26",0.0435180446753883,0.551055670992219,0.753957194978072
"ALKBH6",0.043509296802215,0.551135801259911,0.754011590676881
"CEP97",0.0434900514812336,0.551312107854468,0.754130925337604
"GAA",0.0434865523319643,0.551344166553847,0.754130925337604
"ZNF780A",0.0434655574363483,0.551536537839235,0.754305492246099
"MID2",0.0434638078617136,0.551552570256625,0.754305492246099
"OR4D5",0.0434550599885403,0.55163273575136,0.75432657927781
"ADM5",0.0434533104139056,0.551648769531823,0.75432657927781
"MYBL1",0.0434008231748656,0.552129888547384,0.754917786196423
"CDC42EP5",0.0433798282792496,0.552322393361343,0.755070434860733
"ANXA4",0.0433763291299803,0.552354480673984,0.755070434860733
"FST",0.0433710804060763,0.552402613344646,0.755080963684741
"SLC17A1",0.0433535846597296,0.552563070326311,0.755122235692315
"ATF6",0.0433413376372869,0.552675403709481,0.755122235692315
"DNAI4",0.0433413376372869,0.552675403709481,0.755122235692315
"SUPV3L1",0.0433115948684976,0.5529482596125,0.75524071163622
"PON1",0.0433098452938629,0.55296431200009,0.75524071163622
"PPP1R14D",0.0433045965699589,0.553012470522842,0.755251254075656
"ZC3HC1",0.0432993478460549,0.553060631085444,0.755261797758976
"C20orf204",0.0432818520997083,0.55322118102429,0.755357556978877
"OR52K2",0.0432783529504389,0.553253293731116,0.755357556978877
"NAA40",0.0432748538011696,0.553285407344183,0.755357556978877
"PPP2R2A",0.0432661059279962,0.553365695341335,0.755357556978877
"NAA25",0.0432608572040922,0.553413870857891,0.755357556978877
"TGM4",0.0432363631592069,0.553638716886048,0.755498807289481
"HOXC12",0.0432136186889562,0.553847542219993,0.755571140262823
"ABCB11",0.0432101195396869,0.553879672589846,0.755571140262823
"SRSF3",0.0431891246440709,0.554072473818662,0.755571140262823
"NF2",0.0431821263455322,0.554136748135569,0.755571140262823
"ZC3H7B",0.0431558827260122,0.554377809058568,0.755844646078101
"BPIFB6",0.0431471348528389,0.554458174007546,0.755865770043157
"ALG2",0.0431453852782042,0.554474247675693,0.755865770043157
"CXorf58",0.0431313886811269,0.554602845160091,0.755930720786006
"FIG4",0.0431313886811269,0.554602845160091,0.755930720786006
"HIP1R",0.0431191416586842,0.55471537982694,0.756028930427493
"TEKT2",0.0431051450616069,0.554844004435427,0.756038714930398
"EIF3H",0.0430841501659909,0.555036968462963,0.75613614581766
"PTPN9",0.0430841501659909,0.555036968462963,0.75613614581766
"EVPL",0.0430719031435482,0.555149545834871,0.756179193203417
"LIPG",0.0430404108001242,0.555439081316788,0.756463230706069
"HEATR6",0.0430404108001242,0.555439081316788,0.756463230706069
"PLD2",0.0430246646284122,0.555583876487529,0.756605255744575
"WEE2",0.0430089184567002,0.555728689938919,0.756710187555828
"HBD",0.0430071688820655,0.55574478145065,0.756710187555828
"MSTN",0.0429861739864495,0.555937897188566,0.756710187555828
"ITIH1",0.0429844244118149,0.555953991632971,0.756710187555828
"TM9SF3",0.0429774261132762,0.556018371666007,0.756710187555828
"POM121C",0.0429704278147375,0.556082755307421,0.756710187555828
"IGLL1",0.0429669286654682,0.556114948481149,0.756710187555828
"CCNDBP1",0.0429634295161989,0.556147142556827,0.756710187555828
"DDX60",0.0429529320683909,0.55624373019507,0.756720025424331
"ZNF621",0.0429494329191215,0.556275927878059,0.756720025424331
"CCDC138",0.0429494329191215,0.556275927878059,0.756720025424331
"ANTXR2",0.0429091927025242,0.556646266030428,0.757025153241357
"HDHD5",0.0429074431278895,0.556662370393208,0.757025153241357
"HORMAD1",0.0429074431278895,0.556662370393208,0.757025153241357
"SLC25A28",0.0428322114185988,0.557355071028316,0.757746473504027
"CLEC4M",0.0427744754556548,0.557886960692837,0.758160370123894
"CCDC77",0.0427727258810202,0.557903082384487,0.758160370123894
"OR52K1",0.0427377343883268,0.558225563420083,0.758377873167489
"RHBDD3",0.0427272369405188,0.558322325258876,0.758398992401977
"DYNLRB2",0.0427219882166148,0.558370709211189,0.758409553834776
"TNKS1BP1",0.0427044924702682,0.558532003652648,0.758573463763862
"CEP89",0.0426922454478255,0.558644923124244,0.758658740429798
"KHDRBS1",0.0426782488507482,0.558773987420734,0.758658740429798
"SYTL3",0.0426712505522095,0.558838524956775,0.758658740429798
"ANKS4B",0.0426590035297668,0.558951474286277,0.758756922065017
"LENEP",0.0426537548058628,0.558999884508141,0.758767486232578
"PCCA",0.0426450069326895,0.55908057269912,0.758809754954149
"SIGLEC14",0.0426415077834202,0.559112849546124,0.758809754954149
"TPRKB",0.0426327599102468,0.559193545589738,0.758809754954149
"NEIL2",0.0426117650146308,0.55938723897403,0.75885204293448
"CBFA2T3",0.0426047667160921,0.559451810612009,0.758861875228988
"CDC20B",0.0425995179921881,0.55950024169489,0.758861875228988
"CENPM",0.0425977684175535,0.559516385837608,0.758861875228988
"ALOX12B",0.0425750239473028,0.559726280093069,0.759091424516604
"H2BC10",0.0425522794770521,0.55993621222516,0.759176779300041
"EBLN2",0.0425487803277828,0.559968512837223,0.759176779300041
"LIPI",0.0425470307531481,0.559984663479303,0.759176779300041
"ADAD2",0.0425452811785135,0.560000814345407,0.759176779300041
"ZNF473",0.0425435316038788,0.560016965435528,0.759176779300041
"OR2D3",0.0425417820292441,0.560033116749661,0.759176779300041
"SRRT",0.0425190375589935,0.560243104215656,0.759373097817932
"PSMD12",0.0424665503199535,0.560727835085227,0.759698561411676
"PTCRA",0.0424630511706841,0.560760157638088,0.759698561411676
"PNKP",0.0424560528721455,0.560824805428506,0.759698561411676
"FBXL20",0.0424403067004335,0.560970276043046,0.759785399621433
"PGP",0.0423860698867588,0.561471480127407,0.760243700635066
"PTGES2",0.0423860698867588,0.561471480127407,0.760243700635066
"IDO1",0.0423790715882201,0.561536167268093,0.760276167891758
"HUS1",0.0423493288194308,0.561811127494041,0.760538171722145
"CPXM2",0.0423493288194308,0.561811127494041,0.760538171722145
"PLEKHH2",0.0423440800955268,0.561859656587564,0.760548738597474
"NT5DC2",0.0423195860506414,0.562086152261822,0.76074505251408
"TCF7",0.0422793458340441,0.56245834727164,0.761138475012328
"PPDPF",0.0422373560428121,0.562846850489607,0.761498680074174
"EIF2S2",0.0422268585950041,0.562943996361341,0.761519779519368
"SIX4",0.0422163611471961,0.563041150257295,0.761596039849731
"UNG",0.0422023645501187,0.563170701265038,0.761716107823424
"GRP",0.0421971158262147,0.563219286569447,0.761726656236584
"FYB2",0.0421848688037721,0.563332660077078,0.761802112163021
"MAGEA10",0.0421778705052334,0.563397449839133,0.761802112163021
"CNGB1",0.0421411294379054,0.563737654545015,0.762139591186786
"KCNG3",0.0421358807140014,0.563786263231895,0.762139591186786
"GCFC2",0.0421323815647321,0.563818670136019,0.762139591186786
"TMEFF1",0.0421288824154627,0.563851077930382,0.762139591186786
"H3Y2",0.0421131362437507,0.563996924020389,0.762170448028744
"EIF2S1",0.0421113866691161,0.564013130254041,0.762170448028744
"MRPL2",0.0421061379452121,0.56406175028988,0.762170448028744
"SOCS5",0.0421043883705774,0.564077957413434,0.762170448028744
"CARTPT",0.0420658977286147,0.564434570403031,0.762541958683955
"TRIM74",0.0420501515569027,0.564580488552988,0.762683920738923
"PPARGC1B",0.0420449028329987,0.56462913193734,0.76269446463632
"IL7",0.0420326558105561,0.564742640945896,0.762725302573513
"URGCP",0.0420291566612867,0.564775074091134,0.762725302573513
"NTF4",0.0420204087881134,0.564856160842486,0.762725302573513
"FXYD5",0.0420204087881134,0.564856160842486,0.762725302573513
"FOXI3",0.041990666019324,0.565131897336533,0.762932146498272
"NCLN",0.0419784189968814,0.56524545454727,0.763024848594112
"GUCA1B",0.0419714206983427,0.565310349266362,0.763024848594112
"ATG9B",0.0419469266534574,0.565537508750825,0.763024848594112
"C3orf85",0.0419416779295534,0.565586191442212,0.763024848594112
"ZNF99",0.0419259317578414,0.565732251497216,0.763024848594112
"CNTD1",0.041922432608572,0.565764711727438,0.763024848594112
"ZFP69",0.041917183884668,0.565813403736338,0.763024848594112
"STXBP4",0.041911935160764,0.56586209774137,0.763035417864103
"GYPA",0.0418786932427054,0.566170539450274,0.763252794726622
"MLH3",0.0418769436680707,0.566186775441348,0.763252794726622
"PEX11A",0.0418769436680707,0.566186775441348,0.763252794726622
"PPCDC",0.0418611974963587,0.566332909334442,0.763295080200762
"SEPTIN2",0.041859447921724,0.566349147541718,0.763295080200762
"SLC16A10",0.041859447921724,0.566349147541718,0.763295080200762
"DLX5",0.041843701750012,0.5664953013778,0.763338113169682
"PCDH18",0.0418314547275694,0.566608988989511,0.763436222377036
"ANO10",0.0418244564290307,0.566673958211873,0.763468680101352
"SLCO5A1",0.041785965787068,0.567031352261701,0.763784892523587
"UBFD1",0.041728229824124,0.567567644165214,0.764286777880852
"SRMS",0.04172298110022,0.567616409918201,0.764297337536577
"TCAF2",0.041701986204604,0.567811492827047,0.764437694615077
"OGFOD3",0.0416984870553347,0.567844009739762,0.764437694615077
"LZTS2",0.0416932383314307,0.567892786766372,0.764437694615077
"LRRC2",0.0416897391821613,0.567925305889066,0.764437694615077
"TOP3B",0.0416739930104493,0.568071652878762,0.764546364204018
"DISC1",0.0416617459880067,0.568185490686897,0.764566741890584
"ERICH5",0.0416372519431213,0.568413198769623,0.764640747009941
"GRXCR1",0.0416215057714093,0.568559605389592,0.764640747009941
"MBNL3",0.04161800662214,0.568592142622219,0.764640747009941
"GNMT",0.0416162570475053,0.568608411569611,0.764640747009941
"RARS1",0.0416110083236013,0.568657219736028,0.764651323766295
"ENPP7",0.0416005108757933,0.568754842027373,0.764694356761887
"SAP30BP",0.0415777664055427,0.568966384240896,0.764901827820542
"GNS",0.0415200304425986,0.56950354339565,0.765458666891484
"SHISA9",0.0414727919274626,0.569943215753734,0.765884263736993
"DYNLT4",0.0414622944796546,0.570040942525573,0.765960475041916
"EXO1",0.0414308021362306,0.570334170388797,0.766244224601192
"RAB3IL1",0.041423803837692,0.570399341819216,0.766276658597014
"IL11RA",0.0414168055391533,0.570464516769859,0.766309092655822
"INTS6L",0.0413625687254786,0.570969741950089,0.766767160470257
"HOXA11",0.0413433234044973,0.571149066182746,0.766819862199062
"CTSF",0.0413398242552279,0.57118167344531,0.766819862199062
"CDK3",0.0413310763820546,0.571263195446507,0.766830405962695
"CDR2",0.0413258276581506,0.571312111283399,0.766840950864507
"NCOA6",0.0413118310610733,0.571442563179576,0.766960927771597
"SDHAF3",0.0412978344639959,0.57157302913058,0.76708010411865
"MAP3K4",0.0412890865908226,0.571654577485723,0.76708010411865
"XKR6",0.0412610933966679,0.571915569098241,0.76723170850279
"TP53",0.0412610933966679,0.571915569098241,0.76723170850279
"C3orf56",0.0412610933966679,0.571915569098241,0.76723170850279
"PPM1J",0.0412593438220333,0.571931882939379,0.76723170850279
"GDAP1L1",0.0412470967995906,0.572046085970612,0.767317661794466
"ZMYND12",0.0412418480756866,0.572095033417541,0.767317661794466
"CTSS",0.0412365993517826,0.572143982838633,0.767317661794466
"TAC1",0.0412208531800706,0.572290842945157,0.767437623525795
"RBM11",0.0412086061576279,0.572405079752076,0.767447384754411
"BLOC1S4",0.0412068565829933,0.572421400172893,0.767447384754411
"ZSCAN32",0.0412016078590893,0.572470362750659,0.767457935161245
"GSX1",0.0411893608366466,0.5725846164373,0.767500148084387
"FDFT1",0.0411806129634733,0.572666232788388,0.767500148084387
"TDRP",0.0411701155156652,0.572764179640834,0.767540148638182
"CINP",0.0411648667917612,0.572813156024848,0.767540148638182
"OR2AE1",0.0411543693439533,0.572911114707592,0.767540148638182
"RASA2",0.0411508701946839,0.572943769354161,0.767540148638182
"ZNF584",0.0411456214707799,0.572992752966639,0.767540148638182
"MPC1",0.0411333744483372,0.573107055727107,0.767540148638182
"ACVR1",0.0411263761497986,0.573172376407375,0.767572587249687
"ARL11",0.0411001325302786,0.573417360152421,0.767735509226942
"CDC42",0.0411001325302786,0.573417360152421,0.767735509226942
"EXOG",0.0410913846571052,0.573499032343481,0.767789815630599
"TMEM187",0.0410616418883159,0.573776758704032,0.76810656910304
"PGRMC2",0.0410476452912386,0.573907475333029,0.768138253236798
"OR4K1",0.0410458957166039,0.573923815895603,0.768138253236798
"FAM133A",0.0410266503956226,0.574103576512328,0.768213684527064
"ANKRD53",0.0410196520970839,0.574168950566663,0.768234087682134
"IGBP1",0.0409461699624279,0.574855589165594,0.768834358583259
"ZNF585B",0.0409461699624279,0.574855589165594,0.768834358583259
"TMEM131",0.0409286742160812,0.575019131313585,0.768887899793263
"CEP131",0.0409216759175425,0.575084554282814,0.768920327590624
"TIMM21",0.0409146776190039,0.575149980742873,0.768952755412262
"NR4A3",0.0408971818726572,0.575313562162685,0.769116398493222
"THAP11",0.0408656895292332,0.575608063671799,0.769399956851884
"CORIN",0.0408534425067905,0.575722611110924,0.76946479991098
"TMEM236",0.0408516929321559,0.575738975902551,0.76946479991098
"DISP1",0.0408341971858092,0.575902635803273,0.769595256144249
"TECTB",0.0408324476111745,0.575919002991648,0.769595256144249
"GRAPL",0.0408027048423852,0.576197278519415,0.769856944743783
"C11orf24",0.0407834595214039,0.576377372688595,0.770042478884913
"CELA3B",0.0407747116482305,0.576459242381755,0.770096767576656
"CCN1",0.0407554663272492,0.576639374857351,0.770282309193612
"FTMT",0.0407449688794412,0.576737640031194,0.770347130886498
"DCHS1",0.0407292227077292,0.576885052474375,0.770411952629154
"UQCC3",0.0407274731330945,0.576901432722141,0.770411952629154
"DYTN",0.0407082278121132,0.577081629798437,0.770542397806221
"CTC1",0.0406679875955158,0.577458490491797,0.770825156773983
"ETNK2",0.0406382448267265,0.577737113565335,0.770976658302693
"TNC",0.0406242482296492,0.577868252020544,0.771041471367842
"AMBP",0.0406050029086678,0.578048590080185,0.771160563107238
"MRPS17",0.0406015037593985,0.578081381639608,0.771160563107238
"DEFB125",0.0405577643935318,0.578491349350042,0.771475692565473
"SLFN14",0.0405017780052225,0.579016305752857,0.771911523038073
"TRAM1",0.0404860318335105,0.579163989716676,0.772052463365878
"MYOZ1",0.0404772839603371,0.579246043943172,0.772052463365878
"C22orf39",0.0404772839603371,0.579246043943172,0.772052463365878
"TLL1",0.0404650369378945,0.579360928954262,0.77210509077588
"TRPC6",0.0404562890647211,0.57944299617107,0.77210509077588
"EIF2B1",0.0404545394900865,0.579459410263807,0.77210509077588
"ZNF24",0.0404510403408171,0.579492239098603,0.77210509077588
"MEDAG",0.0404457916169131,0.579541483974006,0.772115619539059
"GEM",0.0404265462959318,0.579722065179409,0.772246026340275
"PRKAA1",0.0404160488481238,0.579820575052538,0.772310822193424
"ABCA1",0.0403670607583531,0.580280390729376,0.772768458263672
"OR4E2",0.0403618120344491,0.580329666746677,0.772768458263672
"HMGB4",0.0403583128851798,0.580362518505368,0.772768458263672
"SEMA5B",0.0403408171388331,0.580526790262762,0.772876984242041
"ATG10",0.0403408171388331,0.580526790262762,0.772876984242041
"DCAF1",0.0403233213924864,0.580691083621905,0.773007379485702
"CLCF1",0.0403215718178518,0.580707514145663,0.773007379485702
"GRAP2",0.0403075752207744,0.580838966109206,0.773072158712623
"TIGD5",0.0403023264968704,0.580888264157946,0.773082678074097
"AKAP14",0.0402725837280811,0.581167656460695,0.773311066217492
"DDX60L",0.0402498392578304,0.581381351473281,0.773463322418791
"C9orf85",0.0402445905339264,0.581430670883704,0.773473837839166
"ARHGAP4",0.0402323435114838,0.581545757055687,0.773571834670371
"BTBD17",0.0402095990412331,0.581759516545557,0.77365763666733
"POLK",0.0402026007426944,0.581825296024796,0.773668154400789
"PPP1R10",0.0401851049963478,0.581989759806853,0.773732101238032
"ATG3",0.0401798562724438,0.582039103142703,0.773732101238032
"IRAG2",0.0401658596753664,0.582170694849311,0.773796875454112
"R3HDM2",0.0401658596753664,0.582170694849311,0.773796875454112
"TMEM177",0.0401448647797504,0.582368108251364,0.773992836270727
"EFCAB10",0.0401413656304811,0.582401013499279,0.773992836270727
"EIF4EBP3",0.0401326177573078,0.582483280386135,0.774013876899815
"UTP20",0.0401308681826731,0.582499734409236,0.774013876899815
"ACTN3",0.0401151220109611,0.582647830301622,0.774155583289206
"ZNF677",0.0401081237124224,0.582713656292909,0.774176622004657
"OR6B2",0.0400836296675371,0.582944074367565,0.774328843021952
"CPM",0.0400713826450944,0.583059299212186,0.774360403043319
"DDX46",0.0400678834958251,0.583092222531495,0.774360403043319
"OR2G3",0.0400538868987477,0.583223924407812,0.774447030809501
"MYBL2",0.0400521373241131,0.58324038810964,0.774447030809501
"ITK",0.0400206449806891,0.583536771489295,0.774761965871708
"EGFL6",0.0400101475328811,0.58363558141753,0.774761965871708
"MS4A4A",0.0400066483836117,0.583668519778522,0.774761965871708
"S100A5",0.0400066483836117,0.583668519778522,0.774761965871708
"PRKAR2A",0.0400048988089771,0.583684989281159,0.774761965871708
"NIPAL4",0.0399961509358037,0.583767340015496,0.774816206533252
"PSMB1",0.0399769056148224,0.583948530525145,0.775001617118221
"CCDC33",0.0399594098684757,0.584113271708357,0.775165171777537
"PROK1",0.0399366653982251,0.584327467325232,0.775339238349274
"CD160",0.0399244183757824,0.584442818442109,0.77543720355391
"SLC35B4",0.039905173054801,0.584624105712313,0.775567537880605
"GIMAP6",0.0398754302860117,0.58490432796597,0.775663795291661
"GKAP1",0.0398544353903957,0.585102169193108,0.775871067299807
"RPS4Y2",0.0398491866664917,0.585151634319424,0.775881570646046
"TLX2",0.039842188367953,0.585217590819409,0.775913937678779
"ULK2",0.0398019481513557,0.585596907170118,0.77625153228115
"ZBTB32",0.0397669566586624,0.585926839490116,0.776346053864996
"IL17C",0.0397599583601237,0.585992836220552,0.776346053864996
"NCR3LG1",0.039758208785489,0.586009335937732,0.776346053864996
"TM6SF1",0.0397197181435264,0.586372383799131,0.776728182128702
"CRYBG1",0.0397039719718143,0.586520933189574,0.776813037372511
"POM121L12",0.039689975374737,0.586652991617708,0.776813037372511
"DAW1",0.0396864762254677,0.586686008360424,0.776813037372511
"FMO4",0.0396759787776597,0.586785063713355,0.776833198032468
"ATP2B4",0.039674229203025,0.586801573686138,0.776833198032468
"ERGIC3",0.039668980479121,0.586851104885427,0.776833198032468
"PLA1A",0.0396672309044863,0.586867615712149,0.776833198032468
"PLA2G5",0.0396567334566783,0.586966685155072,0.776909270868613
"ARMC3",0.0396497351581397,0.587032735719001,0.776941632222243
"RNF145",0.039621741963985,0.587296972114623,0.777236270635821
"GLYATL1B",0.0396129940908117,0.587379557187483,0.777290484661903
"WDR76",0.0396077453669077,0.58742911079038,0.777300982933338
"EHHADH",0.0395570077025023,0.587908227868394,0.777691822375079
"MYH15",0.0395500094039637,0.587974327047339,0.777691822375079
"H1-8",0.0395307640829823,0.588156117362248,0.777822096576785
"MSH5",0.039516767485905,0.588288344684739,0.777941876749429
"MSANTD3",0.0394922734410197,0.588519775282382,0.778027558800436
"SEM1",0.0394782768439423,0.588652040065573,0.778059043898214
"CRYBA2",0.0394782768439423,0.588652040065573,0.778059043898214
"DAAM2",0.0394765272693076,0.588668574120891,0.778059043898214
"CEP120",0.0394677793961343,0.588751247588408,0.778077507301623
"SGPP2",0.0394415357766143,0.588999299893169,0.778077507301623
"BAAT",0.0394240400302676,0.58916469467311,0.778219098784568
"ZNF800",0.039406544283921,0.589330110706616,0.778382542260025
"RBMX2",0.0393890485375743,0.589495547986954,0.778490938636992
"HRAS",0.0393680536419583,0.589694100759694,0.778698085681118
"VCPKMT",0.039354057044881,0.589826486261182,0.778817834941589
"SDC1",0.039348808320977,0.589876134326817,0.778828326948578
"ZFP69B",0.039338310873169,0.589975436188545,0.778849314077703
"KPNA7",0.0393085681043796,0.590256832944773,0.779110651782923
"PLTP",0.039296321081937,0.590372720014849,0.779208545512178
"HELZ",0.0392630791638783,0.590687323001686,0.77948037321715
"CATSPERE",0.0392350859697236,0.590952311170817,0.77975309901273
"ZACN",0.0392000944770303,0.591283622629452,0.780068643109018
"GIMAP5",0.0391965953277609,0.591316758432982,0.780068643109018
"NUP85",0.0391790995814143,0.591482450149024,0.780142854382444
"PSTPIP2",0.0391721012828756,0.591548732760346,0.780142854382444
"DRD2",0.0391686021336063,0.591581875335413,0.780142854382444
"MCEE",0.0391686021336063,0.591581875335413,0.780142854382444
"CNTROB",0.0391406089394516,0.591847046394524,0.780327245920517
"MROH6",0.0391406089394516,0.591847046394524,0.780327245920517
"VKORC1L1",0.0391231131931049,0.592012805795568,0.780435601117953
"FMNL2",0.0391003687228543,0.592228324616205,0.780554424173059
"CCDC47",0.0390951199989503,0.592278064800042,0.780564895787565
"ZNF792",0.0390846225511422,0.592377550871676,0.780640921541026
"TRPC1",0.0390706259540649,0.592510210795468,0.780760650308062
"KRTAP21-3",0.0390443823345449,0.592758984576576,0.780978257210027
"ITGA1",0.0390321353121022,0.592875095261353,0.780998272024397
"TMEM251",0.0390286361628329,0.592908271641999,0.780998272024397
"NOTCH4",0.0390251370135636,0.59294144886667,0.780998272024397
"CHAF1A",0.0390111404164862,0.593074166204515,0.781117992104057
"PES1",0.0390058916925822,0.593123938686875,0.781125746460053
"STARD10",0.0389918950955049,0.593256674586385,0.781125746460053
"B3GNT9",0.0389866463716009,0.593306454028133,0.781125746460053
"TNFRSF14",0.0389796480730622,0.593372829568899,0.781125746460053
"NR2C1",0.0389691506252542,0.593472399204382,0.781201756945379
"NAGLU",0.0389446565803689,0.593704757859761,0.781364248731532
"MTA2",0.0388606769979049,0.594501729482522,0.782113825585388
"PELI1",0.0388536786993662,0.594568165671406,0.782113825585388
"SHQ1",0.0388449308261929,0.594651215639756,0.782113825585388
"IMPDH1",0.0388169376320382,0.594917010862997,0.782293585042516
"PKD1L1",0.0388151880574035,0.594933624851276,0.782293585042516
"SLC19A2",0.0387994418856915,0.595083160202784,0.782293585042516
"CD302",0.0387889444378835,0.59518285989248,0.782293585042516
"POLRMT",0.0387871948632489,0.595199477242718,0.782293585042516
"COL17A1",0.0387801965647102,0.595265948744244,0.782293585042516
"XIRP2",0.0387784469900755,0.595282567144735,0.782293585042516
"CP",0.0387714486915369,0.595349042846931,0.782293585042516
"GJB2",0.0387557025198249,0.595498625461355,0.78242371954551
"ZNF324",0.0387294589003049,0.595747967605629,0.782586158729705
"GJD3",0.0387259597510355,0.595781216792618,0.782586158729705
"UBE3A",0.0387189614524969,0.595847717684435,0.782605333489344
"KCNJ1",0.0387049648554195,0.59598072953788,0.782605333489344
"CNTNAP3",0.0386979665568809,0.596047240498631,0.782605333489344
"RNASE6",0.0386769716612649,0.596246793511725,0.782668218769499
"OR52B2",0.0386717229373609,0.596296686482185,0.782668218769499
"ZNF891",0.0386717229373609,0.596296686482185,0.782668218769499
"HOXB4",0.0386682237880915,0.596329949510562,0.782668218769499
"TMTC3",0.0386664742134568,0.59634658133915,0.782668218769499
"AOC2",0.0386559767656489,0.59644637671185,0.782744187440835
"EBF2",0.0386349818700328,0.596645990087135,0.782795767905583
"RHO",0.0386314827207635,0.596679261915878,0.782795767905583
"ANKDD1B",0.0386279835714942,0.596712534582434,0.782795767905583
"KDM1B",0.0386227348475902,0.59676244515305,0.782795767905583
"CLDN8",0.0386209852729555,0.596779082428769,0.782795767905583
"UBA6",0.0386157365490515,0.596828995512373,0.782806258879772
"PSMC6",0.0386017399519742,0.596962106281372,0.782870052617231
"HCRTR1",0.0385929920788008,0.597045307315658,0.782870052617231
"PSD4",0.0385929920788008,0.597045307315658,0.782870052617231
"COL9A3",0.0385842442056275,0.597128513582495,0.782923359371979
"KRTAP4-3",0.0385562510114728,0.597394808789101,0.78307526075474
"TCOF1",0.0385457535636648,0.597494683297486,0.783129391905667
"GDF3",0.0385335065412222,0.597611213071946,0.783172199518045
"GARRE1",0.0385335065412222,0.597611213071946,0.783172199518045
"CCN4",0.0385177603695102,0.597761052120234,0.78325864094559
"HMGB3",0.0385107620709715,0.597827652687256,0.783290952826378
"FPGS",0.0385037637724328,0.597894256597928,0.783323264554395
"CLCA2",0.0384950158992595,0.597977516187605,0.783377391436568
"LCN8",0.0384792697275475,0.598127396610156,0.783474323928497
"ZNF451",0.0384652731304701,0.598260637854647,0.783528448287054
"ANKRD27",0.0384495269587581,0.598410550227623,0.783647190404371
"ISG15",0.0384442782348541,0.598460524776121,0.783647190404371
"MEI4",0.0384425286602195,0.598477183376394,0.783647190404371
"GNPTG",0.0384337807870461,0.598560479508256,0.783701312065072
"NLRP12",0.0384250329138728,0.598643780856974,0.783744116988442
"TEAD1",0.0384215337646035,0.598677102856988,0.783744116988442
"NGB",0.0384005388689875,0.59887705237971,0.783895979131165
"FCRL5",0.0383795439733715,0.599077031932605,0.784102785645339
"TBC1D4",0.0383655473762941,0.59921036831206,0.78416739111457
"DDX19B",0.0383480516299475,0.599377057542359,0.784275620168227
"MARCHF8",0.0383183088611581,0.599660477043072,0.784500901634355
"SERPINB13",0.0383043122640808,0.599793871749571,0.784500901634355
"MRPS25",0.0382973139655421,0.599860574098925,0.784500901634355
"C2orf73",0.0382938148162728,0.599893926522435,0.784500901634355
"PPME1",0.0382903156670035,0.599927279778425,0.784500901634355
"ZDHHC14",0.0382675711967528,0.600144096230243,0.784553381618074
"CWF19L1",0.0382658216221181,0.600160775875152,0.784553381618074
"PRH2",0.0382640720474835,0.600177455728069,0.784553381618074
"TMEM182",0.0382413275772328,0.600394312741664,0.784584085647192
"NACAD",0.0382413275772328,0.600394312741664,0.784584085647192
"ZFP28",0.0382395780025981,0.60041099550598,0.784584085647192
"BZW2",0.0382238318308861,0.600561149739707,0.784670493391547
"RIPK4",0.0381940890620968,0.600844820332477,0.784919998083735
"MST1R",0.0381730941664808,0.601045094543975,0.785028196776228
"DUSP15",0.0381660958679421,0.601111859259568,0.785060495351867
"NKPD1",0.0381398522484221,0.601362256524222,0.785332599317976
"ITGA9",0.0381346035245181,0.601412341580629,0.785343091271139
"CHST6",0.0381258556513448,0.601495820824296,0.785397185885097
"FAM187B",0.0381101094796328,0.601646096531819,0.785538485656338
"PTPN23",0.0380996120318248,0.601746289669689,0.785614379997981
"UBE2J1",0.0380908641586514,0.60182978965338,0.785635356980601
"KCNA6",0.0380891145840168,0.601846490272085,0.785635356980601
"NIPSNAP2",0.0380821162854781,0.601913294819898,0.785666019379154
"SPAM1",0.0380716188376701,0.602013507859823,0.785666019379154
"PRPF31",0.0380663701137661,0.602063617177569,0.785666019379154
"C19orf54",0.0380646205391314,0.602080320697925,0.785666019379154
"SMIM32",0.0380453752181501,0.602264073096055,0.785740299972091
"TIAF1",0.0380453752181501,0.602264073096055,0.785740299972091
"SLC34A2",0.0380366273449768,0.602347605199209,0.785740299972091
"PRADC1",0.0380296290464381,0.602414434609513,0.785771801701271
"TMPO",0.0380226307478994,0.602481267332917,0.785771801701271
"CPLANE2",0.0380103837254567,0.602598232569674,0.785847677639217
"CYHR1",0.0379928879791101,0.602765343358751,0.786010721447286
"BTC",0.0379438998893394,0.603233363628279,0.786456286151604
"DYDC2",0.0379229049937234,0.603433993366974,0.78657492545783
"LAMA3",0.0379211554190887,0.603450713855204,0.78657492545783
"PENK",0.0379124075459154,0.603534319395739,0.786629000560738
"CPVL",0.0378984109488381,0.60366809900342,0.786681441255976
"CHRM4",0.0378949117995687,0.603701545970918,0.786681441255976
"TMEM119",0.0378634194561447,0.604002605847014,0.786842845983964
"MIOX",0.037851172433702,0.604119702750271,0.786842845983964
"ACOT1",0.0378406749858941,0.6042200795724,0.786918703353845
"CCHCR1",0.037814431366374,0.604471054118572,0.787135783483367
"STRN3",0.037803933918566,0.604571456929398,0.787189033708735
"TMED9",0.037798685194662,0.604621661118129,0.787189033708735
"TXNDC16",0.0377969356200274,0.604638396260002,0.787189033708735
"TLE3",0.0377864381722194,0.604738811439864,0.787253585502948
"ODAD1",0.03778293902295,0.604772284815314,0.787253585502948
"HEPN1",0.037772441575142,0.604872709887366,0.787263271093389
"GPR135",0.0377706920005074,0.604889448120549,0.787263271093389
"ZNF131",0.0377689424258727,0.604906186559763,0.787263271093389
"CCDC150",0.037735700507814,0.605224256041371,0.787622340312775
"CKLF",0.0377287022092754,0.60529122751007,0.787654610157335
"RBM14",0.0377007090151207,0.605559146318301,0.787782870841739
"SNRNP48",0.0377007090151207,0.605559146318301,0.787782870841739
"PRKN",0.0376954602912167,0.605609386959573,0.787782870841739
"CCDC121",0.0376394739029074,0.606145402302786,0.788381609680816
"DNAJB12",0.0376062319848487,0.606463760993609,0.788630914936404
"FLT1",0.0375379985740967,0.607117466314146,0.789085041062826
"LSM12",0.03752050282775,0.607285133327442,0.789204449935516
"HRG",0.0375012575067687,0.607469590721815,0.78925673981828
"PGBD3",0.037499507932134,0.607486360805654,0.78925673981828
"ALG10",0.03749425920823,0.607536672286763,0.78925673981828
"LACRT",0.037489010484326,0.607586985612113,0.789267200618476
"CRTAC1",0.0374767634618833,0.607704390542233,0.78936480718923
"GRIN3A",0.0374610172901713,0.607855354486581,0.789393639613954
"ZNF850",0.0374452711184593,0.608006335018182,0.789393639613954
"TCL1A",0.0374435215438247,0.608023111656484,0.789393639613954
"PITPNA",0.0374400223945553,0.608056665547211,0.789393639613954
"BRF2",0.0374382728199207,0.608073442799622,0.789393639613954
"PAFAH1B2",0.0374382728199207,0.608073442799622,0.789393639613954
"OR2T10",0.0374347736706513,0.608106997918503,0.789393639613954
"BRDT",0.0374190274989393,0.608258006084035,0.789413750337541
"NGFR",0.037384036006246,0.608593639114748,0.789641156322567
"SNX2",0.0373490445135526,0.608929353932894,0.789879021018527
"SLCO6A1",0.037347294938918,0.608946141819702,0.789879021018527
"MUL1",0.037347294938918,0.608946141819702,0.789879021018527
"FRAT1",0.037321051319398,0.60919798463615,0.790149111212022
"RPGRIP1",0.0373123034462246,0.609281942453449,0.790149111212022
"LMAN2",0.0372720632296273,0.609668214144271,0.790474042881197
"MAPRE1",0.03723182301303,0.610054593758082,0.790545622266865
"ELFN1",0.0372283238637606,0.61008819708285,0.790545622266865
"POLR2H",0.037221325565222,0.610155406178348,0.790545622266865
"TPCN1",0.0372125776920486,0.610239422133312,0.790545622266865
"ADCY7",0.0372090785427793,0.610273029941742,0.790545622266865
"BORA",0.0372055793935099,0.6103066385652,0.790545622266865
"SYT10",0.0371828349232593,0.610525114479987,0.790740702532303
"BAHCC1",0.0371758366247206,0.610592344763192,0.790751170570513
"RAB41",0.0371635896022779,0.610710005597929,0.790782580212151
"LCN2",0.0371495930052006,0.61084448733745,0.790847052458542
"ETV5",0.0371460938559313,0.61087810980761,0.790847052458542
"ZNF77",0.0371373459827579,0.610962169544125,0.790878471586123
"BPIFB3",0.0371338468334886,0.610995794863027,0.790878471586123
"THAP7",0.0371303476842193,0.611029420995726,0.790878471586123
"ZNF227",0.0371023544900646,0.611298459347158,0.791138804938344
"DARS1",0.0371006049154299,0.611315275972652,0.791138804938344
"SLC25A13",0.0370918570422566,0.611399362149678,0.791148452898068
"PGS1",0.0370883578929873,0.611432998043483,0.791148452898068
"ADCY5",0.0370656134227366,0.611651651168826,0.791266910316365
"CDC42SE1",0.0370638638481019,0.611668472062399,0.791266910316365
"VHL",0.0370498672510246,0.611803046524249,0.791353132352579
"CAGE1",0.0370481176763899,0.611819869246032,0.791353132352579
"SPOCD1",0.0370358706539473,0.611937633984869,0.791417593227216
"SOCS3",0.0370236236315046,0.61205540867308,0.791493339729847
"CRIM1",0.0369606389446566,0.612661264136581,0.792044461422093
"TMEM253",0.0369483919222139,0.6127790998884,0.792044461422093
"OVCH1",0.0369448927729446,0.612812769070377,0.792044461422093
"ARHGAP11B",0.0369448927729446,0.612812769070377,0.792044461422093
"FDXR",0.0369151500041552,0.613098989843439,0.792239447472225
"NFIC",0.0368906559592699,0.613334745023899,0.792489255435612
"RPRD1B",0.0368784089368272,0.613452637495617,0.79258674907424
"MIEF2",0.0368486661680379,0.6137389890692,0.792847019427017
"TRDN",0.0368189233992486,0.614025399101612,0.793073329713518
"OSCP1",0.0368084259514406,0.614126498946075,0.793073329713518
"B4GALT1",0.0368084259514406,0.614126498946075,0.793073329713518
"KRTAP13-3",0.0367996780782672,0.614210754374662,0.793094218120893
"ARL5C",0.0367979285036326,0.614227606066642,0.793094218120893
"WDR24",0.0367664361602085,0.614530971069383,0.793310064087852
"NOD2",0.0367629370109392,0.614564682331497,0.793310064087852
"PRSS38",0.0367559387124005,0.614632107278785,0.793342265224866
"ADAMTSL1",0.0367156984958032,0.615019863400684,0.793727798311258
"C17orf98",0.0366912044509179,0.615255941120251,0.793727798311258
"ZNF799",0.0366877053016485,0.615289669735308,0.793727798311258
"METTL23",0.0366824565777445,0.615340264169994,0.793727798311258
"CENPI",0.0366754582792059,0.615407726238526,0.793727798311258
"ECHDC2",0.0366702095553019,0.615458324906384,0.793727798311258
"LUZP2",0.0366649608313979,0.615508925388135,0.793727798311258
"SOD3",0.0366632112567632,0.615525792618438,0.793727798311258
"ZC3H12D",0.0366492146596859,0.615660737714782,0.793835694431678
"NSD2",0.0366457155104165,0.61569447600358,0.793835694431678
"SAMD3",0.0366317189133392,0.615829437215879,0.793954892271418
"PSMA2",0.0366177223162619,0.615964411316773,0.794073224732432
"PTPN21",0.0366107240177232,0.616031903199285,0.794073224732432
"ARHGEF39",0.0366089744430885,0.616048776673175,0.794073224732432
"ZNF728",0.0365739829503952,0.616386288412258,0.794343798122228
"CRLF3",0.0365669846518565,0.6164538004169,0.79437598679266
"MARCO",0.0365599863533178,0.616521315639401,0.794408175167755
"SLC7A8",0.0365424906069712,0.61669011777074,0.794570861641003
"TRIM42",0.0365162469874512,0.616943358655723,0.794776164548166
"PLEKHG7",0.0364952520918352,0.617145983911618,0.794784840188119
"SCO2",0.0364935025172005,0.617162870655103,0.794784840188119
"ZNF823",0.0364900033679312,0.617196644744501,0.794784840188119
"CNTN5",0.0364550118752378,0.617534429804177,0.79503273267756
"TAS2R10",0.0364515127259685,0.617568212725435,0.79503273267756
"TRIM33",0.0364480135766992,0.617601996449242,0.79503273267756
"ZNF235",0.0364200203825445,0.61787229512442,0.795271053324856
"SSC4D",0.0364095229347365,0.617973670362604,0.795346720949073
"ZNF684",0.0363990254869285,0.618075052817429,0.79541106979531
"IDH1",0.0363692827181391,0.618362342282709,0.795626739296959
"NDUFAF1",0.0363640339942351,0.618413046433503,0.795626739296959
"FAM50B",0.0363167954790991,0.618869464877537,0.796060756667325
"NKAPL",0.0362905518595791,0.6191230937129,0.796319884282355
"THNSL1",0.0362853031356751,0.619173824879857,0.796319884282355
"PAGE1",0.0362800544117711,0.619224557846314,0.796319884282355
"RAB32",0.0362783048371365,0.619241469234989,0.796319884282355
"MARCHF9",0.0362678073893285,0.619342941765002,0.796340707773024
"TEX101",0.0362538107922511,0.61947824966422,0.796459850662878
"SLC27A1",0.0362328158966351,0.619681235489449,0.796665984305153
"VOPP1",0.0362240680234618,0.619765821405682,0.796719884400641
"TBC1D10B",0.0362135705756538,0.619867331094812,0.79678232200984
"LMNTD2",0.0362100714263845,0.619901169255093,0.79678232200984
"ZSCAN5B",0.0362048227024805,0.619951927992723,0.79678232200984
"EIF2B5",0.0361978244039418,0.620019609104046,0.79678232200984
"RNF133",0.0361925756800378,0.620070372033145,0.79678232200984
"CRHBP",0.0361785790829605,0.620205748624051,0.796835294205601
"NFAT5",0.0361523354634404,0.620459614142559,0.797063127921752
"H2AC17",0.0361435875902671,0.620544245952719,0.797083012013314
"NEK11",0.0361365892917284,0.620611954989228,0.797083012013314
"TMEM64",0.0361225926946511,0.620747382629272,0.797103830994518
"THOC3",0.0360631071570724,0.621323092328674,0.797776892210257
"MTERF1",0.0360246165151098,0.621695732980601,0.798123858255588
"CRH",0.0360228669404751,0.621712673479454,0.798123858255588
"PURB",0.0360088703433978,0.621848204628113,0.798242976811784
"CTSE",0.0359756284253391,0.62217014208812,0.798491586973456
"ZNF620",0.0359598822536271,0.622322663812345,0.798565210807447
"LYPD1",0.0359581326789924,0.622339611663595,0.798565210807447
"SCHIP1",0.0359476352311844,0.622441302940887,0.798565210807447
"C11orf45",0.0359073950145871,0.622831185699506,0.799010525080641
"ACKR1",0.0359021462906831,0.622882047710328,0.799020889005981
"L3MBTL1",0.0358689043726244,0.623204215223288,0.799201173569857
"RASGRP4",0.0358584069248164,0.623305967199882,0.799201173569857
"COL4A4",0.0358566573501817,0.623322926556228,0.799201173569857
"ADGRF2",0.0358409111784697,0.623475569679041,0.799210544319216
"TMEM260",0.0358374120292004,0.623509492552067,0.799210544319216
"TOMM40",0.0358216658574884,0.623662155284053,0.799241665776544
"ZNF404",0.0358181667082191,0.62369608251378,0.799241665776544
"MANEA",0.0358111684096804,0.623763939348981,0.799273779161685
"CALHM1",0.0357989213872377,0.623882696431538,0.799371105828445
"MICALCL",0.0357901735140644,0.623967528856305,0.799411626573033
"ZNF180",0.0357814256408911,0.624052366227714,0.799411626573033
"ICMT",0.0357796760662564,0.624069334295511,0.799411626573033
"HSP90B1",0.0357726777677177,0.62413720854484,0.799411626573033
"BHMT2",0.0357639298945444,0.624222055806759,0.799422006051364
"BORCS6",0.0357359367003897,0.624493600263148,0.799591982855449
"PLPP6",0.0357254392525817,0.624595442479926,0.799591982855449
"HTR3D",0.0357219401033124,0.624629391466333,0.799591982855449
"NPY1R",0.0357149418047737,0.624697291810016,0.799591982855449
"ZNF878",0.035676451162811,0.625070800186179,0.799960410078604
"TTC37",0.0356624545657337,0.625206645104182,0.800024618291587
"OTOGL",0.0356064681774244,0.625750151026473,0.800544171042747
"GSN",0.035602969028155,0.625784126850132,0.800544171042747
"H3C8",0.0355854732818084,0.625954017791628,0.800662181413041
"ZNF16",0.0355802245579044,0.626004988915894,0.800662181413041
"GSE1",0.0355207390203257,0.626582785507601,0.80129143400027
"OASL",0.0355119911471523,0.62666777478221,0.801345249012842
"ANKRD36C",0.0354944954008057,0.626837768082007,0.801452875792398
"KRT23",0.035482248378363,0.626956775090744,0.801550159610811
"VPS13C",0.0354595039081123,0.627177813657868,0.801766461172589
"GVQW3",0.035456004758843,0.627211822538634,0.801766461172589
"SFTPB",0.0354437577364003,0.627330859809052,0.801863742234881
"C16orf89",0.0354385090124963,0.627381878728183,0.801874073852146
"TPRA1",0.035419263691515,0.627568963217606,0.801970278104563
"PABPC3",0.0354052670944377,0.627705039583224,0.802067550578564
"SREBF1",0.0353947696466297,0.627807105099409,0.802131681215634
"HOXB6",0.0353807730495523,0.627943203440553,0.802207214409725
"ARID4A",0.035366776452475,0.62807931433389,0.802271340845341
"IQCF5",0.0353580285793017,0.628164390014687,0.802292001202284
"CDKL3",0.0353370336836857,0.628368591641983,0.802476191021996
"HOXA7",0.0353317849597816,0.628419646457991,0.802486517418766
"BACH1",0.0353160387880696,0.628572821484833,0.802572367132751
"TMEM171",0.0353160387880696,0.628572821484833,0.802572367132751
"INTS2",0.0353107900641656,0.628623883352714,0.802582693840257
"DDHD1",0.0353055413402616,0.628674946983058,0.802593021385986
"POU4F3",0.0352862960192803,0.628862195369912,0.802722326616668
"TMOD1",0.0352688002729336,0.629032441727488,0.802772903953563
"COMMD8",0.0352688002729336,0.629032441727488,0.802772903953563
"PRELID3A",0.035256553250491,0.629151625819401,0.802772903953563
"RBP7",0.0352548036758563,0.629168652900695,0.802772903953563
"ERG28",0.035251304526587,0.629202707650046,0.802772903953563
"HYOU1",0.0352285600563363,0.629424082586712,0.802945639780699
"NVL",0.0352215617577976,0.629492204598844,0.802977693674476
"FSBP",0.0352128138846243,0.629577361511526,0.803031471355639
"DCTPP1",0.0352023164368163,0.629679556255201,0.803052130061604
"RNF224",0.0352023164368163,0.629679556255201,0.803052130061604
"NRBF2",0.0351953181382776,0.629747689991723,0.803084182880534
"DLGAP5",0.0351813215412003,0.629883966840384,0.80320205999166
"FEZF1",0.035172573668027,0.629969146217489,0.80320205999166
"MELK",0.035172573668027,0.629969146217489,0.80320205999166
"PRR11",0.0351603266455843,0.630088405545218,0.803299273804525
"RFX5",0.0351550779216803,0.630139519613604,0.803309601931991
"KDM6A",0.0350973419587363,0.630701890248022,0.803642525910627
"MYO1H",0.0350973419587363,0.630701890248022,0.803642525910627
"PLA2G1B",0.0350833453616589,0.630838254499382,0.803706613072547
"KCTD8",0.0350693487645816,0.630974631221466,0.803715878644939
"EP400",0.0350588513167736,0.631076921944626,0.803736538068593
"MLANA",0.0350378564211576,0.631281524422306,0.803861590849396
"DEFB116",0.0350256093987149,0.631400888813317,0.803861590849396
"GDF5",0.0350203606748109,0.631452047900148,0.803861590849396
"MED1",0.0350116128016376,0.631537316936452,0.803861590849396
"STAT2",0.0350046145030989,0.631605535667382,0.803861590849396
"S100A6",0.0349871187567523,0.631776096109818,0.803866869747573
"PARPBP",0.0349853691821176,0.631793153223614,0.803866869747573
"APLF",0.0349818700328483,0.631827268034498,0.803866869747573
"SPRR1A",0.0349766213089443,0.631878441708946,0.803866869747573
"AHSP",0.0349731221596749,0.631912558463905,0.803866869747573
"C5orf60",0.0349661238611363,0.631980794306336,0.803866869747573
"AQP5",0.0349556264133283,0.63208315390036,0.803866869747573
"PRAMEF20",0.0348978904503842,0.632646256659576,0.804276103263602
"BPIFC",0.0348961408757496,0.632663323679887,0.804276103263602
"SCUBE2",0.0348611493830562,0.633004704826436,0.804545791978938
"GREM2",0.0348244083157282,0.633363238502464,0.804869196286772
"TWSG1",0.0348191595918242,0.6334144645753,0.804869196286772
"RAVER2",0.0347771698005922,0.633824335905152,0.80517088088461
"RECQL4",0.0347754202259576,0.633841416297148,0.80517088088461
"ZBTB5",0.0347544253303416,0.634046396094109,0.805376487346364
"HAPLN1",0.0347159346883789,0.634422264724567,0.805555132652794
"HNRNPR",0.0347159346883789,0.634422264724567,0.805555132652794
"PDE6H",0.0347089363898402,0.634490614527986,0.805555132652794
"TBC1D30",0.0346984389420322,0.634593145030168,0.805555132652794
"LAMC3",0.0346949397927629,0.634627323409867,0.805555132652794
"SLC25A35",0.0346949397927629,0.634627323409867,0.805555132652794
"FBXO25",0.0346914406434935,0.634661502562284,0.805555132652794
"ODAD4",0.0346756944717815,0.634815318308918,0.805640859250975
"BCL2L11",0.0346546995761655,0.635020430300247,0.805791653505055
"KCNA10",0.0346546995761655,0.635020430300247,0.805791653505055
"TMEM125",0.0346372038298189,0.635191378190799,0.805953813376681
"TRIM5",0.0346092106356642,0.635464934941787,0.806191367772082
"KIRREL3",0.0345917148893175,0.635635932978124,0.806244001921994
"ANGPTL2",0.0345917148893175,0.635635932978124,0.806244001921994
"PROKR2",0.0345864661654135,0.635687236147638,0.806254317303449
"MAP4K5",0.0345619721205282,0.635926673867744,0.806448466161064
"CAPS",0.0345479755234509,0.636063512372443,0.806567229567338
"CCL17",0.0345374780756429,0.636166149337928,0.80664261015922
"CDYL",0.0345042361575842,0.636491212105254,0.806879046488664
"PPP1R14C",0.0345024865829495,0.636508322595925,0.806879046488664
"ZNF268",0.0345007370083149,0.636525433278941,0.806879046488664
"ZNF576",0.0344744933887948,0.636782116600237,0.807146366015602
"LTB4R2",0.0344622463663522,0.636901916952822,0.807146366015602
"CCDC125",0.0344517489185442,0.637004610463994,0.807146366015602
"ANKRD29",0.0344482497692748,0.637038843171449,0.807146366015602
"LOXHD1",0.0344237557243895,0.637278493636256,0.807372451409961
"OR1N2",0.0344202565751202,0.637312732489443,0.807372451409961
"NPHP1",0.0344167574258508,0.637346972110572,0.807372451409961
"USP45",0.0343625206121762,0.63787778439312,0.807716150337373
"PPARA",0.0343047846492322,0.638443045094652,0.808103172496626
"PFDN1",0.0343047846492322,0.638443045094652,0.808103172496626
"OR51B5",0.0342837897536162,0.638648646155079,0.808199086298431
"FAM209A",0.0342330520892108,0.639145629139741,0.808608844994839
"OR3A1",0.0342120571935948,0.639351324309208,0.808726412884955
"LHX8",0.0342103076189601,0.639368466815504,0.808726412884955
"C3orf38",0.0342033093204215,0.63943703875129,0.808746968366149
"CTDSP1",0.0341823144248055,0.63964277289626,0.808854250566088
"USP9Y",0.0341683178277281,0.639779944269342,0.808972934270428
"CPA6",0.0341560708052855,0.639899979242324,0.809024314898595
"BRINP2",0.0341543212306508,0.639917127858989,0.809024314898595
"SH3BP5L",0.0341438237828428,0.640020023565983,0.809024314898595
"NACA",0.0341315767604001,0.640140077237687,0.809032366671086
"MPP2",0.0341245784618615,0.64020868353187,0.809032366671086
"PRKCI",0.0341228288872268,0.640225835582165,0.809032366671086
"GPR142",0.0341193297379575,0.6402601402548,0.809032366671086
"OPN1MW",0.0341018339916108,0.640431675056882,0.809051835858921
"DTL",0.0341000844169761,0.640448829585473,0.809051835858921
"FXR2",0.0340913365438028,0.640534605087043,0.809082701242698
"OR12D3",0.0340650929242828,0.640791960169806,0.809200240505218
"SMCO1",0.0340615937750134,0.640826277418729,0.809200240505218
"FSCB",0.0340458476033014,0.640980714463551,0.8092527759836
"DMBX1",0.0340440980286668,0.640997875087031,0.8092527759836
"SLC25A29",0.0340370997301281,0.641066519484257,0.809284731505204
"PPP1R2C",0.0340038578120694,0.641392621944884,0.809563103309848
"GGCX",0.0339986090881654,0.641444118083768,0.809563103309848
"SBK1",0.0339933603642614,0.641495615933896,0.809563103309848
"GFI1",0.0339898612149921,0.64152994878457,0.809563103309848
"METTL6",0.0339881116403574,0.64154711549506,0.809563103309848
"NCAPD2",0.0339653671701068,0.641770300027007,0.809790022519045
"PCED1A",0.0339303756774134,0.642113723536768,0.810168619157728
"ERP44",0.0339146295057014,0.642268288893668,0.810308894371286
"ATXN3L",0.0339006329086241,0.642405693226439,0.810416096113417
"CHRND",0.0338971337593548,0.642440046206851,0.810416096113417
"CLCA4",0.0338673909905654,0.642732077169231,0.810674969488253
"ZNF783",0.0338306499232374,0.643092896929488,0.811075293291135
"AMT",0.0338131541768907,0.643264745223959,0.811171042602506
"GMPS",0.0338096550276214,0.643299117154943,0.811171042602506
"TNNT2",0.0338009071544481,0.643385050295103,0.811224628632956
"SND1",0.0337939088559094,0.643453800214068,0.811245118181905
"TRPV3",0.0337624165124854,0.643763212310823,0.811372773189157
"NPIPB2",0.0337624165124854,0.643763212310823,0.811372773189157
"ZFP42",0.0337554182139467,0.643831978876355,0.811404685707187
"ZNF304",0.0337466703407734,0.643917941337172,0.81145826399548
"TSGA10IP",0.0337134284227147,0.644244641778006,0.811815189922815
"KRTAP10-11",0.0337081796988107,0.644296232292509,0.811823036896578
"BIRC2",0.0336959326763681,0.644416616769271,0.811823036896578
"PPP3R2",0.0336906839524641,0.644468212948633,0.811823036896578
"GSTM3",0.0336784369300214,0.644588610640686,0.811919936084538
"NPPA",0.0336626907583094,0.644743421261077,0.81206016559697
"ALLC",0.033643445437328,0.644932654992941,0.812155860714173
"CDKN1A",0.0336416958626934,0.644949859191042,0.812155860714173
"PCGF6",0.0335559667055947,0.645793095733031,0.812998439899567
"ERCC5",0.0335507179816907,0.645844737147453,0.813008648622663
"TMEM242",0.0335157264889974,0.646189056509572,0.813299304647852
"IGF2BP2",0.0335139769143627,0.64620627445221,0.813299304647852
"DDX41",0.033491232444112,0.646430124811089,0.813471397545442
"CGNL1",0.0334754862724,0.646585116738842,0.813501996780828
"CLHC1",0.0334317469065333,0.647015729678301,0.813769665800522
"APOBEC4",0.0333985049884747,0.647343073947079,0.81393917595975
"DEPDC7",0.0333950058392053,0.647377535176522,0.81393917595975
"ACTL8",0.033391506689936,0.647411997155819,0.81393917595975
"TMEM200B",0.033381009242128,0.647515387592215,0.813957059302821
"STYXL1",0.0333687622196853,0.647636018294645,0.813957059302821
"ALKBH8",0.0333670126450507,0.647653252001584,0.813957059302821
"OGFOD1",0.0333635134957813,0.64768771997747,0.813957059302821
"KLK11",0.0333512664733387,0.647808363793339,0.813999125493131
"XCR1",0.0333162749806453,0.64815311096345,0.814267960470429
"MBTD1",0.0333092766821067,0.648222069380858,0.814299816220953
"CXCR6",0.0332777843386827,0.648532419293985,0.814634884499224
"CCDC59",0.0332480415698933,0.648825583160734,0.81478392893423
"PHF20L1",0.0332375441220853,0.648929065652433,0.81485908896153
"MRE11",0.0332322953981813,0.648980809419649,0.814869275024967
"P2RX5",0.0332217979503733,0.649084301995759,0.81494443187044
"GEMIN6",0.033192055181584,0.649377567453611,0.815203028148392
"TNKS2",0.0331640619874293,0.649653631253761,0.815304846179939
"TSPO2",0.0331518149649866,0.649774424175915,0.815304846179939
"OR10J3",0.0331518149649866,0.649774424175915,0.815304846179939
"NAT2",0.033150065390352,0.649791681053218,0.815304846179939
"KLRG1",0.033144816666448,0.649843452803306,0.815304846179939
"ZNF865",0.0331098251737546,0.650188640652944,0.815508599921718
"LPAR3",0.033102826875216,0.650257687161892,0.815540431497917
"UMPS",0.0330730841064266,0.650551168047746,0.815744166406587
"CYP2C8",0.0330643362332533,0.650637496188331,0.815786171379545
"ANHX",0.033060837083984,0.650672028746504,0.815786171379545
"DRICH1",0.0330520892108106,0.650758363396235,0.81579506463582
"MANSC1",0.0330293447405599,0.650982855236712,0.815902006872078
"SNX1",0.0330031011210399,0.651241923305822,0.816050944828295
"XRCC4",0.0329996019717706,0.651276468872656,0.816050944828295
"C20orf144",0.0329803566507893,0.651466482765567,0.816234270235458
"RPL22",0.0329698592029813,0.651570136173724,0.816309375674547
"PYY",0.0329646104790773,0.651621965382951,0.81631954826214
"TWNK",0.0329471147327306,0.651794741472287,0.81648122555077
"SCAF11",0.0329401164341919,0.651863857101237,0.816513037908968
"RFLNA",0.0329086240907679,0.652174914138326,0.816793099278927
"EDDM13",0.0328981266429599,0.652278613159989,0.81686819415114
"YIPF3",0.0328841300458826,0.652416888895101,0.816986577511393
"TLX1",0.0328736325980746,0.652520603473897,0.817061668821891
"CCDC144NL",0.0328543872770933,0.652710764176319,0.817177376512692
"CLEC2A",0.0328491385531893,0.652762630072316,0.817177376512692
"MCOLN2",0.0328421402546506,0.652831787190478,0.817177376512692
"RSBN1",0.0328421402546506,0.652831787190478,0.817177376512692
"CLVS2",0.0328263940829386,0.652987401527077,0.817305896192794
"TARM1",0.0328228949336692,0.653021984524999,0.817305896192794
"RAMP2",0.0328071487619572,0.653177617167093,0.817422920473369
"CEACAM18",0.0328001504634186,0.653246792036037,0.817422920473369
"FTSJ3",0.0327826547170719,0.653419742142827,0.817475020381795
"SLC10A2",0.0327214196048586,0.654025212927211,0.818122898635538
"E2F6",0.0327056734331466,0.654180941946811,0.818262894099433
"TMPRSS4",0.0326794298136266,0.654440523495865,0.818532762979426
"LRRC26",0.0326636836419146,0.65459629232572,0.818639588208455
"FBXO17",0.0326619340672799,0.654613600894467,0.818639588208455
"PRUNE1",0.0326391895970292,0.654838629044591,0.818811344137438
"FGF22",0.0325937006565279,0.655288778648363,0.819319356633649
"RNF169",0.0325884519326239,0.65534072698776,0.819329456233994
"TMPRSS12",0.0325762049101812,0.655461946213538,0.819426153523263
"MRPS34",0.0325622083131039,0.655600493498169,0.819544499101192
"RPIA",0.0325552100145652,0.655669771549918,0.819576243455342
"PSTPIP1",0.0325342151189492,0.655877623336794,0.81972632626902
"GALNT1",0.0325149697979679,0.656068177365729,0.819843193980325
"MRPL22",0.0324904757530825,0.656310732786602,0.820048119724532
"SEC22C",0.0324799783052745,0.656414696114497,0.820089937775426
"CDH6",0.0324782287306399,0.656432023977557,0.820089937775426
"GGN",0.0324729800067359,0.656484008666709,0.820100023134412
"SERPINB2",0.0324589834096585,0.656622642569518,0.82021834476813
"SERPINB6",0.0324484859618505,0.656726625693206,0.820293369545633
"C11orf65",0.0324047465959838,0.657159959678581,0.820688614200451
"FRMD3",0.0323942491481758,0.657263976858736,0.820688614200451
"VSTM1",0.0323907499989065,0.657298650715822,0.820688614200451
"CCN6",0.0323872508496372,0.657333325304651,0.820688614200451
"IL17RC",0.0323855012750025,0.65735066287345,0.820688614200451
"IK",0.0323732542525598,0.65747203097613,0.820785270756029
"MINAR2",0.0323627568047518,0.657576067909923,0.820860279679548
"SCGB1D2",0.0323522593569438,0.657680111424817,0.820880422440011
"VIRMA",0.0323347636105972,0.657853531902963,0.820987140783143
"MAGEB4",0.0323102695657118,0.658096351260937,0.821180427350121
"PICALM",0.0323015216925385,0.658183081133376,0.821233780281061
"UBE2S",0.0322805267969225,0.658391251443287,0.821438640654341
"DDB2",0.0322525336027678,0.658668852719141,0.821675204955091
"ANKRD34C",0.0322402865803252,0.658790317954832,0.821738600212998
"CMTR1",0.0322192916847092,0.658998564848062,0.821788871164494
"CNBD1",0.0322140429608051,0.659050630670359,0.821788871164494
"NCOR2",0.0322122933861705,0.659067986308727,0.821788871164494
"C1orf53",0.0321877993412851,0.659310984364983,0.822025388331867
"GRPR",0.0321335625276105,0.659849178409372,0.822398682066422
"C5orf52",0.0321335625276105,0.659849178409372,0.822398682066422
"SETD1B",0.0321265642290718,0.659918635530512,0.822398682066422
"KIF20A",0.0321230650798025,0.659953365181488,0.822398682066422
"NPY4R",0.0321003206095518,0.660179125626972,0.822570241524406
"PRB2",0.0320758265646665,0.660422286584101,0.822773468572877
"RAB27A",0.0320723274153971,0.660457026768146,0.822773468572877
"BRMS1",0.0320705778407625,0.660474397132393,0.822773468572877
"IMMP1L",0.0320478333705118,0.660700228378661,0.822888563103065
"MEIOB",0.0320408350719731,0.660769721083302,0.822888563103065
"PAX8",0.0320338367734345,0.660839216689318,0.822898600539385
"PLEKHN1",0.0320040940046451,0.661134605371381,0.823101785875335
"CRYBG3",0.0319988452807411,0.661186738222002,0.823111819959612
"RMDN2",0.0319865982582984,0.661308387879748,0.823208388458454
"CFDP1",0.0319603546387784,0.661569095593557,0.823478034477824
"C3orf20",0.0319341110192584,0.661829844024753,0.823637913440814
"CDIPT",0.0318746254816798,0.66242102440396,0.824099057538526
"TRAPPC8",0.0318658776085064,0.662507980308355,0.824152337323575
"MEGF11",0.0318413835636211,0.662751480848128,0.82435543629569
"NPC2",0.0318378844143518,0.662786269526738,0.82435543629569
"LAMA4",0.0318361348397171,0.662803664136651,0.82435543629569
"ZNF622",0.0318221382426398,0.662942827509474,0.824438724992251
"CTTNBP2",0.0318133903694664,0.663029810478472,0.824438724992251
"VGLL1",0.0318063920709278,0.663099400098931,0.824448731525707
"SLC26A9",0.0317871467499464,0.663290786424869,0.824576897242286
"LYRM4",0.0317574039811571,0.663586608168498,0.824801577978822
"SGO1",0.0317556544065224,0.663604011068204,0.824801577978822
"PAX2",0.0317469065333491,0.663691028266922,0.824854837553273
"PI15",0.0317171637645597,0.66398692039331,0.825112763674593
"HBS1L",0.0317049167421171,0.664108773436987,0.825209278290696
"VSIG1",0.0316996680182131,0.664160998866987,0.825219267835795
"RBP3",0.0316314346074611,0.664840076604727,0.825953121178067
"ARMC6",0.0316121892864797,0.665031660720543,0.826081230170725
"BTD",0.0316069405625757,0.665083914700961,0.826091193865067
"RBBP9",0.0315999422640371,0.665153589185513,0.826122792553611
"PPP2R5E",0.031578947368421,0.665362629850215,0.826247478825033
"SLC2A12",0.031568449920613,0.665467159860569,0.826247478825033
"DHX58",0.0315667003459784,0.66548458215606,0.826247478825033
"PYDC1",0.031563201196709,0.665519427284481,0.826247478825033
"DENND5B",0.0315404567264584,0.665745938081798,0.82641881951583
"CD180",0.031526460129381,0.665885344381148,0.826536932850081
"ADCK5",0.031505465233765,0.666094475304408,0.826631697839399
"MED10",0.0314984669352264,0.666164191336547,0.826663284877166
"PLK3",0.031473972890341,0.666408219978575,0.826899484331031
"ENTPD1",0.0314354822483784,0.66679176432315,0.827222199448595
"SLC22A6",0.031421485651301,0.666931256423317,0.827340295248214
"OR6C3",0.031389993307877,0.667245155405608,0.827509829494331
"FPGT",0.0313445043673757,0.667698667038509,0.828017284569137
"PRG2",0.0313025145761437,0.668117400034907,0.828316553574876
"C16orf96",0.0312762709566237,0.668379160206972,0.828562617487787
"CFB",0.031269272658085,0.668448969677045,0.828562617487787
"TLX3",0.0312517769117383,0.66862350579478,0.828613974401015
"SOX5",0.0312342811653917,0.668798059681061,0.828763574581182
"RBM42",0.0312255332922183,0.668885343284858,0.828773480474226
"ABCA9",0.0312202845683143,0.668937715577958,0.8287833870329
"RCOR1",0.031185293075621,0.669286905021857,0.829161010825088
"FAM222A",0.0311555503068316,0.669583771836259,0.829363743388644
"SERPINA2",0.0311503015829276,0.669636165415859,0.829373633881994
"SKA1",0.0311083117916956,0.670055371450748,0.829716013228366
"UCN2",0.0311048126424263,0.670090309890954,0.829716013228366
"SETDB1",0.0310295809331356,0.670841657493868,0.830359308295863
"ARHGAP19",0.0310138347614236,0.670998957651628,0.830455701332128
"NAT9",0.0310050868882503,0.671086352808612,0.830497059694797
"EN2",0.031001587738981,0.67112131210719,0.830497059694797
"ADH1B",0.030991090291173,0.671226194239044,0.830516788366794
"DCX",0.0309648466716529,0.671488427358324,0.83057599016089
"CD276",0.0309630970970183,0.671505910977333,0.83057599016089
"TCEAL7",0.0309491004999409,0.671645786276791,0.830650732037968
"DPYS",0.0308948636862663,0.67218790957931,0.831073713048557
"FAM180A",0.0308808670891889,0.672327839835277,0.831073713048557
"NONO",0.0308773679399196,0.672362824158929,0.831073713048557
"GUCA1ANB",0.0308756183652849,0.672380316584659,0.831073713048557
"TTLL5",0.0308738687906503,0.672397809186314,0.831073713048557
"MICU2",0.0308703696413809,0.672432794917367,0.831073713048557
"EPCAM",0.0308633713428423,0.67250276849021,0.831105194833454
"ST7L",0.0308318789994183,0.67281768438216,0.831329346577653
"GPATCH11",0.0308126336784369,0.673010161013106,0.831457152019632
"AGER",0.0307986370813596,0.673150157365854,0.831520096498756
"NECTIN2",0.0307496489915889,0.673640233056611,0.831960388345805
"KLHL4",0.0307356523945116,0.673780279938332,0.832013700550447
"TBC1D28",0.0307304036706076,0.673832800411102,0.832013700550447
"AIMP2",0.0307199062227996,0.673937846087952,0.832013700550447
"SNX18",0.0307146574988956,0.673990371291586,0.832013700550447
"ADAMTS3",0.0307024104764529,0.674112936230549,0.832013700550447
"SIGLECL1",0.0307006609018182,0.67413044620805,0.832013700550447
"RDH14",0.0306989113271836,0.674147956360652,0.832013700550447
"CST1",0.0306936626032796,0.674200487868987,0.832013700550447
"MAGEB1",0.0306919130286449,0.674217998721914,0.832013700550447
"LRIG2",0.0306831651554716,0.67430555561229,0.83206676951537
"TMEM132E",0.0306604206852209,0.674533224001946,0.832232005289845
"PRR35",0.0306516728120476,0.674620796639228,0.832232005289845
"RFC3",0.0306464240881436,0.674673342320112,0.832232005289845
"USP30",0.0306376762149702,0.674760921951727,0.832232005289845
"CABCOCO1",0.0306359266403356,0.674778438402498,0.832232005289845
"GXYLT1",0.0306341770657009,0.674795955028064,0.832232005289845
"NUFIP2",0.0306044342969116,0.675093764398544,0.832434381612783
"LIPJ",0.0305799402520262,0.675339057074586,0.832681866371226
"SERINC1",0.0305519470578716,0.67561943344786,0.832972573215754
"ULBP3",0.0305327017368902,0.675812218104898,0.833100263057892
"UROC1",0.0305187051398129,0.675952438376293,0.833218120197719
"P2RX4",0.0305012093934662,0.676127729396873,0.833379189164202
"CCDC43",0.0304889623710235,0.67625044347428,0.833385090459083
"EDNRA",0.0304819640724849,0.67632056963465,0.833385090459083
"TTLL10",0.0304784649232155,0.67635563375928,0.833385090459083
"CDC6",0.0304627187515035,0.676513430934744,0.833469545229716
"ZNF33B",0.0304382247066182,0.67675892121586,0.833561866759853
"MED17",0.0304329759827142,0.676811530710345,0.833561866759853
"TRIM77",0.0304172298110022,0.67696936858009,0.83361294092088
"C2orf15",0.0303437476763462,0.677706131307092,0.834231384974284
"ZNF791",0.0303419981017115,0.677723677007614,0.834231384974284
"PRR20A",0.0303367493778075,0.677776315149581,0.834231384974284
"ABCB10",0.0303367493778075,0.677776315149581,0.834231384974284
"PDX1",0.0303245023553648,0.677899143548765,0.834241196950233
"GUF1",0.0302842621387675,0.678302782355558,0.834484589737036
"CYP2C18",0.0302387731982662,0.67875917998162,0.834914473117087
"PADI2",0.0301950338323995,0.679198134087872,0.835399390952654
"TRIM27",0.0301792876606875,0.679356183997066,0.835538761430965
"ZNF518A",0.0301617919143408,0.67953181140705,0.835609234696129
"TERF2",0.0301512944665328,0.679637196135907,0.835609234696129
"FBXW9",0.0301512944665328,0.679637196135907,0.835609234696129
"AKAIN1",0.0301425465933595,0.679725021487076,0.835662201388495
"LRRC53",0.0301250508470128,0.679900685122642,0.835768129753864
"AGXT2",0.0301198021231088,0.679953387574975,0.835777903537597
"TMTC2",0.0301058055260315,0.680093935030591,0.8358956453196
"ADPRM",0.0300935585035888,0.680216923099198,0.835958373418088
"BAIAP2L2",0.0300620661601648,0.68053321687615,0.836160418314407
"ACE",0.0300568174362608,0.680585937927264,0.836170184641114
"PIGW",0.0300480695630875,0.680673809786639,0.836189719146367
"NPR3",0.0300375721152795,0.68077926169401,0.836230844483043
"TTK",0.0299675891298928,0.681482432522547,0.836721182682999
"OR8D1",0.0299535925328155,0.681623099656811,0.836728868751847
"SERPINA11",0.0299448446596421,0.681711022191541,0.836781797597714
"ZNF493",0.0299255993386608,0.681904466859646,0.836818776007279
"SEC63",0.0299221001893915,0.681939640846286,0.836818776007279
"RACGAP1",0.0299151018908528,0.682009990876354,0.836818776007279
"SNRNP40",0.0299046044430448,0.682115521062421,0.836859880631527
"CFAP65",0.0298818599727941,0.682344190954609,0.837030452764575
"GCK",0.0298801103981594,0.682361782145034,0.837030452764575
"TRAPPC11",0.0298678633757168,0.682484925271241,0.837071548195029
"SGPL1",0.0298206248605808,0.682959984430788,0.837510788845542
"DCLRE1A",0.0298188752859461,0.682977581608353,0.837510788845542
"CNOT9",0.0297611393230021,0.683558384298465,0.838057925894974
"TNFAIP8L3",0.0297611393230021,0.683558384298465,0.838057925894974
"ECSCR",0.0297383948527514,0.683787236394314,0.838283472948682
"SEMA3G",0.0297313965542128,0.683857658222487,0.838314776827251
"FXYD2",0.0297139008078661,0.684033724726085,0.838420544922516
"ANXA7",0.0297069025093274,0.684104156099381,0.838451845341386
"DDI2",0.0296894067629807,0.684280246457553,0.83855332356351
"DCAF10",0.0296806588898074,0.684368298023,0.83855332356351
"NUDT6",0.0296736605912687,0.684438742339853,0.83855332356351
"FCN1",0.0296719110166341,0.684456353844621,0.83855332356351
"CTHRC1",0.0296509161210181,0.684667705175408,0.838674252801058
"PRDX4",0.0296456673971141,0.684720546836012,0.838674252801058
"MOS",0.0296404186732101,0.684773390027324,0.838674252801058
"TIGD7",0.0296334203746714,0.68484384999645,0.838674252801058
"PRKACG",0.0296334203746714,0.68484384999645,0.838674252801058
"PRICKLE3",0.0296176742029594,0.685002394872322,0.838727117723431
"DDX25",0.0296019280312474,0.685160953513666,0.838864132987465
"STAT3",0.0295949297327087,0.685231428437871,0.838864132987465
"PPP2R2B",0.0295616878146501,0.685566221427513,0.839087407522133
"ANK3",0.0295494407922074,0.685689581656625,0.839149974758052
"FABP4",0.0295476912175727,0.685707205225028,0.839149974758052
"HYPK",0.0295354441951301,0.685830574952379,0.839245958446509
"ZAR1",0.0295301954712261,0.685883450236063,0.839255671664071
"SLC7A4",0.0295126997248794,0.686059712199387,0.839371073449332
"ARL5B",0.0295074510009754,0.68611259409282,0.839371073449332
"SPNS1",0.0294864561053594,0.686324136911468,0.839508028522831
"HPGD",0.0294707099336474,0.686482810026238,0.83960399214473
"LCE1F",0.029419972269242,0.686994183280793,0.840107517422016
"QTRT2",0.029398977373626,0.687205827590427,0.840132253665535
"MRPL47",0.0293902295004527,0.687294019898097,0.840132253665535
"KRBA1",0.029388479925818,0.687311658866207,0.840132253665535
"MITF",0.0293849807765487,0.687346937308937,0.840132253665535
"THEM5",0.029383231201914,0.687364576783539,0.840132253665535
"MEX3C",0.0293762329033754,0.687435136370002,0.840161348643195
"FHAD1",0.0293692346048367,0.687505698656943,0.840161348643195
"ITGAE",0.029367485030202,0.687523339650565,0.840161348643195
"ELK4",0.0293482397092207,0.687717401715229,0.840343509188276
"WDR7",0.02932549523897,0.687946774099331,0.840435093184332
"HDHD3",0.0293184969404314,0.688017355948557,0.840435093184332
"S100A9",0.0292660097013913,0.688546805715733,0.840861841597269
"CLEC1A",0.0292485139550447,0.688723322632102,0.840879025543965
"NR4A2",0.0292065241638127,0.689147031825356,0.841209801723552
"RNFT1",0.029173282245754,0.689482536886858,0.841344388036522
"RMC1",0.0291557864994073,0.689659142832486,0.841502705469503
"OSGIN1",0.0291505377755033,0.689712127886955,0.841502705469503
"FUT3",0.0291330420291567,0.689888755633553,0.84162011889818
"ZNF513",0.0291172958574447,0.690047734935716,0.841704101473414
"PFN4",0.029110297558906,0.69011839675938,0.841735317259547
"PAGE5",0.029099800111098,0.690224394519458,0.84180962528867
"FOXA3",0.029094551387194,0.690277395660062,0.841819292238952
"PSMC4",0.0290770556408473,0.690454077009442,0.841979780752749
"H1-3",0.029031566700346,0.690913526807166,0.842375050701829
"OR7A5",0.0290228188271726,0.69100189549307,0.842427795562933
"C8orf44",0.029015820528634,0.691072593449043,0.842447095586766
"UBAP1L",0.0290123213793646,0.691107943429259,0.842447095586766
"CUL1",0.028994825633018,0.69128470334991,0.842552575850873
"PSMB9",0.0289860777598446,0.691373089570659,0.842605313287759
"STX11",0.028979079461306,0.69144380155129,0.842634258437539
"TXNRD3",0.0289720811627673,0.691514516201582,0.842634258437539
"WDR33",0.0289615837149593,0.691620593181441,0.842686991013608
"EXOSC10",0.028947587117882,0.691762038493311,0.842713701568344
"TSPAN31",0.0289405888193433,0.69183276515033,0.842713701568344
"FH",0.028937089670074,0.691868129478872,0.842713701568344
"ZNF613",0.028937089670074,0.691868129478872,0.842713701568344
"PHACTR3",0.0289248426476313,0.691991909877775,0.842776078736733
"UBE2F",0.0288985990281113,0.692257181073256,0.842855529027331
"SERPINF2",0.0288968494534766,0.692274867151634,0.842855529027331
"TROAP",0.0288933503042073,0.692310239807741,0.842855529027331
"CPSF6",0.028889851154938,0.692345613129594,0.842855529027331
"REXO2",0.028868856259322,0.692557867037526,0.842949082689835
"TRRAP",0.028868856259322,0.692557867037526,0.842949082689835
"ZMYM5",0.0288548596622446,0.692699382949066,0.843011447670843
"SMARCD2",0.0288111202963779,0.693141688730181,0.843384857562373
"TBC1D5",0.0287988732739353,0.693265552950558,0.843401902824372
"INTS12",0.0287953741246659,0.693300944221714,0.843401902824372
"XYLB",0.0287796279529539,0.693460213155858,0.843497651484878
"IER5",0.0287568834827033,0.693690292002347,0.843594101446311
"DUSP21",0.0287481356095299,0.693778791327063,0.843594101446311
"PRAMEF2",0.0287411373109913,0.693849593769981,0.843594101446311
"VSX2",0.0287393877363566,0.693867294794965,0.843594101446311
"DCAF7",0.0287271407139139,0.693991206608541,0.843594101446311
"CORT",0.0287271407139139,0.693991206608541,0.843594101446311
"ZNF710",0.0287096449675673,0.694168237562457,0.843609845875933
"CC2D1B",0.0287043962436633,0.694221350077035,0.843609845875933
"CHID1",0.0286991475197593,0.694274464081236,0.843609845875933
"NR5A2",0.0286903996465859,0.694362990731213,0.843609845875933
"COL10A1",0.0286886500719513,0.694380696557577,0.843609845875933
"C15orf65",0.0286764030495086,0.694504641973874,0.843609845875933
"RAB27B",0.0286676551763352,0.694593179375554,0.843609845875933
"F13B",0.0286641560270659,0.694628595493623,0.843609845875933
"ARHGDIA",0.0286501594299886,0.694770266577877,0.843662516164398
"CH25H",0.0286291645343726,0.694982793032663,0.843810859620206
"SRL",0.0286081696387566,0.695195343268373,0.843925840099835
"DOC2B",0.0286064200641219,0.695213056860996,0.843925840099835
"APEX2",0.0285959226163139,0.695319341882144,0.844000001884241
"RFPL4B",0.0285906738924099,0.695372486620097,0.84400965491109
"SLC29A4",0.0285661798475246,0.695620515023321,0.844255831724431
"HIGD2B",0.0285486841011779,0.695797697950252,0.844415998890045
"LRFN5",0.0285066943099459,0.696223004176894,0.844657712485882
"CNBD2",0.0284856994143299,0.696435692839316,0.844860863882239
"TIMM17A",0.0284752019665219,0.69654204605131,0.844934999483909
"PI4K2B",0.0284472087723672,0.696825683544263,0.845169273014201
"ANKH",0.0284297130260205,0.697002978332445,0.845219636603905
"EFNA4",0.0284244643021165,0.697056169970542,0.845229257912599
"ADAT2",0.0284139668543085,0.697162557678309,0.845270000480304
"KLK1",0.0284122172796739,0.697180289537299,0.845270000480304
"TLR7",0.0283562308913645,0.697747795612674,0.845748044892796
"ZFP62",0.0283527317420952,0.697783270314692,0.845748044892796
"FBLN7",0.0283509821674605,0.697801007911388,0.845748044892796
"NDUFA10",0.0283369855703832,0.697942914580294,0.845810257134616
"TOPAZ1",0.0283037436523245,0.698279984902609,0.846054041653116
"RGL3",0.0282705017342659,0.698617114265352,0.846407604672055
"FAR2",0.0282355102415725,0.698972050997054,0.846727769632288
"GUCA2A",0.0282075170474178,0.699256047390377,0.846907000068915
"B3GNT7",0.0281917708757058,0.699415813709543,0.847045570121225
"TULP4",0.0281655272561858,0.699682120244107,0.847088746067044
"PAX7",0.0281602785322818,0.699735385949315,0.847088746067044
"CC2D2A",0.0281585289576472,0.699753141510074,0.847088746067044
"IRAK1BP1",0.0281567793830125,0.699770897233664,0.847088746067044
"NACA2",0.0281480315098392,0.699859678293772,0.847088746067044
"BABAM2",0.0281375340620312,0.699966220937509,0.84716279840768
"COL14A1",0.0281252870395885,0.700090528092481,0.847258339985431
"PXN",0.0281095408678765,0.700250363289017,0.847341958324847
"SKOR2",0.0280955442707992,0.700392450075497,0.847411309326248
"DOCK8",0.0280920451215298,0.700427973397484,0.847411309326248
"NKAIN2",0.0280867963976258,0.70048125959921,0.847411309326248
"LITAFD",0.0280850468229912,0.700499021991416,0.847411309326248
"INPP5B",0.0280815476737218,0.700534547263223,0.847411309326248
"ANP32D",0.0280762989498178,0.700587836389287,0.847420882927871
"UBR3",0.0280553040542018,0.700801007509399,0.847564262781393
"C5orf58",0.0280430570317592,0.700925368124734,0.847564262781393
"SMUG1",0.0280378083078551,0.700978667965378,0.847564262781393
"ERG",0.0280378083078551,0.700978667965378,0.847564262781393
"ACTR5",0.0280378083078551,0.700978667965378,0.847564262781393
"MAP3K9",0.0280185629868738,0.701174113204637,0.847633616707697
"THSD7B",0.0280115646883351,0.701245189065498,0.847633616707697
"CLEC4A",0.0280098151137005,0.701262958435995,0.847633616707697
"RBMXL2",0.0279993176658925,0.701369578062674,0.847652769035041
"SMIM1",0.0279923193673538,0.701440661054776,0.847683822043419
"EPHA3",0.0279730740463725,0.701636152647108,0.847755501509827
"CTPS1",0.0279503295761218,0.701867213422905,0.847844017476223
"MOB3A",0.0279450808522178,0.701920539024306,0.847844017476223
"CYP3A7",0.0279363329790445,0.70200941826202,0.847844017476223
"ATP8A2",0.0279363329790445,0.70200941826202,0.847844017476223
"FOXP2",0.0279345834044098,0.702027194594791,0.847844017476223
"TCF12",0.0279293346805058,0.702080524563406,0.847853596944466
"TMEM217",0.0278925936131778,0.702453875078138,0.848137616830841
"GTPBP4",0.0278908440385431,0.702471655451372,0.848137616830841
"GALP",0.0278628508443885,0.702756163381995,0.848285555023406
"KYNU",0.0278523533965805,0.702862864508098,0.848359520296855
"PTTG2",0.0278453550980418,0.702934001818576,0.848390553054397
"UBE2E1",0.0278296089263298,0.703094070201182,0.848528908244089
"CA7",0.0278208610531564,0.703183002722875,0.848581400804627
"WDR70",0.0278068644560791,0.703325303137363,0.848698285287419
"IL1B",0.0277666242394818,0.703734474241667,0.849027457424895
"ADAMTS6",0.0277456293438658,0.703947988611167,0.849175341383681
"CHI3L1",0.0277228848736151,0.704179321971782,0.849344679484952
"AIRE",0.0276966412540951,0.704446278819926,0.849556935505679
"CLECL1",0.0276599001867671,0.704820079085103,0.849733380478561
"FSTL4",0.0276599001867671,0.704820079085103,0.849733380478561
"ZSCAN5C",0.0276599001867671,0.704820079085103,0.849733380478561
"FRRS1",0.0276354061418818,0.705069318554505,0.849978995179702
"H3C4",0.0276301574179778,0.705122731099059,0.849988519073519
"NFS1",0.0275899172013804,0.705532275159237,0.850160078682903
"ATP10D",0.0275811693282071,0.705621317680956,0.850160078682903
"SHISA8",0.0275759206043031,0.705674745113641,0.850160078682903
"RNF8",0.0275689223057644,0.705745983929661,0.850191059528501
"EOGT",0.0275619240072257,0.705817225304148,0.850222039459512
"TP53TG3B",0.0275146854920897,0.706298171459231,0.850381653916232
"PDZD9",0.0275129359174551,0.706315986515719,0.850381653916232
"SPATA4",0.0275094367681857,0.70635161710756,0.850381653916232
"AP5B1",0.0275094367681857,0.70635161710756,0.850381653916232
"OLFM4",0.0275041880442817,0.706405064192355,0.850381653916232
"LRRC69",0.0274989393203777,0.70645851271338,0.850391181658723
"MBD5",0.0274761948501271,0.706690139561838,0.850524598477632
"ATP11C",0.0274656974023191,0.706797053350442,0.850524598477632
"FAM237A",0.0274482016559724,0.70697525574829,0.850584151428231
"RSRC1",0.0274464520813377,0.706993076864376,0.850584151428231
"ZNF829",0.0273992135662017,0.707474307182687,0.851065388788655
"SLF2",0.027360722924239,0.707866506514656,0.8513607334701
"FOXN2",0.0273572237749697,0.707902164813513,0.8513607334701
"TEX35",0.0273519750510657,0.707955653453124,0.85137023721124
"TMC8",0.027318733133007,0.708294448020945,0.851567831395818
"CASKIN2",0.0273152339837377,0.708330113939799,0.851567831395818
"NFIL3",0.027313484409103,0.708347947137184,0.851567831395818
"ID1",0.027313484409103,0.708347947137184,0.851567831395818
"FUCA2",0.0273064861105644,0.708419281512909,0.851598770696131
"GCC2",0.0273012373866604,0.708472783959952,0.851608271431812
"GCG",0.0272889903642177,0.708597628552449,0.851703521099597
"UBQLN3",0.0272802424910444,0.708686808016686,0.851722518567138
"RASGRP2",0.0272784929164097,0.70870464438495,0.851722518567138
"KDM5B",0.0272697450432364,0.708793828602876,0.851774888552043
"DYRK4",0.0272592475954284,0.708900854891755,0.851793885733669
"ARSJ",0.027224256102735,0.709257650349778,0.852046201462866
"H4C1",0.0272207569534657,0.709293333376697,0.852046201462866
"COPS7A",0.027203261207119,0.709471757999625,0.85213897360027
"SLC26A5",0.0271997620578497,0.709507444821386,0.85213897360027
"LAMB4",0.0271787671622337,0.70972157902628,0.852274595229401
"FOXJ1",0.027140276520271,0.710114217464853,0.852538771237695
"RYK",0.0271175320500203,0.710346266983646,0.852762543047282
"KLHL28",0.0270650448109803,0.710881867521367,0.853240987007008
"C2CD3",0.0270527977885377,0.711006861369618,0.85326936558237
"PPP1R3A",0.0270213054451137,0.711328309511643,0.853392915040756
"PTGES",0.027014307146575,0.711399749348938,0.853423800028312
"KRBOX1",0.0269898131016897,0.711649808573478,0.853580722234946
"MAGEB18",0.026988063527055,0.711667671124456,0.853580722234946
"ERVV-2",0.0269688182060736,0.71186416954478,0.8537615740058
"CYTH4",0.026956571183631,0.711989223879239,0.853801897082873
"FAM104B",0.026930327564111,0.712257223326784,0.854068436780162
"ZNF20",0.026925078840207,0.712310827448188,0.854077877081559
"MTMR8",0.026909332668495,0.712471648271904,0.854103665418462
"CAD",0.026904083944591,0.712525258032182,0.854103665418462
"RGS10",0.0268865881982443,0.712703967408773,0.854165391473159
"POP7",0.0268480975562816,0.713097183106142,0.85446017004738
"SLC35E2A",0.0268288522353003,0.713293819326741,0.85454329140716
"MYCBP",0.0268061077650496,0.713526231952097,0.85460933914037
"FAM83A",0.0268061077650496,0.713526231952097,0.85460933914037
"TMPRSS6",0.026799109466511,0.713597748836569,0.85460933914037
"SCARB2",0.026799109466511,0.713597748836569,0.85460933914037
"FBXO38",0.0267921111679723,0.71366926821767,0.85460933914037
"CACTIN",0.0267851128694336,0.713740790094834,0.854640186946921
"CX3CR1",0.0267606188245483,0.713991136313233,0.854687376328409
"OR4K3",0.0267273769064896,0.714330940748054,0.854908340237786
"RBP5",0.0266748896674496,0.714867588464666,0.855197822583616
"ATP6V0A2",0.0266696409435456,0.714921260933118,0.855197822583616
"TMCO4",0.0266678913689109,0.714939152066717,0.855197822583616
"ADAMTS13",0.0266468964732949,0.715153857786658,0.855399862176484
"IQGAP3",0.0266276511523136,0.715350691005207,0.855470929449526
"RAB3D",0.0266276511523136,0.715350691005207,0.855470929449526
"NEXN",0.0265856613610816,0.715780210456234,0.855929774009517
"LAMC1",0.0265699151893696,0.715941303268359,0.856067595866565
"SNRPA",0.0265366732713109,0.716281429283933,0.856130824040415
"TTC27",0.0265349236966762,0.716299332200811,0.856130824040415
"SPAST",0.0265261758235029,0.716388849105549,0.856130824040415
"LPAR5",0.0265069305025216,0.716585799904243,0.856289999296925
"RNASE13",0.0264911843308096,0.716746955377702,0.856427775984258
"ABHD10",0.0264824364576362,0.71683649160349,0.85647996399378
"PPP6C",0.0264107038976149,0.717570834186734,0.85713801722235
"VMP1",0.0264002064498069,0.717678320693605,0.857211583350842
"MYO16",0.0263827107034602,0.717857477192156,0.857346677872639
"SLC30A5",0.0263774619795562,0.717911227143728,0.857346677872639
"PIBF1",0.0263757124049216,0.717929144102067,0.857346677872639
"FAM71E2",0.0263599662332095,0.718090403651221,0.857384154238299
"C9orf131",0.0263564670839402,0.718126240798755,0.857384154238299
"DIRAS3",0.0263232251658815,0.718466724372323,0.857659606543784
"NOP10",0.0263162268673429,0.718538412193477,0.857690360867019
"KLHL10",0.0263057294195349,0.718645948532729,0.857763899456589
"SNAPC2",0.0262952319717269,0.718753490399294,0.85782540057494
"SLC22A3",0.0262724875014762,0.718986516729433,0.857951069352686
"ZNF804A",0.0261937566429162,0.719793346353721,0.858648866259797
"STEAP3",0.0261885079190122,0.719847146017865,0.858648866259797
"ZNF107",0.0261727617473002,0.720008553268034,0.85878654622773
"NTHL1",0.0260870325902015,0.72088754311728,0.859591173395972
"NUSAP1",0.0260800342916628,0.720959313561496,0.859591173395972
"ARAP2",0.0260642881199508,0.721120805974631,0.859640473690399
"FCRL1",0.0260625385453162,0.721138750337732,0.859640473690399
"C3orf62",0.0260502915228735,0.721264365143213,0.859668384786669
"TMEM72",0.0259890564106602,0.721892551000406,0.860209614144297
"PTPRF",0.0259435674701588,0.722359323845005,0.860546197112286
"HAO1",0.0259190734252735,0.722610705551327,0.860754401244449
"SLC4A9",0.0259138247013695,0.722664576925474,0.860754401244449
"SH3RF1",0.0259120751267348,0.72268253435327,0.860754401244449
"ANKRD22",0.0259085759774655,0.722718449663429,0.860754401244449
"HTRA4",0.0258875810818495,0.722933954248496,0.860843531466162
"UBAP2",0.0258508400145215,0.723311139723065,0.861042406792014
"ARL10",0.0258490904398868,0.723329102600123,0.861042406792014
"GFRAL",0.0258263459696361,0.723562633758028,0.861210614241599
"WRN",0.0258158485218281,0.723670425982448,0.861229138829299
"HOMER2",0.0258158485218281,0.723670425982448,0.861229138829299
"VGLL2",0.0257773578798655,0.724065710641705,0.86153486314631
"CNOT1",0.0257633612827881,0.724209468622936,0.861651018411286
"UNC45A",0.0257371176632681,0.724479040840629,0.861916840791158
"CIBAR2",0.0257231210661908,0.724622826549726,0.861978083353037
"CXCL13",0.0257003765959401,0.724856498875797,0.862131171633842
"STAT1",0.0256951278720361,0.724910426869983,0.862131171633842
"OR8B4",0.0256916287227668,0.724946379618181,0.862131171633842
"CIRBP",0.0256881295734974,0.724982332967953,0.862131171633842
"STXBP3",0.0256758825510548,0.725108174428517,0.862225917842034
"CATSPERB",0.0256391414837268,0.725485742989789,0.862565045586791
"HFM1",0.0256268944612841,0.725611613893115,0.862592716786536
"MUC13",0.0256233953120148,0.725647578359031,0.862592716786536
"NOX1",0.0256093987149374,0.72579144222368,0.862675290381662
"GMNN",0.0255831550954174,0.726061212836187,0.862852572111677
"ARHGAP25",0.0255796559461481,0.726097184799053,0.862852572111677
"RPA1",0.0255534123266281,0.726366993617284,0.863063365109836
"PLA2G2D",0.0255429148788201,0.726474926576255,0.863136696274454
"MGAT4D",0.0255341670056468,0.726564874823585,0.863188651539775
"ZNF454",0.0255131721100307,0.72678076587249,0.863375080014275
"SLC9A4",0.0254921772144147,0.726996678445752,0.863427024906383
"LMNB1",0.0254781806173374,0.727140632111537,0.863433268394905
"CLDN17",0.0254659335948947,0.727266599407203,0.863527942687325
"STIP1",0.0254186950797587,0.727752541731325,0.863885239266143
"THG1L",0.0254134463558547,0.727806542030569,0.863894431102257
"FOXF1",0.0254029489080467,0.727914546650735,0.863912816042776
"NKAIN4",0.0254029489080467,0.727914546650735,0.863912816042776
"MEIOC",0.0253539608182761,0.728418639059141,0.864401226526147
"TPK1",0.0253137206016787,0.728832802159697,0.864727870728321
"LY96",0.0253137206016787,0.728832802159697,0.864727870728321
"AARS2",0.0252997240046014,0.72897687730307,0.864843867393733
"RNF148",0.0252769795343507,0.729211019661804,0.864956811889733
"HACD4",0.0252139948475027,0.729859544585263,0.865527547535697
"SGCZ",0.025212245272868,0.729877561905102,0.865527547535697
"SLC6A4",0.025196499101156,0.730039724438937,0.865631287709015
"MKRN2OS",0.025186001653348,0.730147839447935,0.865683154490201
"TAS2R3",0.0251615076084627,0.730400128488555,0.865872337162134
"PGLYRP2",0.0251562588845587,0.730454194191918,0.865881468151588
"BLID",0.0250950237723453,0.731085058840226,0.866464307583454
"SOWAHC",0.025075778451364,0.731283367875042,0.866641187224511
"LRMDA",0.0250670305781907,0.731373514234607,0.866641187224511
"ITPRIPL1",0.0250670305781907,0.731373514234607,0.866641187224511
"MYADML2",0.0250617818542867,0.731427603816414,0.86664714616947
"CCDC154",0.0250565331303827,0.731481694722473,0.86664714616947
"AGRP",0.0250530339811133,0.731517756062086,0.86664714616947
"TAAR8",0.025033788660132,0.731716103945203,0.866759910589211
"ABCC12",0.025033788660132,0.731716103945203,0.866759910589211
"ALKAL1",0.0250302895108627,0.731752169107951,0.866759910589211
"H3C13",0.0250215416376893,0.731842334586732,0.866811735206863
"CCL2",0.0249917988689,0.732148924683708,0.867113538974293
"LRP6",0.024986550144996,0.732203033223006,0.867113538974293
"TMCC2",0.024976052697188,0.732311254263557,0.867113538974293
"ANGPTL3",0.0249743031225533,0.73232929161713,0.867113538974293
"PTPN1",0.0249743031225533,0.73232929161713,0.867113538974293
"CA4",0.0249620561001107,0.732455557198797,0.867153089460839
"ARHGEF26",0.0249428107791293,0.732653989055681,0.867223089086316
"HOXB5",0.024928814182052,0.732798314269685,0.867338951600268
"UTY",0.0248693286444733,0.733411800936711,0.867680146604207
"GGH",0.0248430850249533,0.733682510546265,0.867777353146073
"GDF10",0.0248378363010493,0.733736656411205,0.867777353146073
"CENPO",0.024829088427876,0.733826902438804,0.86778643892529
"ZNF429",0.0248150918307986,0.733971303670784,0.867847297711653
"FOXS1",0.0248063439576253,0.734061559181381,0.867886810350136
"RAD21L1",0.024802844808356,0.734097662406356,0.867886810350136
"RPL36A",0.0247748516142013,0.73438650919407,0.868118390132822
"CCL16",0.024739860121508,0.734747620106912,0.868490288171942
"RXRB",0.0247258635244306,0.734892080768054,0.86851748124143
"PTER",0.024724113949796,0.73491013900505,0.86851748124143
"H2BE1",0.0247031190541799,0.735126849186139,0.86871861778033
"TLCD4",0.0246733762853906,0.735433891081763,0.868916514825268
"ITGB6",0.0246663779868519,0.735506142330231,0.868946907525265
"SEC14L3",0.0246471326658706,0.735704845230857,0.869059417338077
"CLPP",0.0246313864941586,0.735867433380067,0.869098854474554
"MRPS26",0.0246208890463506,0.735975832000324,0.869171913395602
"EMC7",0.0246033933000039,0.736156507953828,0.869275350439157
"IL12A",0.0245509060609639,0.736698622628265,0.869805504880863
"ANKLE2",0.0245281615907133,0.736933579382826,0.86985063856285
"SARS2",0.0245281615907133,0.736933579382826,0.86985063856285
"C17orf50",0.0245159145682706,0.737060104664656,0.869877723481272
"DDX3X",0.0244896709487506,0.737331254072933,0.87005740197549
"NOL9",0.0244704256277692,0.73753011758837,0.870224763361319
"ZNF839",0.0244564290306919,0.737674756548478,0.870297773423839
"ZNF160",0.0244336845604412,0.737909814510077,0.870452795545323
"SERPINF1",0.0244179383887292,0.738072561188635,0.870534803737473
"PNO1",0.0244144392394599,0.738108728699019,0.870534803737473
"IL1A",0.0243637015750546,0.738633222183361,0.870816807720574
"VIT",0.0243549537018812,0.738723664297823,0.870816807720574
"MORC4",0.0243497049779772,0.73877793128797,0.870816807720574
"ALS2CL",0.0243462058287079,0.738814109998527,0.870816807720574
"CDK5RAP1",0.0243322092316306,0.738958830576176,0.870916790440868
"KLRG2",0.0243287100823612,0.738995012154076,0.870916790440868
"MYD88",0.0243199622091879,0.739085468606624,0.870916790440868
"C5orf63",0.0243199622091879,0.739085468606624,0.870916790440868
"MAD2L1",0.0242692245447825,0.739610186625357,0.87131519872675
"OSM",0.0242517287984359,0.739791151769475,0.871393801299074
"STEAP4",0.0242464800745319,0.73984544409983,0.871393801299074
"TRIAP1",0.0242447304998972,0.739863541829054,0.871393801299074
"POLR2D",0.0242219860296465,0.740098825306876,0.871604944589914
"OR4S2",0.0242079894325692,0.740243627131788,0.871604944589914
"NFU1",0.0242027407086652,0.740297930170566,0.871604944589914
"PAQR5",0.0241922432608572,0.740406540099432,0.871604944589914
"POLE4",0.0241922432608572,0.740406540099432,0.871604944589914
"CDR1",0.0241904936862225,0.740424642253379,0.871604944589914
"ANKRD30B",0.0241817458130492,0.740515155161717,0.871604944589914
"GART",0.0241782466637799,0.740551361322896,0.871604944589914
"CUTA",0.0241747475145105,0.74058756805416,0.871604944589914
"OR2W3",0.0241642500667025,0.74069619166773,0.871604944589914
"GSTT2",0.0241380064471825,0.740967773132828,0.871759741150857
"ZNF226",0.0241310081486439,0.741040200265905,0.871790033396286
"TCP11",0.0241152619769319,0.741203169637389,0.87181700441793
"KCNIP1",0.0240767713349692,0.741601587685285,0.872011033911124
"CCR5",0.0240697730364305,0.741674034716569,0.872041316568033
"TMEM38B",0.0240557764393532,0.741818935592162,0.872101878453936
"SOS1",0.0240417798422758,0.74196384554786,0.872217333634533
"ETV7",0.0240172857973905,0.742217459805128,0.872276896648782
"MESD",0.0239980404764092,0.742416747631532,0.872276896648782
"TNKS",0.0239752960061585,0.742652291692501,0.872397977004632
"HTR1A",0.0239682977076198,0.742724771598503,0.872397977004632
"TMEM37",0.0239245583417532,0.743177822250656,0.872820337589815
"RIC1",0.0239035634461372,0.743395317915535,0.872965980721235
"MTNR1B",0.0238633232295398,0.743812241375062,0.873375980979143
"PKP1",0.0238580745056358,0.743866628191856,0.873375980979143
"MRPL23",0.0238563249310011,0.743884757412466,0.873375980979143
"ENPP3",0.0237985889680571,0.744483100639595,0.873754449999878
"SUZ12",0.0237950898187878,0.744519368786989,0.873754449999878
"TLR10",0.0237933402441531,0.744537503071441,0.873754449999878
"HSPA12B",0.0237845923709798,0.744628176600881,0.873754449999878
"PPP1R21",0.0237478513036518,0.745009043752499,0.874146440982702
"LCE3E",0.0237373538558438,0.745117874302711,0.874164295525939
"TMPRSS11E",0.0237198581094971,0.745299269767666,0.874322183554079
"NCKAP5",0.0236831170421691,0.745680245836298,0.874604300146875
"TM4SF20",0.0236358785270331,0.746170162858403,0.874904191458032
"PRSS23",0.0236253810792251,0.746279047140263,0.874930907100315
"SLC33A1",0.0236218819299558,0.746315343017795,0.874930907100315
"ATP6V1C2",0.0235956383104358,0.746587579891012,0.875118913076291
"PPIL6",0.0235536485192038,0.747023224134904,0.87551965697794
"SULT1C2",0.0235361527728571,0.747204766244826,0.875622527099729
"ITIH6",0.0235256553250491,0.747313698189533,0.87564029282814
"PPIF",0.0235256553250491,0.747313698189533,0.87564029282814
"ZMAT1",0.0235186570265104,0.747386322267581,0.875670448850021
"ZG16B",0.0234994117055291,0.747586049950846,0.875714866848787
"CKS2",0.0234959125562598,0.747622365881571,0.875714866848787
"PHF14",0.0234924134069904,0.747658682367954,0.875714866848787
"NAIP",0.0234836655338171,0.74774947601443,0.875720255985058
"SS18L1",0.0234819159591824,0.747767635160312,0.875720255985058
"ADIPOQ",0.0234609210635664,0.747985555737772,0.875823087082046
"RNPEPL1",0.0233839397796411,0.748784768646741,0.87664896810723
"EFHC1",0.0233734423318331,0.748893772990834,0.87672162630081
"MAGEA3",0.0233506978615824,0.749129966142576,0.876854511435122
"TNFAIP8L2",0.0233489482869477,0.749148135813815,0.876854511435122
"PIP4K2C",0.0233332021152357,0.749311669069845,0.876990958923885
"HMG20B",0.0232684678537531,0.749984089861839,0.877698039414452
"MTCP1",0.0232614695552144,0.750056795301705,0.877698039414452
"BMP8B",0.0232614695552144,0.750056795301705,0.877698039414452
"IRS4",0.023236975510329,0.750311281683415,0.877885822373102
"POLB",0.023200234443001,0.750693061792775,0.878222476950755
"KCNJ8",0.023179239547385,0.750911249054317,0.878275269780934
"VWC2",0.023179239547385,0.750911249054317,0.878275269780934
"LETM2",0.0231704916742117,0.75100216624645,0.878275269780934
"CTAGE1",0.0231599942264037,0.751111271403923,0.878280408393891
"RFPL3",0.023158244651769,0.751129456076832,0.878280408393891
"OCRL",0.0231547455024997,0.751165825833991,0.878280408393891
"DLEC1",0.0231355001815184,0.751365869298889,0.878404317685512
"ITGAD",0.0230917608156517,0.751820575165682,0.878770876317079
"APOBEC2",0.0230917608156517,0.751820575165682,0.878770876317079
"ATP23",0.023074265069305,0.752002481453928,0.878882271320037
"MC5R",0.0230707659200357,0.752038864351899,0.878882271320037
"HSFX3",0.0230287761288037,0.752475501740917,0.879138752040204
"NSRP1",0.0230252769795343,0.752511891738847,0.879138752040204
"SLC22A24",0.022995534210745,0.752821228743388,0.879166473550741
"LILRA3",0.0229762888897637,0.753021408966651,0.87918403562523
"PBX3",0.0229710401658597,0.75307600643256,0.879192817161623
"CEACAM20",0.022948295695609,0.753312609604389,0.879346634412014
"GSTO2",0.0229447965463397,0.753349012132803,0.879346634412014
"CLGN",0.0229342990985317,0.753458222981175,0.879358264248715
"NPSR1",0.0229255512253583,0.753549235759373,0.879358264248715
"VWA8",0.0229098050536463,0.753713067319358,0.879358264248715
"UGT2B15",0.0228975580312037,0.753840499470545,0.879358264248715
"GIPC1",0.022895808456569,0.75385870460654,0.879358264248715
"C1orf35",0.0228888101580303,0.753931526507567,0.879367049029185
"ZHX2",0.0228503195160677,0.754332085750618,0.879635745565123
"FHIT",0.0228398220682597,0.754441340564248,0.879686987349559
"TNFSF10",0.0228258254711823,0.754587021231924,0.879801923369173
"LRRC10B",0.0227873348292196,0.754987687715474,0.880104241668696
"CLCNKA",0.0227768373814116,0.755096971748151,0.880176697314223
"LRRC38",0.0227348475901796,0.755534156486077,0.880521429424897
"IGSF9B",0.0227295988662756,0.755588810042447,0.880530176984447
"PRR30",0.0227156022691983,0.755734558790952,0.880590131019455
"KCNK5",0.0227156022691983,0.755734558790952,0.880590131019455
"DOT1L",0.0226998560974863,0.755898536440984,0.880658825895334
"ZNF483",0.022696356948217,0.755934977400305,0.880658825895334
"SFRP4",0.0226823603511396,0.756080746622615,0.880773704087073
"KLF9",0.0226683637540623,0.756226524457357,0.880888577980765
"SDSL",0.0226316226867343,0.756609232214597,0.881224447822876
"CDC14C",0.0226193756642916,0.756736814632383,0.88122940204477
"LCMT1",0.0226193756642916,0.756736814632383,0.88122940204477
"TTC30A",0.022617626089657,0.756755041229065,0.88122940204477
"LGALS9C",0.0225598901267129,0.757356594161507,0.881807413824581
"APOM",0.0225563909774436,0.757393056605275,0.881807413824581
"PPP4R1",0.0225283977832889,0.757684775429556,0.882037079469077
"ZFPL1",0.0225196499101156,0.757775944585385,0.882088228688398
"FOXD3",0.0224251728798436,0.758760784198427,0.882870667421473
"MRGBP",0.0224234233052089,0.758779025636221,0.882870667421473
"WRAP73",0.0224041779842276,0.75897969023951,0.883049133747389
"HEATR3",0.0223936805364196,0.759089150446979,0.88310890867706
"ZMPSTE24",0.0223726856408036,0.759308085225588,0.883266135140024
"MYH1",0.0223394437227449,0.759654771091715,0.883504328366476
"KCNE4",0.0223132001032249,0.759928504307356,0.883657602044964
"C8orf76",0.0223132001032249,0.759928504307356,0.883657602044964
"DNAI2",0.0222817077598009,0.760257023540073,0.883916953126347
"SFTPA2",0.0222677111627236,0.760403045862034,0.883956201395431
"THEM4",0.0222519649910116,0.760567331097709,0.883956201395431
"RAB25",0.0222502154163769,0.760585585674166,0.883956201395431
"SAT1",0.0222204726475876,0.76089593369917,0.883986834618243
"POLR1H",0.0222152239236836,0.76095070496145,0.883986834618243
"CD8B",0.0222134743490489,0.760968962312995,0.883986834618243
"NEIL1",0.0221924794534329,0.761188060828183,0.884093663663261
"MMP12",0.0221819820056249,0.761297617210996,0.884093663663261
"CHCHD3",0.0221679854085475,0.761443699772606,0.884208327858806
"TMEM240",0.0220857554007182,0.762302105010882,0.884718672060066
"PGM2",0.0220840058260835,0.76232037210806,0.884718672060066
"GAS2L3",0.0220560126319289,0.762612663519095,0.884905505056391
"ZNF408",0.0220262698631395,0.762923259941569,0.885151936466704
"NRP2",0.0220245202885049,0.762941531499088,0.885151936466704
"RAB40AL",0.0219877792211769,0.763325264458148,0.885224789088077
"RSAD2",0.0219842800719075,0.763361813464525,0.885224789088077
"MAGEA2",0.0219440398553102,0.763782164624522,0.885492315260262
"STRADA",0.0219335424075022,0.763891832814388,0.885564486011267
"CYP1A2",0.0219177962357902,0.764056343909152,0.885590286032851
"TULP3",0.0219107979372515,0.764129463343174,0.885620073066719
"RPL7",0.0218880534670008,0.764367115910248,0.885730610953639
"TCEA1",0.0218600602728462,0.764659641600327,0.885972820455121
"CD3E",0.0218460636757688,0.764805916940153,0.885972820455121
"IQGAP2",0.0218408149518648,0.764860772338719,0.885972820455121
"ELMO2",0.0218408149518648,0.764860772338719,0.885972820455121
"MMP1",0.0218250687801528,0.765025345554699,0.886108493771989
"HTATSF1",0.0218198200562488,0.765080205632597,0.886117080334535
"MATN4",0.0218093226084408,0.765189929295712,0.886155432579181
"EEPD1",0.0217865781381902,0.765427679933253,0.886236716952721
"OR1L8",0.0217778302650168,0.765519128325126,0.886236716952721
"FOXJ2",0.0217708319664781,0.765592289372957,0.886236716952721
"KRT39",0.0217690823918435,0.765610579959049,0.886236716952721
"OPRM1",0.0217690823918435,0.765610579959049,0.886236716952721
"PRIMPOL",0.0217603345186701,0.765702034833834,0.886287648128707
"ARHGEF38",0.0217410891976888,0.765903246960339,0.886410673621571
"CCDC190",0.0217253430259768,0.76606788671782,0.886521096551546
"XPC",0.0217183447274381,0.766141063308094,0.886521096551546
"HLA-DPB1",0.0216658574883981,0.766689953665969,0.886919787255813
"FAM83D",0.0216606087644941,0.766744849095114,0.886919787255813
"UGT2B28",0.0216536104659555,0.766818044807219,0.886919787255813
"ZBTB12",0.0216116206747235,0.767257262404653,0.887136452193322
"PROC",0.0216116206747235,0.767257262404653,0.887136452193322
"EXOSC7",0.0216011232269155,0.767367078399153,0.887136452193322
"TXNRD1",0.0215923753537421,0.767458595267807,0.887166175118938
"ZPR1",0.0215661317342221,0.767733165169939,0.887428643480459
"WHAMM",0.0215276410922594,0.768135919995689,0.887729359024721
"PCK2",0.0215223923683554,0.768190845922561,0.887737902261602
"SNAI2",0.0215031470473741,0.768392250864245,0.88774686198892
"VNN1",0.0215031470473741,0.768392250864245,0.88774686198892
"TKTL1",0.0214961487488354,0.768465492871122,0.88774686198892
"C1orf131",0.0214943991742008,0.768483803693236,0.88774686198892
"ZRANB3",0.0214786530024888,0.768648606857364,0.887882321973536
"OR9I1",0.0214454110844301,0.768996558701921,0.888229311046884
"ATG4D",0.0213876751214861,0.769601005791696,0.88843295735973
"ATAT1",0.0213736785244088,0.769747559351815,0.888534592140815
"FHL2",0.0213701793751394,0.769784199016834,0.888534592140815
"NOP9",0.0213649306512354,0.769839159470295,0.888543114904347
"PIPOX",0.0213001963897527,0.770517099282539,0.88905111784966
"MBIP",0.0212949476658487,0.770572075006624,0.88905111784966
"FNDC3A",0.0212914485165794,0.770608726124611,0.88905111784966
"HEBP1",0.0212389612775394,0.771158553826155,0.889262748459204
"GJA3",0.0212372117029047,0.771176883382162,0.889262748459204
"SLC9B2",0.0212214655311927,0.771341855088096,0.889377163255575
"ZDHHC5",0.0212162168072887,0.771396847936742,0.889377163255575
"PRR5L",0.0212127176580194,0.77143351046895,0.889377163255575
"OR1N1",0.0212004706355767,0.771561833319063,0.889377163255575
"ASB10",0.0212004706355767,0.771561833319063,0.889377163255575
"ACP1",0.0211829748892301,0.77174516243083,0.889533583506645
"C9orf152",0.0211602304189794,0.771983509177004,0.889698489194059
"BEND6",0.021125238926286,0.772350238154488,0.89001129436498
"ARNTL2",0.0210972457321314,0.772643657662888,0.890184636058735
"DEFB129",0.0210797499857847,0.772827061233864,0.890328353863617
"PDLIM7",0.021020264448206,0.773450727469475,0.890894645751814
"SLC46A3",0.0210115165750327,0.773542455342042,0.890945352819487
"INSYN2A",0.0209957704033207,0.773707573418167,0.891080577279088
"PKN2",0.020925787417934,0.77444155433939,0.891705947524196
"ZNF92",0.020910041246222,0.774606727636863,0.891731199244656
"C1orf74",0.020910041246222,0.774606727636863,0.891731199244656
"CHD2",0.0208907959252407,0.774808619854226,0.891828246716075
"KRT13",0.0208872967759713,0.774845329153328,0.891828246716075
"SLC44A5",0.0208855472013367,0.774863683990106,0.891828246716075
"GABPA",0.0208645523057207,0.775083951763501,0.891925278663118
"OR1L6",0.0208593035818167,0.77513902151302,0.891925278663118
"PRSS2",0.020857554007182,0.775157378345528,0.891925278663118
"OTUD4",0.0208015676188727,0.7757448627492,0.892258507321826
"NSDHL",0.020794569320334,0.775818307258854,0.892258507321826
"FZD9",0.0207928197456993,0.775836668697054,0.892258507321826
"SOX14",0.0207910701710647,0.775855030259549,0.892258507321826
"PLSCR5",0.0207770735739873,0.776001927232988,0.892258507321826
"JMJD8",0.0207753239993527,0.776020289913708,0.892258507321826
"KRT79",0.0207700752754487,0.776075378701024,0.892266915329988
"USP51",0.0207508299544673,0.776277380480307,0.892397691475267
"PRMT3",0.0207455812305633,0.776332474480545,0.892397691475267
"PLSCR1",0.0207175880364086,0.776626327995508,0.892600172068086
"PIGY",0.0206965931407926,0.776846738945929,0.89271410882071
"GPR137C",0.0206668503720033,0.777159018296611,0.892878152799637
"CCDC30",0.0206651007973686,0.777177388783059,0.892878152799637
"OR2C1",0.0206441059017526,0.777397844257853,0.892878152799637
"JSRP1",0.020642356327118,0.777416216350245,0.892878152799637
"SLC66A3",0.0206353580285793,0.777489705954385,0.892878152799637
"NAP1L4",0.0206353580285793,0.777489705954385,0.892878152799637
"KDELR3",0.0206336084539446,0.777508078664014,0.892878152799637
"PRRC2C",0.0206301093046753,0.777544824453519,0.892878152799637
"ODF1",0.0206091144090593,0.777765309553377,0.893055328694674
"TRIM13",0.0206038656851553,0.77782043360287,0.893063716830641
"ABCD1",0.020584620364174,0.778022564606294,0.893131072382269
"RPL39L",0.020584620364174,0.778022564606294,0.893131072382269
"BSPH1",0.020568874192462,0.778187955602116,0.893156002239818
"PDIK1L",0.0205618758939233,0.778261465911387,0.893156002239818
"RNF222",0.0205513784461153,0.778371735065787,0.893156002239818
"PRM3",0.0205496288714806,0.778390113688621,0.893156002239818
"KIF11",0.0205461297222113,0.778426871303144,0.893156002239818
"CCL11",0.0205408809983073,0.778482008646925,0.893164393260227
"DEF6",0.0205356322744033,0.77853714709687,0.893172784518775
"POFUT2",0.0204918929085366,0.778996677162272,0.89355206827762
"ACTL6A",0.0204883937592673,0.779033442880692,0.89355206827762
"AP1M2",0.0204831450353633,0.779088592377926,0.89355206827762
"SCNN1G",0.0204813954607286,0.779106975788861,0.89355206827762
"SLC25A31",0.0204743971621899,0.779180510658288,0.893564257790697
"LHFPL5",0.0204708980129206,0.77921727882828,0.893564257790697
"CPN1",0.0204411552441313,0.779529828052492,0.893564257790697
"PLCB3",0.0204201603485153,0.779750472327093,0.893686395899404
"MECOM",0.0204096629007073,0.779860801066415,0.893757997098451
"TMC4",0.0203904175797259,0.780063081844374,0.893880115138393
"LRFN1",0.0203764209826486,0.780210204415939,0.893993851013686
"HOXB2",0.0203641739602059,0.780338943071149,0.894031660683196
"DZIP1",0.0203519269377633,0.780467687700967,0.894124312078473
"HOXA10",0.0203379303406859,0.780614831732349,0.894195573966781
"SPATC1L",0.0203361807660513,0.780633225284409,0.894195573966781
"NPW",0.0203256833182433,0.780743589153722,0.894195573966781
"ZNF467",0.0203256833182433,0.780743589153722,0.894195573966781
"ADAMTS16",0.0203116867211659,0.780890747795313,0.894199609327962
"CYP2A13",0.0203064379972619,0.780945934293243,0.894199609327962
"S100A7",0.0202906918255499,0.781111500353,0.894266833723327
"FMNL1",0.0202871926762806,0.781148294147738,0.894266833723327
"WBP11",0.0202854431016459,0.78116669122737,0.894266833723327
"SLTM",0.0202696969299339,0.781332270410173,0.894401561886632
"SLC10A5",0.0202382045865099,0.781663458270858,0.894561354658162
"NUTM2A",0.0201962147952779,0.782105103177066,0.895011942826893
"STMND1",0.0201752198996619,0.782325951774755,0.895154973370011
"ESR1",0.0201752198996619,0.782325951774755,0.895154973370011
"HSD17B13",0.0201489762801419,0.782602036999035,0.895416016847025
"ITGA4",0.0200999881903712,0.783117468744002,0.895608933914236
"TDRD15",0.0200964890411019,0.78315428891376,0.895608933914236
"ZCWPW1",0.0200964890411019,0.78315428891376,0.895608933914236
"BCO2",0.0200964890411019,0.78315428891376,0.895608933914236
"KCNU1",0.0200719949962165,0.783412043587898,0.895815048530024
"CNGA1",0.0200649966976779,0.783485692112909,0.895823361448555
"ST3GAL1",0.0200475009513312,0.783669821843208,0.895919762537765
"RETSAT",0.0199967632869259,0.784203865985905,0.896260412530002
"NBL1",0.0199906485194893,0.784268234368693,0.896279130159693
"HDAC10",0.0199670205181365,0.784516973239334,0.896426431168218
"SCGB1D4",0.0199582726449632,0.784609070195234,0.896426431168218
"PLA2G6",0.0199495247717899,0.784701170143148,0.896426431168218
"PPP4R3A",0.0199477751971552,0.784719590491666,0.896426431168218
"LYSMD1",0.0199092845551925,0.785124868406265,0.896426431168218
"MED8",0.0199075349805578,0.785143291503634,0.896426431168218
"COQ7",0.0199057854059232,0.785161714720402,0.896426431168218
"GRK7",0.0199005366820192,0.785216985086999,0.896426431168218
"PATE1",0.0198935383834805,0.785290680580119,0.896426431168218
"SUV39H2",0.0198585468907872,0.785659186670239,0.896539331654968
"SLC25A46",0.0198585468907872,0.785659186670239,0.896539331654968
"GPATCH1",0.0198550477415178,0.78569603990131,0.896539331654968
"HMGCLL1",0.0198253049727285,0.786009311593276,0.89674902249
"CD300A",0.0198218058234592,0.786046169347255,0.89674902249
"PURG",0.0197885639054005,0.786396341723919,0.896849131554413
"OR2W5P",0.0197850647561312,0.786433204468722,0.896849131554413
"TCTE1",0.0197815656068618,0.786470067688394,0.896849131554413
"KLHL38",0.0197815656068618,0.786470067688394,0.896849131554413
"ARL2",0.0197745673083232,0.786543795552031,0.896849131554413
"PLCB4",0.0197518228380725,0.786783424217407,0.896923798403993
"MYH13",0.0197500732634378,0.786801858021663,0.896923798403993
"TGM3",0.0197395758156298,0.786912463335829,0.896923798403993
"CTCFL",0.0197378262409952,0.786930897969537,0.896923798403993
"ETFBKMT",0.0197360766663605,0.786949332721698,0.896923798403993
"DPPA4",0.0197308279424565,0.78700463768881,0.896923798403993
"NLRP10",0.0197308279424565,0.78700463768881,0.896923798403993
"S100P",0.0197045843229365,0.787281178505138,0.897083025804883
"ACTL10",0.0196993355990325,0.787336489862715,0.897083025804883
"BCL2L1",0.0196958364497631,0.787373364692313,0.897083025804883
"ADGRE2",0.0196870885765898,0.78746555383499,0.897133330288676
"ATP11A",0.0196695928302431,0.78764994098197,0.897233930941096
"LYL1",0.0196433492107231,0.787926543838223,0.897372092698916
"DDX3Y",0.0196398500614538,0.787963426224541,0.897372092698916
"SWT1",0.0196328517629151,0.788037192411995,0.897401378383318
"PDE5A",0.0196136064419338,0.788240059149797,0.897577668720298
"SMPD4",0.0196066081433951,0.788313832406163,0.897606946349073
"TMEM225B",0.0195996098448565,0.788387607546088,0.897623499388883
"ACADSB",0.0195908619716831,0.788479829118799,0.89763177620376
"DAG1",0.0195786149492405,0.788608944260974,0.897724042607458
"LCE2A",0.0195716166507018,0.78868272692889,0.897753313105622
"PRR27",0.0195103815384885,0.789328405416584,0.898324028004883
"SPSB2",0.0194858874936031,0.789586717029677,0.898415520503562
"TBK1",0.0194841379189684,0.789605168737365,0.898415520503562
"SCN7A",0.0194788891950644,0.789660524562621,0.898415520503562
"LEAP2",0.0194753900457951,0.789697429031188,0.898415520503562
"WDR64",0.0194578942994484,0.78988195839185,0.898460541446075
"ZNF654",0.0194421481277364,0.790048044810993,0.898460541446075
"AEBP1",0.0194351498291978,0.790121864034608,0.898460541446075
"ZIK1",0.0194001583365044,0.790490988163741,0.898661413132823
"SOST",0.0193931600379658,0.790564818587396,0.898690641666457
"GCGR",0.0193791634408884,0.790712485027528,0.898803796127457
"MYL4",0.0193599181199071,0.790915538550903,0.89892518244746
"CD6",0.0193459215228298,0.791063222683531,0.899038322085902
"FABP2",0.0192759385374431,0.791801754861625,0.89954921672825
"FEV",0.0192566932164617,0.792004883739845,0.899670531520306
"TOMM40L",0.0192514444925577,0.792060284956456,0.899678742357789
"HHLA1",0.0192426966193844,0.79215262263208,0.899728904717918
"MTRNR2L3",0.0192269504476724,0.792318837735719,0.899803688403093
"MAGI1",0.0192024564027871,0.792577413172517,0.899883018323906
"PDPK1",0.0191954581042484,0.792651296026569,0.899912194808037
"AOPEP",0.0191587170369204,0.793039211294337,0.90024315038494
"GBP2",0.0191009810739764,0.793648895052948,0.900661527861023
"TMEM270",0.0190782366037257,0.793889107875984,0.900715204343107
"ACSM2A",0.0190694887305524,0.793981502588941,0.900752522797373
"CCS",0.019065989581283,0.794018461277209,0.900752522797373
"FXN",0.0190379963871284,0.794314147293111,0.900910993646099
"HTR5A",0.019034497237859,0.794351110107641,0.900910993646099
"SLC13A5",0.0190117527676084,0.794591379564286,0.901074054571777
"AFAP1",0.0189942570212617,0.794776215379502,0.901174221263286
"TNFRSF9",0.0189785108495497,0.794942577385627,0.901295334062732
"CLCN1",0.0189750117002804,0.794979547976836,0.901295334062732
"KRTAP6-1",0.0189627646778377,0.795108948642411,0.901357085026634
"PABIR3",0.018950517655395,0.79523835489973,0.901357085026634
"OGFOD2",0.0189487680807604,0.795256841964191,0.901357085026634
"OR5A2",0.0189417697822217,0.79533079136232,0.901365244218866
"IGFBP1",0.0189312723344137,0.795441718879293,0.901436258603743
"GRTP1",0.0188735363714697,0.796051893486193,0.901929781648915
"EFCAB13",0.018871786796835,0.796070385559045,0.901929781648915
"SMR3A",0.018835045729507,0.796458745316678,0.902205587889506
"GFRA4",0.0187843080651017,0.796995133843857,0.902484758362206
"KLHL30",0.0187528157216777,0.797328112516057,0.902697613321404
"OSMR",0.018735319975331,0.797513116481999,0.902742891291461
"FETUB",0.018735319975331,0.797513116481999,0.902742891291461
"AVPR1A",0.0187055772065417,0.797827649115018,0.902880032410597
"RTL8A",0.0186863318855603,0.798031187584697,0.902954335580773
"CEMP1",0.0186863318855603,0.798031187584697,0.902954335580773
"LRRC7",0.0186845823109257,0.798049691757507,0.902954335580773
"HSPA4",0.0186810831616563,0.79808670044077,0.902954335580773
"H2AC1",0.018640842945059,0.798512332631345,0.90321702648071
"SERPINA10",0.018640842945059,0.798512332631345,0.90321702648071
"ACTR10",0.0186163489001736,0.798771442189818,0.903366908211532
"NAA50",0.018614599325539,0.798789950856995,0.903366908211532
"SULF2",0.018609350601635,0.798845477531427,0.903375000809987
"NUDCD1",0.0185848565567496,0.799104615350956,0.903503922768765
"RNF39",0.0185236214445363,0.799752555871176,0.904176965525564
"PDGFRA",0.018514873571363,0.79984512997686,0.904176965525564
"FAM13C",0.0184746333547656,0.80027100677721,0.90443941437647
"DESI1",0.0184693846308616,0.800326560270956,0.904447466998691
"FAM178B",0.0184343931381683,0.800696942490588,0.904647071866559
"DGUOK",0.0184273948396296,0.800771024271737,0.904676041939324
"YAF2",0.0183976520708403,0.801085891665296,0.904922283477957
"DNASE1L1",0.0183679093020509,0.801400791118119,0.905113762392476
"SLC1A5",0.0183679093020509,0.801400791118119,0.905113762392476
"GOLGB1",0.0183504135557043,0.80158604104656,0.905213502393612
"MFAP3",0.0183276690854536,0.801826882496405,0.905375988966316
"ADAT3",0.0183171716376456,0.801938046390503,0.905400050213904
"SASH3",0.0183154220630109,0.801956574092912,0.905400050213904
"PLEK",0.0183119229137416,0.801993629829119,0.905400050213904
"RFPL2",0.0182611852493363,0.802530987609885,0.905803691536451
"IFITM10",0.0182559365254323,0.802586581637606,0.905803691536451
"POMGNT2",0.0182541869507976,0.802605113200453,0.905803691536451
"KRT32",0.0182506878015283,0.802642176656496,0.905803691536451
"ZNF543",0.0182384407790856,0.802771902220282,0.905848622529377
"ARR3",0.0182366912044509,0.802790434883882,0.905848622529377
"TIMM9",0.0182331920551816,0.802827500541135,0.905848622529377
"FBXO46",0.0182121971595656,0.803049903721968,0.905904667987914
"MEIS1",0.0182034492863922,0.803142576384955,0.905904667987914
"AS3MT",0.0181964509878536,0.80321671649239,0.905904667987914
"KCTD4",0.0181527116219869,0.80368013193863,0.906099012622147
"SLC37A2",0.0181317167263709,0.803902595681361,0.906295115111982
"PGGHG",0.0180897269351389,0.804347570421709,0.906577865129502
"MEAF6",0.0180757303380616,0.80449590931798,0.906690338689433
"TNP1",0.0180669824648882,0.804588624674498,0.906740113107707
"PAGE3",0.0180547354424456,0.804718430753815,0.906764046836781
"NECAP2",0.0180179943751175,0.805107881021015,0.906906493774758
"FOXA1",0.0180022482034055,0.80527480296916,0.906906493774758
"ZNF511",0.0179987490541362,0.805311897931276,0.906906493774758
"C16orf74",0.0179497609643655,0.805831273006785,0.907306351688228
"TNFRSF25",0.0179462618150962,0.805868374480849,0.907306351688228
"RHBDF2",0.0179392635165575,0.805942578729378,0.907335198043877
"SLC35E3",0.0178832771282482,0.806536275064395,0.907675292142371
"IL9",0.0178570335087282,0.806814608316782,0.907879112184384
"LY9",0.0178517847848242,0.806870277880725,0.907887053241379
"NSMCE2",0.0178360386131122,0.807037292394652,0.907965570648344
"RPP25L",0.0178150437174962,0.807259991988085,0.908093767880506
"MTOR",0.0178010471204188,0.807408466994973,0.908130512107328
"RLBP1",0.0177730539262642,0.807705437652853,0.908334241801932
"NCK2",0.0177520590306482,0.807928183689786,0.908464006730301
"FAM210A",0.0177328137096668,0.808132381126941,0.908464006730301
"CCDC17",0.0177153179633202,0.808318026412824,0.908464006730301
"KCNK16",0.0176925734930695,0.808559381288448,0.908464006730301
"TUBGCP4",0.0176838256198962,0.808652214899831,0.908464006730301
"DUX5",0.0176785768959922,0.808707916349308,0.908464006730301
"LGALS12",0.0176680794481842,0.808819322132962,0.908492792455355
"C18orf54",0.0176610811496455,0.808893594791349,0.908521576637193
"PET117",0.0176540828511068,0.808967869157754,0.908550359275375
"C1QTNF9",0.0176365871047602,0.809153562542151,0.908678402697004
"POC1A",0.0176313383808562,0.809209272636848,0.908678402697004
"BHLHE41",0.0176295888062215,0.80922784288159,0.908678402697004
"PCP4L1",0.0175928477388935,0.809617842623854,0.909061674312697
"KRTAP4-4",0.0175823502910855,0.809729279741018,0.909077488935572
"SATL1",0.0175543570969308,0.810026464090143,0.909312559973252
"ARSL",0.0175193656042375,0.810397982733119,0.909445542934967
"TEX48",0.0174878732608135,0.810732385746598,0.909766150105357
"PLEKHG1",0.0174598800666588,0.811029661639131,0.909990385147035
"HIGD1C",0.0174231389993308,0.811419877268593,0.910230325022529
"TMEM212",0.0174231389993308,0.811419877268593,0.910230325022529
"MYH9",0.0173916466559068,0.81175438480485,0.910420663620909
"CA5B",0.0173636534617521,0.812051753457065,0.910480791713042
"CDX1",0.0173426585661361,0.812274797597527,0.910566873945463
"ZNF419",0.0172709260061148,0.813036978983126,0.911093160895768
"TAF12",0.0172709260061148,0.813036978983126,0.911093160895768
"TAAR6",0.0172621781329414,0.813129939966634,0.91112966331938
"PTK2",0.0172586789836721,0.813167125091424,0.91112966331938
"RNASEL",0.0172289362148828,0.813483215513334,0.911319808825327
"GJC1",0.0172149396178054,0.813631974378536,0.911377121903289
"TEX45",0.0172009430207281,0.81378073991276,0.911379773243626
"TMLHE",0.0171816976997467,0.813985303402166,0.911541202471675
"ABHD12B",0.0171781985504774,0.814022498116438,0.911541202471675
"RECQL",0.0171589532294961,0.814227076478301,0.911660964047287
"ZNF597",0.0171467062070534,0.814357269254047,0.911752074850944
"TM4SF5",0.0170784727963014,0.815082722028888,0.912345514930268
"MAVS",0.0170784727963014,0.815082722028888,0.912345514930268
"OR52H1",0.0170592274753201,0.815287365380871,0.912465202604012
"KNL1",0.0170452308782427,0.815436204762036,0.912577094926641
"TFB1M",0.0170294847065307,0.815603656962796,0.912655116682875
"DENND1B",0.0170014915123761,0.8159013703877,0.912878863728774
"GHSR",0.0169734983182214,0.816199110175653,0.913138925110191
"CD1C",0.016964750445048,0.816292159259375,0.913138925110191
"SYCP2L",0.0169560025718747,0.816385210912345,0.913146684973286
"PABPC4L",0.0169455051240667,0.816496876285549,0.913183019660186
"BRPF1",0.016912263206008,0.816850507671994,0.913448301376095
"TRMT2A",0.0168930178850267,0.817055258544324,0.91355479483597
"IARS2",0.0168737725640454,0.817260021802002,0.913632716818759
"DRAP1",0.0168632751162374,0.817371716067133,0.913648202613704
"USP41",0.0168510280937947,0.817502030692497,0.913684495823643
"ASPDH",0.0168510280937947,0.817502030692497,0.913684495823643
"RAD21",0.0168422802206214,0.817595115631472,0.913699980619721
"ANKRD13A",0.016802040004024,0.818023339196878,0.913980579414397
"PLCZ1",0.0167985408547547,0.818060578576305,0.913980579414397
"KTI12",0.0167775459591387,0.81828402340256,0.914151761160989
"P3R3URF",0.0167722972352347,0.818339886897938,0.914151761160989
"PKDREJ",0.0167687980859653,0.818377129736532,0.914151761160989
"TMEM39A",0.016760050212792,0.818470238611621,0.914151761160989
"ZNF763",0.0167565510635227,0.818507482872888,0.914151761160989
"BPY2",0.0166953159513093,0.819159323142759,0.914509387351124
"DLAT",0.0166953159513093,0.819159323142759,0.914509387351124
"LUM",0.0166830689288667,0.819289706090196,0.914509387351124
"FBXO36",0.0166778202049627,0.819345586013717,0.914509387351124
"USP50",0.0166690723317893,0.819438721241883,0.914509387351124
"KLF2",0.01666557318252,0.819475976040718,0.914509387351124
"HMBS",0.0166620740332507,0.819513231243757,0.914509387351124
"ADAM2",0.0166533261600773,0.819606371019221,0.914558677490289
"CMTM7",0.0166270825405573,0.819885805487667,0.914815826460011
"GABRR3",0.0165990893464027,0.820183893925576,0.914929781564571
"NDUFB6",0.0165780944507866,0.820407477168559,0.915069878380316
"ANGPT1",0.0165623482790746,0.820575174103492,0.915168395480291
"MYH11",0.016550101256632,0.820705610678844,0.915238429870311
"RABGAP1L",0.0165273567863813,0.820947863080674,0.915453922312793
"MCMBP",0.0165203584878426,0.821022405690945,0.91548238394436
"ANKDD1A",0.0164993635922266,0.821246043139818,0.915677080697268
"C11orf1",0.0164853669951493,0.821395142780998,0.915733983200687
"C10orf90",0.0164748695473413,0.821506971712725,0.915794441869824
"GGA3",0.016460872950264,0.821656082552013,0.915794441869824
"UACA",0.0164521250770906,0.821749280072741,0.915794441869824
"DSN1",0.0164328797561093,0.82195432340088,0.915794441869824
"GJB5",0.0164258814575706,0.822028887603143,0.915794441869824
"FAM170A",0.0164223823083013,0.822066170302337,0.915794441869824
"PDE11A",0.0164171335843973,0.82212209509848,0.915794441869824
"CNPY1",0.0164101352858586,0.822196662887969,0.915794441869824
"APAF1",0.016387390815608,0.822439019204013,0.915827413523774
"NBPF11",0.0163838916663386,0.822476306283379,0.915827413523774
"COQ10B",0.0163786429424346,0.822532237648113,0.915827413523774
"PER2",0.016371644643896,0.822606814192617,0.915827413523774
"KCTD14",0.016371644643896,0.822606814192617,0.915827413523774
"HRH1",0.0163593976214533,0.822737326970377,0.915918116267212
"SLC24A5",0.01635064974828,0.822830553361872,0.915967301340306
"KCNJ16",0.0163104095316826,0.823259426697378,0.916267778413394
"ACHE",0.0163069103824133,0.823296722507773,0.916267778413394
"DYNLT2",0.0162701693150853,0.823688352406098,0.916445887310452
"FBXO39",0.0162666701658159,0.823725652764877,0.916445887310452
"RSPH10B2",0.0162614214419119,0.823781604043658,0.916445887310452
"PAPOLB",0.0162509239941039,0.823893509266422,0.916495037170748
"SPEM1",0.0162369273970266,0.824042721754729,0.916551835595933
"UNC45B",0.0161984367550639,0.824453088613358,0.916872845200929
"SLC16A2",0.0161949376057946,0.824490397053611,0.916872845200929
"GIPC2",0.0161914384565253,0.824527705887214,0.916872845200929
"RABEPK",0.0161704435609093,0.824751567144628,0.9170125777218
"GREB1",0.0161407007921199,0.825068728127042,0.917216656874774
"BIRC3",0.0161389512174852,0.825087385538118,0.917216656874774
"HHLA2",0.0161319529189466,0.825162016162458,0.917216656874774
"OTULINL",0.0161302033443119,0.825180674063501,0.917216656874774
"ARMH2",0.0160567212096559,0.825964394243057,0.917650864181043
"TEX50",0.0160427246125786,0.826113693807797,0.917762140595706
"OR8K5",0.0159937365228079,0.82663629136868,0.918124256770828
"NSUN7",0.0159884877989039,0.826692288486978,0.918131849416199
"ARL13A",0.0159814895003652,0.82676695267133,0.918160171736324
"OR6Q1",0.0159587450301145,0.827009621996944,0.91832045308371
"ATAD2",0.0159482475823065,0.827121628752833,0.918390222270387
"DIO2",0.0159010090671705,0.827625702296135,0.918840661995163
"MYPOP",0.0158905116193625,0.827737728213113,0.918910409089229
"GPR89A",0.0158572697013039,0.828092499876456,0.919249615293193
"NEDD1",0.0158380243803225,0.828297909904967,0.919362703929432
"KLF7",0.0158327756564185,0.828353932844099,0.919362703929432
"PEAR1",0.0158292765071492,0.828391281951407,0.919362703929432
"GLYATL2",0.0158170294847065,0.828522006857402,0.919413599952371
"ACSL5",0.0158135303354372,0.828559357696041,0.919413599952371
"ZNF138",0.0157960345890905,0.828746117655367,0.919430597236258
"ASPSCR1",0.0157925354398212,0.82878347079989,0.919430597236258
"FYB1",0.0157855371412825,0.828858178240945,0.919430597236258
"GPR18",0.0157820379920132,0.828895532537314,0.919430597236258
"PDLIM4",0.0157680413949359,0.829044953559841,0.919460773657573
"AFF2",0.0157627926710319,0.829100988025347,0.919460773657573
"BET1L",0.0157487960739545,0.829250417482688,0.919496574060837
"CCNP",0.0157313003276079,0.82943721292159,0.919588873469101
"AK2",0.0157225524544345,0.829530614228633,0.919588873469101
"ZMYM2",0.0156893105363758,0.829885560981713,0.919818560053085
"SYCN",0.0156245762748932,0.83057687185983,0.920341746672959
"SKA3",0.0156140788270852,0.830688988599294,0.920341746672959
"SCGB3A2",0.0156123292524505,0.830707675054997,0.920341746672959
"NEURL1B",0.0156053309539118,0.830782421827324,0.920341746672959
"KCNA1",0.0156035813792772,0.830801108757733,0.920341746672959
"PIGR",0.0155965830807385,0.830875857428372,0.920369959272377
"PHRF1",0.0155878352075652,0.830969295401168,0.920405680959637
"CSAG3",0.0155843360582958,0.831006671254091,0.920405680959637
"SLC39A5",0.0155178522221785,0.831716884413928,0.920939919299324
"BRD8",0.0155161026475438,0.83173557607741,0.920939919299324
"RIMBP3B",0.0154986069011971,0.83192249790266,0.921037676852812
"OR2F2",0.0154863598787545,0.832053348791813,0.921127939658323
"LRRC73",0.0154706137070425,0.832221592433305,0.921259585103693
"GINM1",0.0154461196621571,0.83248331991793,0.921413636969735
"HTR3A",0.0154426205128878,0.832520711063162,0.921413636969735
"DDX23",0.0154111281694638,0.832857248275933,0.921499837102776
"PRORY",0.0153691383782318,0.833306011820247,0.921804363961081
"NUPR1",0.0153446443333465,0.833567815446968,0.921875556421364
"MTMR4",0.0153306477362691,0.83371742574076,0.921931828002513
"F7",0.0152956562435758,0.834091477594235,0.922236246258359
"RGS22",0.0152869083704024,0.834184996380731,0.922251128218376
"EIF3D",0.0152711621986904,0.834353336058856,0.92236195715847
"OTOP1",0.0152344211313624,0.834746157915853,0.922418957442936
"MGAT5",0.0152309219820931,0.834783571656297,0.922418957442936
"DBF4",0.0152169253850158,0.834933230326934,0.922418957442936
"UBXN2A",0.0152151758103811,0.834951938077842,0.922418957442936
"WDR48",0.0152011792133038,0.835101603419648,0.922418957442936
"IL4",0.0151924313401304,0.835195147267083,0.922418957442936
"HOXB13",0.0151679372952451,0.835457082340647,0.922456157500866
"RAB11FIP4",0.0151574398474371,0.835569345773425,0.922504912607264
"C1GALT1C1L",0.0151206987801091,0.835962293944519,0.922829637173887
"EXOSC8",0.0151014534591277,0.836168140154317,0.922977445984483
"CALR3",0.0150909560113197,0.836280424597307,0.922977445984483
"ACSL1",0.0150892064366851,0.836299138992937,0.922977445984483
"NEK8",0.0150874568620504,0.836317853480483,0.922977445984483
"GAL3ST3",0.0150804585635117,0.836392712349614,0.922977445984483
"KRT2",0.0150559645186264,0.836654729962171,0.923079713549563
"RAB42",0.0150472166454531,0.836748312039154,0.923079713549563
"H3C2",0.0150437174961837,0.83678574551171,0.923079713549563
"SIGLEC10",0.0150244721752024,0.836991636161532,0.923079713549563
"PARVA",0.0150209730259331,0.837029072015519,0.923079713549563
"HACD2",0.0150209730259331,0.837029072015519,0.923079713549563
"METTL25",0.0150052268542211,0.837197537887372,0.923156475030085
"PPT2",0.0149772336600664,0.837497051050887,0.923309968101162
"SYT9",0.0149527396151811,0.837759144235295,0.923410523546445
"VRTN",0.0149387430181037,0.837908919789456,0.923410523546445
"EIF3G",0.0149369934434691,0.837927642143498,0.923410523546445
"GCA",0.0149299951449304,0.838002532469827,0.923410523546445
"ZNF668",0.0149282455702957,0.838021255278898,0.923410523546445
"ZNF835",0.0149282455702957,0.838021255278898,0.923410523546445
"BTLA",0.0149107498239491,0.83820848837156,0.923562343883614
"STAB2",0.0148547634356397,0.8388076952843,0.924059017113761
"LAS1L",0.0148337685400237,0.839032421798627,0.924252064970576
"C1GALT1",0.0147812813009837,0.839594295012148,0.924761916350959
"GMEB1",0.014716547039501,0.840287383644373,0.925096186332944
"CRYBA4",0.0147130478902317,0.840324851399162,0.925096186332944
"BLM",0.014711298315597,0.840343585411137,0.925096186332944
"KLF12",0.014669308524365,0.840793228586805,0.925359703902523
"TEX13D",0.0146675589497303,0.84081196483836,0.925359703902523
"LINGO3",0.0146465640541143,0.841036806831189,0.925437588749082
"DUS3L",0.0146395657555757,0.841111757021471,0.925437588749082
"RARB",0.0146098229867863,0.841430311259804,0.925515456101539
"TM2D2",0.0146098229867863,0.841430311259804,0.925515456101539
"IL36A",0.014606323837517,0.841467789923117,0.925515456101539
"RCN3",0.014606323837517,0.841467789923117,0.925515456101539
"TENM1",0.0145870785165357,0.841673928939166,0.925687668386307
"WSCD1",0.0145468382999383,0.842104981656365,0.926027381874446
"GLT6D1",0.0145415895760343,0.842161209387454,0.926027381874446
"ZBTB7C",0.0145363408521303,0.842217437916949,0.926027381874446
"BFAR",0.0145310921282263,0.842273667244574,0.926027381874446
"TXN",0.014527592978957,0.842311153906259,0.926027381874446
"SLCO4C1",0.0145083476579757,0.842517336880354,0.926124413394791
"LIAS",0.0144978502101677,0.842629804836004,0.926125722288496
"C22orf31",0.0144943510608983,0.842667294862306,0.926125722288496
"TPRN",0.0144681074413783,0.842948481329338,0.92632573329254
"KIF5B",0.014454110844301,0.843098455569132,0.92643602943099
"OR1D2",0.0144401142472236,0.843248435453645,0.926451892117992
"PRAMEF8",0.0144296167994156,0.843360924068215,0.926451892117992
"ASB1",0.0144296167994156,0.843360924068215,0.926451892117992
"TNFAIP8L1",0.0143928757320876,0.84375465916825,0.926775393437996
"GNA11",0.0143508859408556,0.844204689567427,0.927051613004132
"GNAT3",0.014301897851085,0.844729788790735,0.927437961711408
"FKBP9",0.0142756542315649,0.845011120116335,0.927500892112411
"MYOM2",0.0142459114627756,0.845329985988531,0.927741835712628
"KDM5A",0.0141916746491009,0.845911511959416,0.928273096410196
"PIRT",0.0141811772012929,0.846024075001609,0.928273096410196
"PNMA6F",0.0141724293281196,0.846117879918242,0.928273096410196
"TRABD2B",0.0141724293281196,0.846117879918242,0.928273096410196
"C6orf47",0.0141636814549463,0.846211686998479,0.928273096410196
"ESRRB",0.0141496848578689,0.846361782823941,0.928357561746206
"PHACTR4",0.0141426865593303,0.84643683281085,0.928357561746206
"PALM3",0.0141374378354263,0.846493121207944,0.928357561746206
"OR10G7",0.0141286899622529,0.84658693692973,0.928357561746206
"ABCC4",0.0141129437905409,0.846755810664152,0.928488229213463
"VPS52",0.0141059454920023,0.846830867898724,0.928516015315949
"SLCO1B7",0.0140692044246743,0.847224940980085,0.928784515011979
"MAP3K7CL",0.0140359625066156,0.847581515950393,0.929066345339215
"HNRNPA1",0.0140237154841729,0.84771289348249,0.929155818925934
"FAM205A",0.0140009710139222,0.84795689146211,0.929238848053259
"RECK",0.0139922231407489,0.848050740689203,0.929238848053259
"FAM3B",0.0139817256929409,0.848163362582561,0.929238848053259
"FAM161B",0.0139642299465942,0.848351072570801,0.929238848053259
"RNASE2",0.0139589812226902,0.848407387231456,0.929238848053259
"TMC2",0.0139572316480556,0.848426158955598,0.929238848053259
"CLIC2",0.0139484837748822,0.848520018855261,0.929238848053259
"TRNAU1AP",0.0139449846256129,0.84855756341178,0.929238848053259
"LYRM2",0.0139432350509782,0.848576335817852,0.929238848053259
"SLFN5",0.0139432350509782,0.848576335817852,0.929238848053259
"FBXL13",0.0139274888792662,0.848745291305047,0.929238848053259
"APCS",0.0139257393046316,0.848764064562606,0.929238848053259
"MORN3",0.0139204905807276,0.848820384845794,0.929238848053259
"TSLP",0.0139187410060929,0.84883915844366,0.929238848053259
"WT1",0.0139152418568236,0.848876705894532,0.929238848053259
"SYF2",0.0138977461104769,0.849064448249051,0.929328232755042
"CTRB2",0.0138365109982635,0.8497216133022,0.929938520365185
"SHOX",0.0138277631250902,0.849815502490994,0.92993944388083
"SPRR2A",0.0138225144011862,0.849871837018527,0.92993944388083
"TTF1",0.0138102673787435,0.850003287205876,0.929975233364948
"CASC3",0.0138067682294742,0.850040845162118,0.929975233364948
"ZNF607",0.0137997699309355,0.850115962087206,0.929975233364948
"TPST2",0.0137962707816662,0.850153521055887,0.929975233364948
"TESMIN",0.0137612792889729,0.850529129281392,0.930277131388538
"ZNF658",0.0137525314157995,0.850623036598637,0.930325359072156
"GPCPD1",0.0137105416245675,0.851073820955249,0.930641469064386
"CLDN6",0.0137070424752982,0.851111388499663,0.930641469064386
"HNRNPH1",0.0136860475796822,0.851336800802645,0.93071105988292
"TPR",0.0136825484304129,0.851374370691787,0.93071105988292
"GIMAP8",0.0136720509826049,0.851487082366664,0.930766383619244
"IMPA2",0.0136685518333355,0.851524653593832,0.930766383619244
"DHX29",0.0136510560869889,0.85171251474252,0.930862764825099
"COMT",0.0136143150196608,0.852107050312468,0.931076016360616
"TRIR",0.0135950696986795,0.85231372646038,0.931192883782266
"TMEM252",0.0135775739523328,0.852501622597742,0.931241845734205
"PHYKPL",0.0135758243776982,0.852520412668355,0.931241845734205
"SNAP47",0.0135723252284288,0.852557993058655,0.931241845734205
"GTF3C5",0.0135425824596395,0.852877439773426,0.931312122323676
"NKRF",0.0135425824596395,0.852877439773426,0.931312122323676
"NAALADL2",0.0135128396908502,0.853196910426324,0.931449435852109
"OR7G2",0.0135023422430422,0.853309670480224,0.931463639364584
"OPN3",0.0134603524518102,0.853760740406977,0.931766548528584
"FAM118B",0.0134428567054635,0.853948700216609,0.931766548528584
"BAG2",0.0134411071308288,0.85396749665007,0.931766548528584
"OR11A1",0.0134393575561942,0.853986293165762,0.931766548528584
"TSPY1",0.0134271105337515,0.854117871077204,0.931801236067402
"GTF3C3",0.0133763728693461,0.854663022409187,0.931988787129236
"BORCS7",0.0133676249961728,0.854757020982268,0.931988787129236
"SORCS3",0.0133553779737301,0.854888622419733,0.931988787129236
"SRGAP1",0.0133273847795755,0.855189440736821,0.932121091856067
"NHLRC3",0.0133168873317675,0.855302252990839,0.932121091856067
"HADHA",0.0133098890332288,0.855377462790241,0.932121091856067
"DSG1",0.0132993915854208,0.855490279932771,0.932121091856067
"EPHA1",0.0132976420107861,0.855509083074793,0.932121091856067
"COMP",0.0132713983912661,0.855791139965158,0.932327434706401
"SNTN",0.0132591513688235,0.855922772770569,0.932327434706401
"BPIFB1",0.0132521530702848,0.855997993302134,0.932327434706401
"L3HYPDH",0.0132521530702848,0.855997993302134,0.932327434706401
"ABI3BP",0.0132189111522261,0.856355308538852,0.932662219633286
"COL23A1",0.0131839196595328,0.856731461396426,0.932678449479391
"MARCHF1",0.0131821700848981,0.856750269887432,0.932678449479391
"TRAPPC4",0.0131699230624554,0.856881931583436,0.932678449479391
"MCCC1",0.0131699230624554,0.856881931583436,0.932678449479391
"C11orf53",0.0131681734878208,0.856900740719735,0.932678449479391
"SLC10A3",0.0131226845473194,0.857389806529066,0.933027154570378
"FERD3L",0.0130771956068181,0.857878926651879,0.933416731320019
"OR10A2",0.0130684477336448,0.857972994425451,0.933444229517053
"MPZL1",0.0130474528380288,0.85819876524198,0.933526713242426
"ARHGEF2",0.0130387049648554,0.858292839812281,0.933574669559357
"CDC7",0.0130194596438741,0.858499810891684,0.93363147388561
"L2HGDH",0.0130089621960661,0.858612708274997,0.93363147388561
"ZNF234",0.0129967151736234,0.858744425513731,0.93363147388561
"AWAT1",0.0129827185765461,0.85889496427654,0.93363147388561
"ART1",0.0129739707033727,0.858989053587877,0.933665975672953
"ZNF570",0.0129704715541034,0.859026689868727,0.933665975672953
"IGHMBP2",0.0129284817628714,0.85947835000122,0.933878714731769
"OXGR1",0.0129197338896981,0.859572451608433,0.933878714731769
"CD33",0.0129022381433514,0.859760660757159,0.934028858140928
"C6orf15",0.0128899911209087,0.85989241186461,0.934117652628167
"ZNF385D",0.0128812432477354,0.859986522167651,0.934165549235331
"FAM25A",0.0128584987774847,0.860231218185104,0.934377005398685
"DNAH17",0.0128532500535807,0.860287688388318,0.934383999321909
"ATP5MGL",0.0128322551579647,0.860513576285548,0.934425961932708
"ATP8A1",0.012825256859426,0.860588874768074,0.934425961932708
"CFAP299",0.0128235072847914,0.860607699585181,0.934425961932708
"DDHD2",0.012772769620386,0.861153653416934,0.93488959083966
"PHKG2",0.0127430268515967,0.861473725937444,0.93496532459366
"KREMEN1",0.0127220319559807,0.861699673072257,0.935101864863305
"ADHFE1",0.01269928748573,0.86194446180398,0.935258817606968
"NIT1",0.0126607968437674,0.862358749610715,0.935599628658633
"AP5Z1",0.0126433010974207,0.862547074673187,0.935695235048585
"IGIP",0.0126328036496127,0.862660073431256,0.935702965048478
"GPR119",0.0126293045003434,0.862697740303545,0.935702965048478
"SERINC2",0.01262055662717,0.862791908838846,0.935702965048478
"SLC45A4",0.0126170574779007,0.86282957679458,0.935702965048478
"TFAP2B",0.0125803164105727,0.863225108992008,0.935941488274876
"FCER1A",0.0125610710895913,0.863432306103845,0.936111793149624
"MGA",0.012526079596898,0.863809051988467,0.936411530934328
"EPN2",0.0125085838505513,0.863997436456086,0.936507029788384
"CYP3A4",0.0124665940593193,0.864449590450697,0.936888379251231
"ATP6V1E2",0.0124543470368767,0.864581476999966,0.936976943332639
"STAB1",0.012426353842722,0.864882946016686,0.93714051402922
"GPRC6A",0.012415856394914,0.864996001929889,0.937208640253096
"IPMK",0.0124036093724713,0.865127903959692,0.93729717683903
"TMEM265",0.0123931119246633,0.86524096580929,0.937365292502715
"FGFBP1",0.0123388751109886,0.865825162239959,0.937889375905891
"IL15",0.0123301272378153,0.865919394290522,0.937937049516865
"PLEK2",0.01230563319293,0.866183254087141,0.938059637769292
"MFSD2A",0.0122968853197566,0.866277493315913,0.93810729822382
"TRO",0.0122776399987753,0.866484826255645,0.938134645636473
"ZNF22",0.0122513963792553,0.866767567676352,0.938352375471722
"KRT84",0.012247897229986,0.866805267810995,0.938352375471722
"EEF1AKMT2",0.0122146553119273,0.867163434069277,0.938522502009609
"NXNL2",0.0121989091402153,0.867333101217941,0.938563363087304
"LDLRAD3",0.0121656672221566,0.867691307321621,0.938733416395718
"POPDC3",0.0121184287070206,0.868200383389489,0.939100561307468
"USP43",0.0121131799831166,0.868256950747439,0.939100561307468
"NDUFV2",0.0121061816845779,0.868332374932065,0.939100561307468
"C5orf46",0.0121044321099433,0.868351231163989,0.939100561307468
"TAF4B",0.0120974338114046,0.868426656834446,0.939114157961555
"HES1",0.0120851867889619,0.868558654615762,0.939114157961555
"LY6L",0.0120641918933459,0.868784944980148,0.939134596043528
"NOTCH1",0.0120396978484606,0.869048963880379,0.939134596043528
"MGAT1",0.0120239516767486,0.869218697966667,0.939134596043528
"PEX11G",0.0120222021021139,0.869237557678755,0.939134596043528
"DEFB114",0.0119924593333246,0.869558184066395,0.939263657930827
"CCND1",0.0119749635869779,0.869746797765483,0.939358732076576
"LCN12",0.0119592174152659,0.869916556380313,0.939379104189576
"ZNF575",0.0119399720942846,0.870124047207072,0.939494519606826
"HOPX",0.0118892344298792,0.870671110957387,0.940030851441794
"ARL9",0.0118752378328019,0.870822035910297,0.940112231232891
"SHMT1",0.0118682395342632,0.870897500137088,0.940112231232891
"SLAMF7",0.0118594916610899,0.87099183206018,0.940159718850764
"ODAM",0.0118489942132819,0.871105032770917,0.940227567013214
"MILR1",0.0118314984669352,0.871293706441804,0.940315661127985
"ISLR",0.0118245001683966,0.871369177945086,0.940315661127985
"EPHX2",0.0118227505937619,0.871388046002465,0.940315661127985
"MTSS1",0.0118087539966846,0.871538993074318,0.940322304593961
"SLC30A6",0.0118052548474152,0.87157673056768,0.940322304593961
"PTPN11",0.0117965069742419,0.871671075569617,0.940349411237186
"CD300LB",0.0117877591010686,0.871765422382695,0.940396871045989
"CALCA",0.0117737625039912,0.871916381047528,0.940491780072664
"PTPRM",0.0117702633547219,0.871954121437041,0.940491780072664
"PPIL2",0.0117282735634899,0.87240702864128,0.940817280685099
"ENDOG",0.0117195256903165,0.872501389536339,0.940864712222454
"PNMA6A",0.0116932820707965,0.872784483014014,0.941006985611922
"HIGD2A",0.0116670384512765,0.87306759265293,0.941203553474147
"STK31",0.0116023041897939,0.873765998635427,0.941576007761539
"COMTD1",0.0115865580180819,0.873935895947501,0.941602796888027
"CSAD",0.0115830588688125,0.873973651689081,0.941602796888027
"PLA2G15",0.0115813092941779,0.873992529666628,0.941602796888027
"SURF2",0.0115603143985618,0.874219070944436,0.941683894852825
"SLC28A3",0.0115603143985618,0.874219070944436,0.941683894852825
"TRIM64C",0.0115358203536765,0.87448338202828,0.941859956329883
"CRACR2A",0.0115253229058685,0.874596662461811,0.941927643627056
"ADGRG3",0.0115148254580605,0.874709945444913,0.941981674222106
"DRGX",0.0114973297117138,0.874898756076312,0.942090012020365
"PDHA2",0.0114850826892712,0.875030927722805,0.942103066943953
"PHF11",0.0114815835400018,0.875068691685754,0.942103066943953
"SH3BP5",0.0114815835400018,0.875068691685754,0.942103066943953
"COL12A1",0.0114728356668285,0.875163102827728,0.942103066943953
"CLIC3",0.0114465920473085,0.875446346824415,0.942265366613051
"C1orf122",0.0114238475770578,0.875691837759733,0.942393650685927
"GNAZ",0.0114185988531538,0.875748491199987,0.942393650685927
"TLR8",0.0114028526814418,0.875918455309414,0.942427299882395
"PLEKHG2",0.0113783586365565,0.876182855205265,0.942501247798374
"PTCD2",0.0113783586365565,0.876182855205265,0.942501247798374
"CTSO",0.0113643620394792,0.876333947016607,0.942548536885634
"SMCR8",0.0113521150170365,0.876466156019157,0.942636448592789
"PRRT3",0.0113416175692285,0.876579480742998,0.942656415603882
"TTC32",0.0113363688453245,0.876636144046274,0.942656415603882
"DNTTIP2",0.0113241218228818,0.876768360859177,0.942690034968681
"INHBA",0.0112401422404178,0.877675082135068,0.943494903944035
"LSG1",0.0112313943672445,0.877769541445042,0.943494903944035
"MED29",0.0112191473448018,0.877901787379139,0.943528444558486
"MYO15A",0.0112016515984551,0.878090716004901,0.943622890391135
"NANP",0.0111876550013778,0.878241863865312,0.943676718804935
"DCUN1D3",0.0111771575535698,0.878355227650307,0.943744231480677
"PKNOX1",0.0111404164862418,0.878752020368405,0.944061938127032
"TAF1",0.0111351677623378,0.878808707511094,0.944068531577635
"CHRNA1",0.0111159224413564,0.879016565638395,0.944183204685263
"PAX3",0.0111036754189138,0.879148843299949,0.944202442009526
"NR1H3",0.0110896788218364,0.87930002186751,0.944202442009526
"GAS8",0.0110879292472018,0.879318919495494,0.944202442009526
"SCN4B",0.0110861796725671,0.879337817191673,0.944202442009526
"RSU1",0.0110791813740284,0.879413408658139,0.944229321610866
"LHX3",0.0110126975379111,0.880131581872673,0.944680553900694
"TGIF2",0.0110039496647378,0.880226085643128,0.944680553900694
"SAV1",0.0110039496647378,0.880226085643128,0.944680553900694
"TEX15",0.0109199700822737,0.881133407750306,0.945342050064845
"PLS1",0.0109164709330044,0.881171216205455,0.945342050064845
"ORMDL2",0.0109007247612924,0.881341357577051,0.945429706726536
"EXOSC9",0.0108797298656764,0.881568221188642,0.945564443999487
"ZNF395",0.0108412392237137,0.881984162833594,0.945731775215147
"CT45A1",0.0108359904998097,0.882040884653005,0.945731775215147
"DOCK1",0.0108324913505404,0.882078699532697,0.945731775215147
"OSGIN2",0.0108237434773671,0.882173237898275,0.945778839895992
"OR10P1",0.0108079973056551,0.882343411151633,0.945818669648753
"RNF2",0.0107957502832124,0.882475771851506,0.945851974657718
"GPSM3",0.0107940007085777,0.882494680788752,0.945851974657718
"ZFYVE16",0.0107817536861351,0.882627045208847,0.945898309386044
"SIAH3",0.0107712562383271,0.882740503013995,0.945898309386044
"TRPS1",0.0107607587905191,0.882853963205593,0.945951864737385
"TFE3",0.010697774103671,0.883534774343156,0.946369318974121
"RBL1",0.010697774103671,0.883534774343156,0.946369318974121
"ITGA2",0.0106522851631697,0.884026524377324,0.946678862916909
"ADGRG2",0.010582302177783,0.88478314938343,0.947235177764133
"TOR1A",0.0105630568568017,0.884991239563726,0.947235177764133
"NXN",0.0105473106850897,0.885161501019617,0.947235177764133
"GPR153",0.0105473106850897,0.885161501019617,0.947235177764133
"TASP1",0.0105420619611857,0.885218256007557,0.947235177764133
"CSRNP2",0.0104755781250683,0.88593720298959,0.947855362226947
"GMCL1",0.0104545832294523,0.88616425825845,0.948043975897051
"GAL",0.0104475849309137,0.886239945409168,0.948070639274924
"BTN3A1",0.0104283396099323,0.886448090379572,0.948088922984858
"MSS51",0.0104178421621243,0.886561627276053,0.948088922984858
"MFN1",0.0104178421621243,0.886561627276053,0.948088922984858
"SI",0.010409094288951,0.886656243120934,0.948121998346292
"XKR4",0.0104055951396817,0.886694089907707,0.948121998346292
"SLC15A3",0.0103915985426043,0.886845479617374,0.948229585923975
"CD19",0.010382850669431,0.886940100266292,0.948242414746396
"ZCCHC3",0.010356607049911,0.887223971799999,0.948417085303462
"ZNF765",0.0103478591767377,0.887318598835817,0.94845653176934
"MRPS27",0.010340860878199,0.887394301611801,0.94845653176934
"CCDC178",0.0103286138557563,0.88752678392161,0.948523617540486
"IL10RB",0.0102971215123323,0.887867467024215,0.948670565486826
"WDR12",0.0102813753406203,0.888037816286181,0.948689752714834
"GRID1",0.0102813753406203,0.888037816286181,0.948689752714834
"TMCC3",0.010267378743543,0.888189242159423,0.948797247987724
"RAD54L2",0.0102271385269456,0.888624614075098,0.949045193141564
"TMEM140",0.0102131419298683,0.888776055604417,0.949152654075257
"TREX1",0.0101868983103483,0.889060019321888,0.949347336812784
"SIVA1",0.010162404265463,0.889325064866793,0.949376945455206
"PTPRC",0.0101589051161936,0.889362929518607,0.949376945455206
"KRT78",0.0101536563922896,0.889419726965768,0.949376945455206
"DEFB134",0.0101484076683856,0.889476524976001,0.949376945455206
"GBP7",0.0101326614966736,0.889646922382285,0.949376945455206
"HOXC4",0.010125663198135,0.889722656186671,0.949403515423509
"DPPA3",0.0101116666010576,0.889874126789699,0.949503414473858
"TECTA",0.0100941708547109,0.890063470650734,0.949550175818183
"ARHGAP20",0.0100854229815376,0.890158144914566,0.949569252644919
"PUM3",0.0100819238322683,0.89019601505523,0.949569252644919
"CST11",0.0100679272351909,0.890347498102242,0.94958196987936
"SP140",0.0100154399961509,0.890915594850155,0.949828366621881
"ARHGAP42",0.00998394765272693,0.891256479583633,0.949846268700292
"ATXN7L2",0.00994020828686026,0.891729963665396,0.950160517659879
"NR1I3",0.00993670913759092,0.891767844048491,0.950160517659879
"DHCR24",0.00991396466734025,0.892014072506841,0.950240050292278
"IL20RB",0.00984573125658824,0.892752819758237,0.950707954865494
"MRPL24",0.00983873295804957,0.89282859393799,0.950707954865494
"SLC6A14",0.00983873295804957,0.89282859393799,0.950707954865494
"MEGF6",0.00980899018926024,0.893150645021262,0.950888236598853
"AP4B1",0.00980199189072157,0.893226424288752,0.950914706721583
"WFDC10A",0.0097897448682789,0.893359040333233,0.950933608037479
"ZNF251",0.00976175167412423,0.893662173821315,0.951140266482981
"USP14",0.00971276358435355,0.894192694477678,0.951455262196052
"PTGES3L",0.00969351826337222,0.89440112616739,0.951480366718908
"EXD3",0.00967077379312155,0.894647463852328,0.951599967916211
"OR51B6",0.00966727464385221,0.894685362852899,0.951599967916211
"KMT5C",0.00963403272579354,0.895045415240447,0.951820303782632
"SPON2",0.0096147874048122,0.895253876431367,0.951987780916256
"YEATS4",0.00960778910627354,0.895329682280579,0.952014185053068
"CFP",0.00959729165846553,0.895443392831954,0.952046837723045
"TRIM11",0.00959554208383087,0.895462344797762,0.952046837723045
"FASTKD2",0.00958679421065753,0.895557105514362,0.952093385471978
"EDN3",0.00954480441942553,0.896011977508496,0.952247498275158
"GATA5",0.00953255739698286,0.89614465490147,0.952247498275158
"SP3",0.00952205994917486,0.89625838067461,0.952247498275158
"RD3L",0.00950806335209752,0.89641001832779,0.952247498275158
"ARHGEF19",0.00950281462819352,0.896466883415819,0.952247498275158
"WWC2",0.00949756590428952,0.896523749031449,0.952253741506645
"SPATA31A5",0.00939084185157484,0.89768013051736,0.953014335693325
"NSD1",0.0093610990827855,0.898002439286922,0.9532048343406
"CELA2B",0.00935235120961216,0.898097239163118,0.9532048343406
"EGR4",0.0093506016349775,0.898116199311527,0.9532048343406
"SLC23A1",0.00934710248570816,0.898154119781431,0.9532048343406
"ZC3H6",0.00933660503790016,0.898267882575059,0.9532048343406
"HARBI1",0.00933660503790016,0.898267882575059,0.9532048343406
"C20orf141",0.00932960673936149,0.898343725589892,0.953211034550129
"CLDN14",0.00931561014228416,0.898495414382292,0.953263668636237
"RHOG",0.00928936652276415,0.898779840780126,0.95349733509112
"CST2",0.00928586737349482,0.898817765275175,0.95349733509112
"SALL3",0.00924562715689748,0.899253913422192,0.953743318023332
"TPPP2",0.00924037843299348,0.89931080453908,0.953749493786022
"TNFSF15",0.00923338013445481,0.899386660159956,0.953775780202563
"ADTRP",0.0091598979997988,0.900183199098247,0.954132884583363
"SLC22A15",0.0091598979997988,0.900183199098247,0.954132884583363
"KRT37",0.00914240225345213,0.900372865956353,0.954265809834475
"TM9SF4",0.00913890310418279,0.900410800005522,0.954265809834475
"APOBEC3F",0.00912315693247079,0.900581506017975,0.954358513708374
"FAM110B",0.00912140735783613,0.900600473634418,0.954358513708374
"COL26A1",0.00910741076075879,0.900752216592097,0.954411006301714
"NADK",0.00908466629050812,0.9009988065701,0.954618126255357
"PLA2G4E",0.00904267649927611,0.901454074489913,0.954908296704848
"SYNJ2",0.00896744478998543,0.902269843168852,0.955270747139196
"KERA",0.00896569521535077,0.902288815754897,0.955270747139196
"LRRC8C",0.00895694734217743,0.902383679515303,0.955270747139196
"TP53TG5",0.00894994904363876,0.902459571519203,0.955270747139196
"ATP6V1B1",0.00894644989436943,0.902497517852777,0.955270747139196
"NFILZ",0.00893070372265743,0.902668279087126,0.955357178977172
"ZNF691",0.00892545499875343,0.902725200491597,0.955363282392535
"MAGOHB",0.00890970882704142,0.902895967680047,0.955413872432182
"FARP2",0.00889746180459876,0.903028789685847,0.955413872432182
"GJD2",0.00886771903580942,0.903351368615606,0.955612832109693
"DCBLD1",0.00886596946117475,0.903370344340149,0.955612832109693
"SRFBP1",0.00885722158800142,0.903465223783939,0.955625016489368
"GASK1A",0.00885547201336675,0.903484199836837,0.955625016489368
"KIAA0040",0.00883272754311608,0.903730893497316,0.955635408107849
"DSE",0.00883097796848141,0.903749870314887,0.955635408107849
"GNPDA2",0.00881348222213474,0.903939641488524,0.955727850115471
"ZNF441",0.00877149243090274,0.90439511449368,0.956073180363413
"GPR6",0.00876449413236407,0.904471029699121,0.956073180363413
"DCP2",0.0087522471099214,0.904603883392423,0.956105383488223
"C12orf66",0.0087522471099214,0.904603883392423,0.956105383488223
"ATR",0.0087365009382094,0.90477469917564,0.956231808149186
"SAMD9L",0.0087312522143054,0.904831638741788,0.956237872631374
"TRIM34",0.00872250434113206,0.904926539097208,0.956284051614296
"TCF7L2",0.00870150944551606,0.905154305443349,0.956368460266469
"SLC13A4",0.00869801029624672,0.905192267254054,0.956368460266469
"WDR61",0.00869626072161206,0.905211248240007,0.956368460266469
"IGF2BP3",0.00869101199770806,0.905268191520138,0.956374518883929
"SMO",0.00867351625136139,0.905458005941968,0.956520941171571
"OTX2",0.00866301880355339,0.905571897167623,0.956587146578198
"PMAIP1",0.00858778709426271,0.906388173859572,0.957286972516053
"FRMD1",0.00856504262401204,0.906634974537097,0.957423284223993
"SYVN1",0.00855279560156937,0.906767870915484,0.957423284223993
"YIPF1",0.0085510460269347,0.906786856323862,0.957423284223993
"ATP11B",0.00854754687766537,0.906824827299112,0.957423284223993
"SMURF2",0.00853355028058803,0.906976713311778,0.95751547473039
"SH3BP1",0.00848281261618269,0.907527328356087,0.957894223147863
"SCRN3",0.00844082282495068,0.907983043121495,0.958321068852051
"MFSD14B",0.00841632878006535,0.908248890619302,0.958364528800639
"SAYSD1",0.00840408175762268,0.908381818192989,0.958364528800639
"CCDC152",0.00838658601127601,0.908571719140675,0.958364528800639
"ZNF146",0.00837958771273734,0.90864768097163,0.958364528800639
"STRA8",0.00837608856346801,0.908685662197884,0.958364528800639
"C6orf52",0.00837258941419867,0.908723643631207,0.958364528800639
"ECEL1",0.00835159451858267,0.908951536574839,0.958476590653926
"SRRM1",0.00833234919760133,0.909160444969971,0.958520454965502
"FAM167B",0.008328850048332,0.909198428984465,0.958520454965502
"RGS3",0.00828860983173466,0.909635259929963,0.958872727575322
"HOXD3",0.00827986195856133,0.90973022676983,0.958918710641909
"SEC24B",0.00826586536148399,0.909882176374439,0.959024748911848
"CCBE1",0.00824312089123332,0.910129101453956,0.959176745034371
"MTAP",0.00821162854780931,0.910471011929683,0.959420616582803
"RAB40A",0.00820637982390531,0.910527998609714,0.959420616582803
"MED27",0.00816089088340397,0.911021902264986,0.959616187621628
"CHMP5",0.00815914130876931,0.911040899241751,0.959616187621628
"OR2T5",0.00815739173413464,0.911059896268959,0.959616187621628
"MSH4",0.0081433951370573,0.911211874301303,0.959722138757677
"ERVFRD-1",0.00809790619655596,0.911705825131535,0.96006583410836
"DNAJC11",0.00809615662192129,0.911724823917528,0.96006583410836
"TPSG1",0.00809440704728663,0.91174382275358,0.96006583410836
"DEFB108B",0.00804541895751595,0.912275810443464,0.960418766431191
"TENM2",0.00804366938288129,0.912294810726567,0.960418766431191
"OSTC",0.00803317193507328,0.912408813469315,0.960418766431191
"TMEM91",0.00802442406189995,0.912503817121068,0.960418766431191
"CHST8",0.00802092491263062,0.912541818929187,0.960418766431191
"SGMS2",0.00800517874091861,0.912712829519638,0.960496361206125
"NPHS1",0.00800167959164928,0.912750832417877,0.960496361206125
"ZNF557",0.00798243427066794,0.912959851893821,0.960642187952504
"SLC27A3",0.00795444107651327,0.9132638908812,0.960745588131431
"VN1R3",0.00789145638966526,0.913948024580457,0.961248707949801
"PXDNL",0.00786346319551059,0.914252104336011,0.961511845312093
"HRCT1",0.00783547000135592,0.914556196542515,0.961529300042683
"DHRSX",0.00783372042672125,0.914575202717831,0.961529300042683
"TCEAL9",0.00780922638183592,0.914841294255134,0.961646648928287
"CITED2",0.00778473233695058,0.915107395260185,0.961707304094886
"TRIM71",0.00778123318768124,0.915145410460644,0.961707304094886
"G6PC3",0.00777598446377724,0.915202433622307,0.961707304094886
"ZNF582",0.00777248531450791,0.915240449303941,0.961707304094886
"TMEM231",0.00777073573987324,0.915259457216883,0.961707304094886
"RFWD3",0.00776373744133457,0.91533548934924,0.961733085743258
"NEIL3",0.00774974084425724,0.915487555918547,0.961804612576474
"ZNF573",0.00771649892619857,0.91584872630744,0.961834349650907
"BLMH",0.00770600147839057,0.915962783698258,0.961834349650907
"LBH",0.00769725360521723,0.916057832835054,0.961834349650907
"SIGLEC1",0.00769200488131323,0.916114862888656,0.961834349650907
"NES",0.0076885057320439,0.916152883162347,0.961834349650907
"MIGA1",0.00767450913496656,0.916304966158905,0.961871719445039
"RNF40",0.00767100998569723,0.916342987383066,0.961871719445039
"STAMBP",0.00765176466471589,0.916552107506985,0.962037158421877
"C1orf210",0.00762377147056122,0.916856292454585,0.962288185080971
"RRP12",0.00761327402275322,0.916970364925518,0.962313920844514
"MOSPD1",0.00760102700031055,0.917103451618093,0.962399509041946
"DNAH7",0.00759402870177188,0.917179502191623,0.962425237831821
"MORN5",0.00756778508225188,0.917464698532559,0.962582203542244
"ACSBG2",0.0075240457163852,0.917940049163285,0.962884503991184
"EIF1",0.00752054656711587,0.917978078473069,0.962884503991184
"TRAM1L1",0.00751004911930787,0.918092167518992,0.962904847204482
"OR10A3",0.0075082995446732,0.9181111825227,0.962904847204482
"ARGFX",0.00748555507442253,0.918358381795151,0.962904847204482
"H2BC11",0.00745406273099852,0.918700670630217,0.963047469953409
"FAM9A",0.00743131826074786,0.918947888532304,0.96311911933806
"BBS10",0.00742606953684385,0.919004939922058,0.96311911933806
"SSR3",0.00742257038757452,0.919042974411708,0.96311911933806
"TUBA4B",0.00741907123830519,0.919081009085111,0.96311911933806
"MYO19",0.00740857379049718,0.919195114206974,0.96311911933806
"SNUPN",0.00740507464122785,0.919233149614528,0.96311911933806
"CHAD",0.00737883102170785,0.91951842100869,0.963349773325886
"FAM102A",0.00737533187243851,0.919556457971759,0.963349773325886
"PPM1B",0.00735783612609184,0.919746645524303,0.963440930608104
"RARRES2",0.00734908825291851,0.919841741009047,0.963486503369881
"HYAL1",0.00733159250657184,0.92003193538878,0.963549247345363
"ZBTB3",0.00732459420803317,0.92010801441193,0.963549247345363
"C6orf132",0.00732459420803317,0.92010801441193,0.963549247345363
"CCDC51",0.00731059761095584,0.920260174633752,0.963578116298202
"HSD17B12",0.00730534888705183,0.920317235463886,0.963578116298202
"EXO5",0.00729835058851317,0.920393317203758,0.963578116298202
"CEP85",0.00729310186460917,0.920450378983056,0.963578116298202
"F11R",0.0072913522899745,0.920469399666459,0.963578116298202
"TRIM6",0.00727735569289716,0.920621566757604,0.963578116298202
"TMEM107",0.0072756061182625,0.920640587846826,0.963578116298202
"DYNLT5",0.0072756061182625,0.920640587846826,0.963578116298202
"CCDC170",0.0072651086704545,0.920754715327571,0.963578116298202
"RNASE10",0.00722136930458782,0.921230263898082,0.963879645559627
"SDK1",0.00721961972995315,0.921249286423181,0.963879645559627
"DDX39B",0.00721262143141449,0.921325376970416,0.963905256865133
"YDJC",0.00718987696116382,0.921572676179337,0.964041775540615
"WDR3",0.00718637781189448,0.921610722879746,0.964041775540615
"HS3ST1",0.00716713249091315,0.921819982910755,0.964044685902187
"AP3S2",0.00713738972212381,0.922143395332369,0.964274918881709
"WFDC1",0.00711464525187314,0.92239071933343,0.964354523062188
"ZNF90",0.0071111461026038,0.922428769841093,0.964354523062188
"SULT1B1",0.00710239822943047,0.922523896880571,0.964354523062188
"MFSD2B",0.00709714950552647,0.922580973632047,0.964354523062188
"SPTB",0.00708840163235313,0.922676102429894,0.964399982593502
"TATDN2",0.00707790418454513,0.922790258435543,0.964465323551525
"BACE1",0.00703766396794779,0.923227871052565,0.964561883221337
"RTBDN",0.00702891609477446,0.923323007285158,0.964561883221337
"SYCE2",0.00702716652013979,0.923342034662293,0.964561883221337
"TMUB1",0.00702541694550512,0.923361062082942,0.964561883221337
"COL22A1",0.00702191779623579,0.923399117054738,0.964561883221337
"ERFE",0.00701316992306246,0.923494255244967,0.964593112072597
"DNAH8",0.00697118013183045,0.923950933647301,0.964976380538921
"MEOX2",0.00695543396011845,0.924122194466921,0.96510127516995
"SOX30",0.00691869289279044,0.92452181660067,0.965410648411189
"TAS2R20",0.00688720054936643,0.924864364901594,0.965714350827584
"ACOD1",0.0068732039522891,0.925016613030705,0.965751082756466
"PCNX4",0.00686970480301977,0.925054675488885,0.965751082756466
"POLR2I",0.00685395863130776,0.925225958655546,0.965875908543934
"GPR27",0.00682421586251842,0.925549502901156,0.966023152667252
"GSG1L2",0.00681721756397976,0.925625632736157,0.966023152667252
"TBC1D2",0.00678747479519042,0.92594919206376,0.966079208280648
"RGS5",0.00678222607128642,0.926006292031406,0.966079208280648
"LBHD1",0.00676822947420908,0.92615856045945,0.966079208280648
"TMEM17",0.00675073372786241,0.926348899767033,0.966184075284771
"B4GALT4",0.00674548500395841,0.926406002375222,0.966189674449078
"RNF186",0.00671399266053441,0.926748625911455,0.966493038726957
"SHISA5",0.00665975584685973,0.927338731332382,0.967000454850004
"EPN3",0.00663701137660906,0.927586206714159,0.967150513431981
"TREML1",0.00661601648099306,0.927814651696343,0.96733293630864
"NHP2",0.00660551903318506,0.927928876402,0.96733293630864
"SLC5A8",0.00659152243610772,0.928081178300912,0.96733293630864
"BHMT",0.00657227711512638,0.928290597678407,0.96733293630864
"ZNF562",0.00655828051804905,0.928442905775771,0.96733293630864
"OSTF1",0.00655828051804905,0.928442905775771,0.96733293630864
"TMEM220",0.00655303179414505,0.928500021983041,0.96733293630864
"PRSS33",0.00651279157754771,0.928937925023959,0.967641513065283
"P4HA1",0.00649004710729704,0.929185444889728,0.967651609521344
"DPEP3",0.00648829753266237,0.929204485161207,0.967651609521344
"PIP5K1A",0.00647430093558504,0.929356808779469,0.967651609521344
"MCM10",0.00646905221168103,0.929413930798558,0.967651609521344
"FBXL15",0.00644105901752636,0.929718587652948,0.967718885362781
"PCK1",0.00644105901752636,0.929718587652948,0.967718885362781
"C4B",0.0064393094428917,0.929737629046069,0.967718885362781
"DAB2",0.00640781709946769,0.930080380935172,0.967771843864731
"H3C3",0.00640606752483302,0.930099423084604,0.967771843864731
"DPH3",0.00639557007702502,0.930213676814479,0.967782888317487
"ASAH1",0.00638857177848635,0.930289846760547,0.967808220705212
"KCNMB3",0.00637632475604369,0.930423145689989,0.967892979942418
"RBM25",0.00636582730823568,0.930537403456462,0.967957922855792
"PAPLN",0.00632558709163835,0.930975404697755,0.968163724257854
"C19orf81",0.00631858879309968,0.931051580947329,0.96816922749289
"LYG2",0.00628184772577167,0.931451516521117,0.968382596000399
"CD163L1",0.00627659900186767,0.931508651578467,0.968382596000399
"RAD51AP2",0.00627135027796367,0.931565786985934,0.968382596000399
"RBFA",0.006253854531617,0.931756240869042,0.968382596000399
"UGT3A2",0.00625210495698233,0.931775286470721,0.968382596000399
"MMACHC",0.00624160750917433,0.931889560894188,0.968447467545482
"PTPN3",0.006232859636001,0.931984790644387,0.968492541179311
"ADRA2B",0.00622411176282766,0.932080021360403,0.968503515458977
"GPR19",0.00622236218819299,0.932099067619386,0.968503515458977
"ECM1",0.00619261941940366,0.932422859914216,0.968786054617964
"DLX2",0.00618387154623032,0.932518095055651,0.968796999928133
"DNAJA2",0.00618212197159566,0.932537142198974,0.968796999928133
"PRSS35",0.00617337409842232,0.932632378490182,0.968842045871768
"ZNF433",0.00615587835207565,0.932822853941243,0.968971695921566
"MT4",0.00615237920280632,0.932860949489706,0.968971695921566
"KRTAP16-1",0.00607714749351564,0.933680040537095,0.96947969029714
"MIA2",0.0060683996203423,0.933775288219412,0.96947969029714
"SLC25A42",0.00605440302326497,0.933927686466813,0.96947969029714
"PIH1D2",0.0060526534486303,0.933946736416755,0.96947969029714
"OR2B6",0.00604915429936097,0.933984836429198,0.96947969029714
"TRMT10B",0.0060474047247263,0.934003886491677,0.96947969029714
"MIPEP",0.0060421560008223,0.934061036904019,0.96947969029714
"ZNF527",0.0060369072769183,0.934118187653488,0.96947969029714
"CLNS1A",0.00601941153057163,0.9343086925828,0.969504897359505
"GPR148",0.00601066365739829,0.934403946447578,0.96954295453614
"NAV1",0.00600191578422496,0.934499201243975,0.96954295453614
"XRRA1",0.00598616961251296,0.93467066222087,0.96954295453614
"PYHIN1",0.00598267046324362,0.934708765068709,0.96954295453614
"PDCD6",0.00594592939591562,0.935108853912342,0.969850222450542
"SLC38A3",0.00593368237347295,0.935242220478021,0.969934679567276
"MANF",0.00589519173151028,0.935661384260592,0.970207762614559
"FDX2",0.00587419683589427,0.935890026515324,0.970302985632792
"UTP23",0.00584270449247027,0.936232999726115,0.970516691122805
"ALDH3B1",0.00583920534320093,0.936271108586399,0.970516691122805
"JAML",0.00582345917148893,0.936442600248752,0.970586714148715
"CD226",0.00578846767879559,0.936823703292628,0.970864944502432
"METAP1D",0.00578321895489159,0.936880869989724,0.970864944502432
"ARHGEF16",0.00575347618610225,0.937204820694841,0.970970757324971
"LDHAL6B",0.00574647788756359,0.937281045890693,0.970970757324971
"IFIT5",0.00570973682023558,0.937681237507598,0.971160826964134
"ACSF3",0.00568524277535024,0.937948040600621,0.971216357900893
"GJE1",0.00566424787973424,0.938176734467683,0.971271874782499
"CDH15",0.0056345051109449,0.938500726101165,0.971357796612851
"SEMA5A",0.00563100596167557,0.93853884342894,0.971357796612851
"SLC45A2",0.00561176064069423,0.93874849122654,0.971520936614588
"OST4",0.00560476234215556,0.938824727834253,0.971545997508312
"LMAN1",0.00556102297628889,0.939301219206793,0.971877538498951
"SYCE1L",0.00554352722994222,0.939491821801628,0.971986773593435
"IFT172",0.00554177765530755,0.939510882250411,0.971986773593435
"USHBP1",0.00550678616261421,0.939892098430444,0.97227344800526
"MS4A15",0.00546129722211287,0.940387699878696,0.972462939254403
"UNC5D",0.00544555105040087,0.940559259571656,0.972586497522853
"ODF3L2",0.0054385527518622,0.940635509202864,0.972611492075777
"TDRD5",0.00541580828161153,0.940883324228774,0.972799435478149
"TAS2R46",0.0054123091323422,0.940921450121937,0.972799435478149
"USP19",0.0054018116845342,0.941035828606906,0.972863832552593
"SLC6A7",0.0053965629606302,0.941093018301941,0.972869102723738
"PRPH2",0.00538781508745686,0.94118833512977,0.972913784628526
"OR6C1",0.00533357827378219,0.941779318061277,0.973294745562813
"PFAS",0.00532133125133952,0.94191277023251,0.973305242321741
"KCNK1",0.00531958167670485,0.941931834960546,0.973305242321741
"CEACAM7",0.00529158848255018,0.942236875090317,0.973512717370367
"C13orf42",0.00527584231083818,0.942408463859656,0.973582280730332
"OR52E6",0.00520760890008617,0.943152045731391,0.973973326296901
"CA14",0.00520760890008617,0.943152045731391,0.973973326296901
"SLC17A8",0.00516911825812349,0.943571523894793,0.974191043189737
"OR52E8",0.00514987293714216,0.943781268805316,0.974353730028086
"FAS",0.00510613357127548,0.944257976141415,0.974791993942682
"ZNF646",0.00509038739956348,0.944429595639212,0.974861389938535
"BATF",0.00507464122785148,0.944601217695711,0.97498465467476
"ARSI",0.00504489845906214,0.944925399644613,0.975157582127579
"UBA5",0.00501340611563814,0.945268660980796,0.975296255039907
"EFCAB14",0.00500115909319547,0.945402154226316,0.975370716395261
"TLCD3A",0.0049941607946568,0.945478436763968,0.975370716395261
"YAE1",0.00497666504831013,0.945669145276202,0.975440017517859
"ZNF875",0.00494167355561679,0.946050571555801,0.975617916862294
"ABCF1",0.00493467525707812,0.946126858286662,0.975642714668527
"COMMD3",0.00491368036146212,0.946355721416671,0.975795750286693
"C10orf99",0.00490668206292345,0.94643201010351,0.975795750286693
"IFNA8",0.00488218801803811,0.946699024340121,0.97601716691008
"DBF4B",0.00487169057023011,0.946813460832846,0.976081264877138
"EFCAB6",0.00484894609997944,0.947061410298343,0.976229103583831
"TMEM14C",0.00484194780144077,0.947137703465983,0.976253863344042
"TUT7",0.00483494950290211,0.947213997114487,0.976264060678969
"NPC1",0.00479121013703543,0.94769084326911,0.976471512870103
"HSD17B2",0.00474922034580343,0.948148633067043,0.976668695318673
"PDCL2",0.00474747077116876,0.948167708011505,0.976668695318673
"MRPL32",0.00473172459945676,0.948339383836512,0.976742863220916
"SPATA1",0.00472647587555276,0.948396609640613,0.976742863220916
"RBX1",0.00471772800237942,0.948491986567443,0.976787225868958
"ARFGAP3",0.00468448608432075,0.948854425555139,0.976989943726965
"ADAMTS8",0.00468273650968608,0.948873501582789,0.976989943726965
"ETFB",0.00466349118870475,0.949083339803174,0.976989943726965
"SMIM7",0.00466174161407008,0.949102416178949,0.976989943726965
"NEUROG1",0.00465824246480074,0.949140569017307,0.976989943726965
"TIMM13",0.00465649289016608,0.94915964547987,0.976989943726965
"DMRTC2",0.00462675012137674,0.949483949757465,0.977108345033635
"SKIDA1",0.00457776203160606,0.950018116050311,0.977388769644445
"ZNF552",0.00456726458379806,0.950132583162929,0.977408929339139
"SETD4",0.00456201585989406,0.950189817102187,0.977408929339139
"SMPD1",0.00455851671062473,0.950227973203328,0.977408929339139
"GDF15",0.00453577224037406,0.950475990616289,0.977487942860072
"ZNF26",0.00451652691939272,0.950685855222387,0.97759107103476
"USP47",0.00448328500133405,0.951048356616665,0.977753513774362
"QSOX2",0.00448153542669938,0.951067435916429,0.977753513774362
"LAIR2",0.00446753882962205,0.951220071315356,0.977763556160801
"CARD17",0.00445004308327538,0.951410868059872,0.977784585558742
"RNF34",0.00444479435937138,0.951468107622518,0.977784585558742
"OSR1",0.00443429691156338,0.951582587492671,0.977784585558742
"UTP15",0.00440980286667804,0.951849711040319,0.977784585558742
"CIB1",0.00440805329204337,0.951868791499437,0.977784585558742
"DENND2D",0.0043853088217927,0.952116839954794,0.977985595808807
"RIOK1",0.00436081477690736,0.952383974206392,0.978064415658731
"MYPN",0.00434681817983003,0.952536624734989,0.978113611638457
"NPHP4",0.00434506860519536,0.952555706172642,0.978113611638457
"FMN1",0.00433107200811803,0.952708358644278,0.978216576284597
"MFSD14A",0.00432582328421403,0.9527656037652,0.978221573167612
"MYBPC1",0.00431357626177136,0.952899176653688,0.978275739243688
"PRDX1",0.00431007711250202,0.952937340577352,0.978275739243688
"ZNF747",0.00430657796323269,0.952975504608075,0.978275739243688
"ARSD",0.00430132923932869,0.953032750854706,0.978280732931872
"MFSD1",0.00428208391834735,0.953242655813507,0.978388648053037
"KIAA1328",0.00424534285101935,0.953643392384724,0.978692383568365
"SKP2",0.00421734965686467,0.953948723295703,0.978790592037718
"SIRT1",0.00418760688807534,0.954273144734117,0.979015889422894
"NKIRAS2",0.00417011114172867,0.954463984388671,0.979157889175656
"ATP7A",0.004157864119286,0.954597573688455,0.979241145018433
"KARS1",0.004142117947574,0.954769333218309,0.979363545185102
"OR8U1",0.00412287262659266,0.954979264361537,0.979525084644995
"ZFYVE1",0.00410712645488066,0.955151028511178,0.979647460512645
"SPATA31D1",0.00409837858170732,0.955246453932056,0.979657426212507
"PRPSAP1",0.00409312985780332,0.95530370949012,0.979657426212507
"NPVF",0.00408963070853399,0.95534187998929,0.979657426212507
"TOR2A",0.00408088283536065,0.955437306681526,0.979657426212507
"FCHO1",0.00407738368609132,0.955475477535918,0.979657426212507
"ZNF672",0.00406688623828332,0.955589990706529,0.979721051077906
"BTNL2",0.00405988793974465,0.955666333325599,0.979745536651968
"FOXC2",0.00405463921584065,0.955723590554707,0.979750454341844
"M1AP",0.00404939049193665,0.955780848010466,0.979755371724214
"MB",0.00403714346949398,0.955914449620346,0.979838543419845
"GLIPR1L2",0.00402664602168598,0.956028966264026,0.979897312182442
"DDC",0.00401789814851264,0.956124397488302,0.979897312182442
"P2RY2",0.00397590835728064,0.956582476025603,0.980254283799954
"SLCO1B1",0.0039619117602033,0.956735172039837,0.980356966587073
"SLC9A2",0.00391992196897129,0.957193269510267,0.980528022357333
"APOBEC3G",0.00391292367043263,0.957269620456267,0.980528022357333
"THBS2",0.00390242622262462,0.957384147604223,0.980557278772791
"HES2",0.00388143132700862,0.957613204515792,0.980557278772791
"SNX24",0.00386918430456595,0.957746822652102,0.980591445354173
"GCSAM",0.00385868685675795,0.957861353420723,0.980596318395298
"CLLU1-AS1",0.00383419281187261,0.95812859523256,0.980654882696514
"ZNF215",0.00381144834162194,0.958376752524251,0.980855120020983
"AMBN",0.00379745174454461,0.958529466694149,0.980874554869532
"MXD1",0.00379045344600594,0.958605824345614,0.980874554869532
"MYMX",0.00379045344600594,0.958605824345614,0.980874554869532
"CENPC",0.00376246025185127,0.958911258712067,0.981079580788132
"ZNF165",0.00374846365477393,0.959063978141934,0.981128333467286
"C11orf58",0.00371522173671526,0.959426692750757,0.981357656361581
"BRIP1",0.00368547896792592,0.959751233939405,0.981562567496431
"XRCC1",0.00363299172888591,0.960323969793042,0.981879473330496
"TLR1",0.00359974981082724,0.960686713025788,0.982142820914694
"EDARADD",0.00358925236301924,0.960801265201258,0.982206165028119
"SPATA9",0.00357350619130724,0.960973094968995,0.982220529862136
"CACNA1H",0.00350877192982456,0.961679525044621,0.982619475253238
"KRT82",0.00350177363128589,0.961755897661098,0.982619475253238
"POLN",0.00345103596688055,0.962309609498473,0.982726064468148
"ESM1",0.00341604447418721,0.96269149025434,0.982847333515009
"SH3BGRL3",0.00337930340685921,0.963092474184414,0.983007523257842
"EPPK1",0.00336880595905121,0.963207042726858,0.983051244874955
"AAR2",0.0033583085112432,0.963321612022908,0.98308021657472
"ANKK1",0.0033163187200112,0.963779896696301,0.983357177317821
"ADCK2",0.00330932042147253,0.9638562786333,0.983357177317821
"TOE1",0.00329182467512586,0.9640472349138,0.98347878730814
"ZNF579",0.00325333403316319,0.964467345916173,0.983711910476656
"SFTA2",0.00323408871218185,0.964677405094038,0.983769685939214
"ITCH",0.00321834254046985,0.964849273503582,0.983778441763401
"OR11H1",0.00318335104777651,0.965231209091135,0.983846243318814
"GDF7",0.00318160147314184,0.965250306078959,0.983846243318814
"FOLR1",0.00317460317460317,0.965326694227871,0.983855642900182
"PIK3R5",0.00315010912971784,0.965594055230366,0.983928119570183
"FANCD2OS",0.00313961168190984,0.965708639693512,0.983991191822578
"CNOT2",0.00311161848775516,0.966014201689645,0.984141459238261
"TFF3",0.00309587231604316,0.96618608249088,0.984228643512572
"PIMREG",0.00307662699506183,0.966396161141397,0.984315810726261
"EIF2D",0.00304688422627249,0.966720832692429,0.984539113936296
"AGBL3",0.00301189273357915,0.967102806225618,0.984752229340222
"RLF",0.00300839358430981,0.967141003992201,0.984752229340222
"SRM",0.00300314486040581,0.967198300782283,0.984756880848821
"GNG11",0.00296115506917381,0.967656681125874,0.984974540948707
"ATP6V0D2",0.00295415677063514,0.967733078884526,0.984979180404785
"SMYD3",0.00294365932282714,0.967847676073126,0.985042136149411
"CD40",0.00291041740476847,0.968210571504531,0.985308710615768
"ZNF283",0.00290691825549913,0.968248771404806,0.985308710615768
"FMC1",0.00290516868086446,0.968267871382052,0.985308710615768
"ENOSF1",0.00284043441938179,0.968974583142833,0.985811954424561
"APEX1",0.00282468824766978,0.969146489679245,0.985811954424561
"ARL4D",0.00280719250132312,0.969337498609577,0.98582573808029
"KLHL32",0.00278094888180311,0.969624015273414,0.985936631417558
"C2orf16",0.00268997100080043,0.97061730292088,0.986433548645463
"FAHD2B",0.00268472227689643,0.970674609371632,0.986433548645463
"PDLIM1",0.00266372738128043,0.970903836673718,0.98653972000644
"BICD2",0.00263398461249109,0.971228579428925,0.986762319084681
"PTPDC1",0.00262173759004842,0.971362298412469,0.986829624259679
"MUC7",0.00261298971687508,0.971457812461301,0.986834164021064
"SLC26A8",0.00257274950027774,0.971897182295401,0.986869221019501
"PPP1R8",0.00256575120173908,0.971973595307844,0.986869221019501
"HAND1",0.00255350417929641,0.97210731869329,0.986869221019501
"ZNF678",0.00254300673148841,0.972221939357198,0.986912541549899
"PI4K2A",0.00253425885831507,0.972317457011973,0.986955857772466
"CACNA1S",0.00250801523879507,0.97260401233409,0.987193072519101
"C1orf87",0.0025010169402564,0.972680427680659,0.987202110401769
"ARHGAP11A",0.0024747733207364,0.972966987440266,0.987331976872779
"ADAM9",0.00245377842512039,0.973196237742153,0.987406812470229
"TMEM176A",0.00244328097731239,0.973310863718044,0.987406812470229
"NTSR1",0.00243978182804306,0.973349072498309,0.987406812470229
"SIGLEC5",0.00243453310413906,0.973406385782441,0.987406812470229
"DEFA1B",0.00242928438023506,0.973463699202792,0.987406812470229
"CYB5R1",0.00242578523096572,0.973501908225227,0.987406812470229
"SMLR1",0.00241703735779239,0.973597431045043,0.987435200534145
"LRP2BP",0.00241353820852305,0.973635640278234,0.987435200534145
"METTL15",0.00234005607386704,0.974438047906147,0.988088010788099
"DOP1B",0.00229631670800037,0.97491568373037,0.988253337960274
"FOXP3",0.00229106798409637,0.974973000632263,0.988253337960274
"WDR90",0.00228756883482703,0.975011211971432,0.988253337960274
"GLOD5",0.0022788209616537,0.975106740568063,0.988253337960274
"ZWINT",0.0022735722377497,0.97516405789615,0.988253337960274
"SPATA7",0.00223858074505636,0.975546176653809,0.988513938212063
"TIMD4",0.00222808329724836,0.975660813370704,0.988522831362842
"LRRC39",0.00221408670017102,0.975813663101942,0.988570435155513
"OR2M4",0.00217909520747768,0.976195791272436,0.988809940485514
"HDDC2",0.00217384648357368,0.976253110967574,0.988809940485514
"HYAL2",0.00216509861040035,0.976348644062986,0.988809940485514
"P3H2",0.00216334903576568,0.976367750722498,0.988809940485514
"EME2",0.00214235414014968,0.97659703168272,0.988934889318792
"EED",0.00213360626697634,0.976692565983354,0.988976345456933
"CSTF3",0.00212835754307234,0.976749886723018,0.988976345456933
"CLPS",0.00211786009526434,0.976864528559363,0.988976345456933
"GALNS",0.002114360945995,0.976902742610275,0.988976345456933
"CST8",0.00207936945330167,0.977284885997348,0.989309584849394
"PRM1",0.00203213093816566,0.977800787757504,0.989617271563385
"IHO1",0.00201288561718432,0.978010972609105,0.989776358754072
"AKR1C3",0.00200413774401099,0.978106511679537,0.989819410031267
"EIF1AD",0.00198489242302965,0.978316698729227,0.98991424084058
"UNC5A",0.00197964369912565,0.97837402272985,0.98991424084058
"MUC12",0.00196039837814431,0.978584211677755,0.989916760155081
"FGF19",0.00195340007960565,0.978660644388915,0.989916760155081
"DMBT1",0.00189566411666164,0.979291221607375,0.990340032868073
"CLDN7",0.00186417177323763,0.979635178253051,0.990589255465715
"ASB17",0.00185367432542963,0.979749831306047,0.990589255465715
"CAND2",0.00185192475079496,0.979768940188621,0.990589255465715
"DRC7",0.00184317687762163,0.979864484774014,0.990632226364937
"EPHA8",0.00181868283273629,0.980132011133189,0.990849054883807
"CEP152",0.00176969474296562,0.980667070471701,0.991228998653974
"SH2D1A",0.00175394857125361,0.980839055674317,0.991295535676906
"ZNF34",0.00173995197417628,0.980991932151912,0.99134274795028
"FUT2",0.00171195878002161,0.981297687179016,0.991598074112937
"C1QTNF5",0.00168221601123227,0.981622554880562,0.99183833220907
"ADAMTS7",0.0016804664365976,0.981641664840033,0.99183833220907
"CT83",0.0016752177126936,0.981698994781105,0.991842598135349
"CAMP",0.00165247324244293,0.98194742560544,0.992039928627458
"TPD52L3",0.00163322792146159,0.982157637660407,0.992144961106976
"MAF1",0.00162273047365359,0.982272299300223,0.99217276180941
"CX3CL1",0.00162098089901893,0.982291409608909,0.99217276180941
"H3-5",0.00158598940632559,0.982673617885134,0.992260373080499
"ANKRD62",0.00157899110778692,0.982750060016598,0.992260373080499
"ARID1B",0.00152475429411224,0.983342491809545,0.992269958217857
"HSPA14",0.00151950557020824,0.983399824407328,0.992269958217857
"TTC6",0.00151600642093891,0.983438046186452,0.992269958217857
"RPP30",0.00150725854776557,0.983533600799063,0.992269958217857
"SLURP1",0.00150375939849624,0.983571822709801,0.992269958217857
"RPL9",0.00150026024922691,0.983610044657946,0.992269958217857
"DUSP12",0.00147751577897624,0.98385848822671,0.992269958217857
"ALKBH7",0.00147576620434157,0.983877599335088,0.992269958217857
"ALG1L",0.00147576620434157,0.983877599335088,0.992269958217857
"C2CD4A",0.0014687679058029,0.983954043860272,0.992269958217857
"TMEM11",0.0014687679058029,0.983954043860272,0.992269958217857
"LRRC41",0.00146176960726423,0.984030488531608,0.992269958217857
"DCHS2",0.00146002003262957,0.984049599722197,0.992269958217857
"UPRT",0.0014582704579949,0.984068710921866,0.992269958217857
"TOMM7",0.00145652088336023,0.984087822130604,0.992269958217857
"PLXNB1",0.00142677811457089,0.984412714056213,0.992406733119229
"OR5I1",0.00141977981603223,0.984489159589846,0.992406733119229
"PRSS50",0.00141103194285889,0.98458471670548,0.992449490996953
"ALG12",0.00139003704724289,0.984814054675524,0.99251336509535
"ZMYM1",0.00137604045016555,0.98496694734832,0.99251336509535
"EFCAB2",0.00135854470381888,0.985158063958886,0.992534476257391
"TMEM200A",0.00134979683064555,0.985253622581697,0.992534476257391
"KCNRG",0.00132705236039488,0.985502075979813,0.992677674936573
"SPATA31D4",0.00131480533795221,0.985635859158066,0.992758888234065
"BCAR1",0.00130605746477888,0.98573141881664,0.992801595093543
"HELB",0.00129381044233621,0.985865202679504,0.992882793639044
"P4HTM",0.00127631469598954,0.986056323166649,0.992933888440225
"TSPYL5",0.00126056852427753,0.986228332284089,0.992980771671662
"FOXI1",0.0012308257554882,0.986553240121065,0.993147278595354
"HLA-F",0.00119758383742952,0.98691637502504,0.993352208028436
"ALG1L2",0.00116784106864019,0.987241287483736,0.993522771925114
"CRABP2",0.00116259234473619,0.987298625195877,0.993522771925114
"LCAT",0.00115209489692818,0.987413300815099,0.993584633945193
"RNF19B",0.00112235212813885,0.987738216462643,0.993763410672405
"HTRA3",0.00111010510569618,0.987872005848115,0.993763410672405
"MPP1",0.00107336403836817,0.988273376019536,0.99396809578011
"UAP1L1",0.0010611170159255,0.988407166735906,0.99404912471512
"CABP5",0.00100688020225083,0.988999672315909,0.994406092949693
"VIP",0.00098238615736549,0.98926725747322,0.994406092949693
"USH1G",0.000973638284192156,0.989362823892621,0.994406092949693
"HS3ST5",0.000970139134922822,0.989401050502849,0.994406092949693
"TIAL1",0.000945645090037485,0.989668637445394,0.994514472581662
"POLE3",0.000886159552458808,0.990318496189095,0.994899851254843
"KATNB1",0.000863415082208138,0.990566973298246,0.995042426490859
"ZKSCAN3",0.000851168059765469,0.990700769042166,0.995108179929761
"ZNF320",0.000796931246090794,0.991293296118005,0.995596232480358
"ACAD11",0.00079343209682146,0.991331523838335,0.995596232480358
"CCL15",0.000786433798282792,0.991407979338131,0.995619477448994
"SAC3D1",0.000763689328032122,0.99165646024939,0.995815466803829
"PCDH20",0.000751442305589454,0.991790257997184,0.995827579373491
"SCUBE1",0.00074794315632012,0.991828485967354,0.995827579373491
"OPN1MW3",0.000726948260704116,0.992057854176121,0.995950786679205
"IL36B",0.000712951663626781,0.992210766678196,0.996050756744893
"NEB",0.000683208894837443,0.992535706680531,0.996269851551413
"TSPAN19",0.000660464424586772,0.992784191043241,0.996305080705189
"GPRC5C",0.000639469528970769,0.993013561840978,0.9963211174891
"RPUSD1",0.000614975484085432,0.993281161827611,0.996536071893229
"MYOC",0.000572985692853425,0.99373990638962,0.996763705131385
"GKN1",0.000560738670410756,0.993873707280268,0.996763705131385
"F10",0.000525747177717417,0.994255996468271,0.996924996780921
"ZNF724",0.000457513766965406,0.995001464068043,0.997458257806483
"SPINK8",0.00043826844598407,0.995211724970832,0.997561945875658
"SF3B3",0.000396278654752063,0.995670477156646,0.997704425681495
"HESX1",0.00039277950548273,0.995708706571628,0.997704425681495
"KRTAP19-7",0.000391029930848063,0.99572782128279,0.997704425681495
"IL3RA",0.000329794818634719,0.996396837628107,0.998160561043959
"HAVCR1",0.000298302475210714,0.996740904185081,0.998398129609041
"OR6J1",0.000261561407882709,0.997142315923607,0.998670301078188
"ZNF516",0.000244065661536039,0.997333464628897,0.998670301078188
"RBM8A",0.000175832250784028,0.998078945929627,0.999148927646961
"RFK",0.000161835653706693,0.998231865397568,0.999214026623949
"CARS1",0.000160086079072026,0.998250980335705,0.999214026623949
"MXRA5",0.000140840758090689,0.998461244718542,0.999370931259096
"ENTPD7",0.00012334501174402,0.998652394249854,0.99942074144767
"RRAS2",0.000104099690762683,0.998862658822496,0.99942074144767
"TNNI2",9.88509668586825e-05,0.998920003720151,0.99942074144767
"TRMT10C",9.71013922240155e-05,0.998939118687281,0.99942074144767
"FGFR4",5.33620263573419e-05,0.999416993033527,0.999684631883356
"PRLR",4.63637278186741e-05,0.999493452952597,0.999707568945089
"ATF7",3.76158546453393e-05,0.999589027857842,0.999749621607297
"IFFO2",2.53688322026707e-05,0.999722832734707,0.999829903831712
"DSC3",6.12351122133431e-06,0.999933097555396,0.999952212539542
"ZKSCAN8",-4.37393658666737e-06,0.999952212539542,0.999952212539542
"FAM9B",-5.68611756266758e-05,0.99937876307594,0.999684631883356
"GFOD2",-7.78560712426791e-05,0.999149383363176,0.999524017552664
"TRMT6",-8.48543697813469e-05,0.999072923473491,0.99950106700187
"ARSG",-9.71013922240155e-05,0.998939118687281,0.99942074144767
"WDR91",-0.000104099690762683,0.998862658822496,0.99942074144767
"ACAD10",-0.000104099690762683,0.998862658822496,0.99942074144767
"ZNF563",-0.000128593735648021,0.998595049381909,0.99942074144767
"RPS23",-0.000175832250784028,0.998078945929627,0.999148927646961
"SCYL3",-0.000193327997130698,0.99788779669379,0.999064677337473
"RNF212",-0.000196827146400031,0.997849566860705,0.999064677337473
"SIAH2",-0.000198576721034698,0.997830451945994,0.999064677337473
"MOV10",-0.000244065661536039,0.997333464628897,0.998670301078188
"CYP2R1",-0.000244065661536039,0.997333464628897,0.998670301078188
"SRC",-0.000256312683978708,0.997199660518606,0.998670301078188
"SSX1",-0.000287805027402713,0.996855593174139,0.99845945822805
"CCDC186",-0.000319297370826718,0.996511526409714,0.998221908776433
"MT1HL1",-0.000359537587424057,0.996071886489079,0.997888560887782
"FAM110A",-0.000368285460597392,0.995976312745269,0.997846339618617
"GDPD5",-0.000370035035232059,0.995957198003336,0.997846339618617
"OR56B1",-0.00039802822938673,0.995651362452847,0.997704425681495
"SF3B2",-0.000406776102560065,0.995555788971207,0.997704425681495
"GPR85",-0.000408525677194732,0.995536674282426,0.997704425681495
"ZNF382",-0.000412024826464066,0.995498444912499,0.997704425681495
"ZNF35",-0.000443517169888071,0.99515438105493,0.997558006579458
"RNASE7",-0.000466261640138741,0.994905891043376,0.99741598696259
"TEX38",-0.000496004408928079,0.99458094331,0.997143745826581
"QRSL1",-0.000506501856736081,0.994466256084822,0.997082289077154
"SIM2",-0.000539743774794753,0.994103080631221,0.996825188395634
"ZBTB40",-0.000550241222602755,0.993988393894137,0.996763705131385
"INSRR",-0.000553740371872089,0.993950165009041,0.996763705131385
"BMP3",-0.000555489946506756,0.993931050571654,0.996763705131385
"LSMEM1",-0.000562488245045423,0.993854592856767,0.996763705131385
"MOSPD3",-0.000599229312373429,0.993453190788238,0.996548060541472
"FIGNL2",-0.000600978887008096,0.993434076444225,0.996548060541472
"RTKN2",-0.000602728461642763,0.99341496210395,0.996548060541472
"FDCSP",-0.000641219103605436,0.992994447585697,0.9963211174891
"UROD",-0.00064471825287477,0.992956219087112,0.9963211174891
"C19orf84",-0.000653466126048104,0.992860647911018,0.9963211174891
"TMEM108",-0.000660464424586772,0.992784191043241,0.996305080705189
"SNRPE",-0.000662213999221439,0.99276507683654,0.996305080705189
"ATXN1L",-0.000662213999221439,0.99276507683654,0.996305080705189
"OC90",-0.000691956768010777,0.992440135961725,0.996227464618177
"ENOX1",-0.000728697835338783,0.992038740133595,0.995950786679205
"RGS13",-0.000751442305589454,0.991790257997184,0.995827579373491
"MRI1",-0.000847668910496136,0.990738996445383,0.995108179929761
"PHF19",-0.00087916125392014,0.990394950586114,0.994923140075643
"HAO2",-0.000887909127093475,0.990299382603593,0.994899851254843
"MLXIP",-0.000893157850997476,0.990242041880266,0.994899851254843
"MLIP",-0.000908904022709479,0.990070020011452,0.994810765251728
"B3GNTL1",-0.000931648492960149,0.989821544789221,0.994614611561578
"OR11H7",-0.000954392963210819,0.989573070546308,0.994471947133171
"SENP7",-0.000963140836384154,0.989477503795627,0.994429417257016
"TGFB3",-0.000973638284192156,0.989362823892621,0.994406092949693
"ORC1",-0.000977137433461489,0.989324597306616,0.994406092949693
"TRPM6",-0.000977137433461489,0.989324597306616,0.994406092949693
"CYSLTR1",-0.000992883605173492,0.989152577971698,0.994406092949693
"USH2A",-0.00100338105298149,0.989037898692498,0.994406092949693
"CRISP3",-0.0010138785007895,0.988923219637969,0.994406092949693
"CDK18",-0.00101562807542416,0.988904106484222,0.994406092949693
"SEMA4F",-0.00103662297104017,0.9886747491351,0.994264693061609
"FBXL14",-0.00107686318763751,0.988235150160495,0.99396809578011
"APBB1IP",-0.00108386148617617,0.988158698522873,0.993959813303881
"WNT11",-0.00110660595642684,0.987910231449125,0.993763410672405
"AZGP1",-0.00111360425496551,0.987833780274723,0.993763410672405
"TBX22",-0.00111885297886951,0.98777644196661,0.993763410672405
"CTU2",-0.00114509659838952,0.987489751371371,0.993608027402172
"RAB5A",-0.00116434191937085,0.987279512617918,0.993522771925114
"AKNAD1",-0.00118708638962152,0.987031049767414,0.99341409169305
"H1-1",-0.00120458213596819,0.986839925345614,0.993328794101256
"CWH43",-0.00122207788231486,0.986648801673015,0.993189943407817
"OR2A7",-0.0012308257554882,0.986553240121065,0.993147278595354
"ARHGAP1",-0.0012465719272002,0.986381229810744,0.993081177786817
"CRLF2",-0.00126406767354687,0.986190107980609,0.992980771671662
"MRPS9",-0.00127456512135487,0.986075435259202,0.992933888440225
"CREG1",-0.00128156341989354,0.985998986936661,0.992933888440225
"SLC26A6",-0.00134454810674155,0.985310957856209,0.992538697352889
"CES4A",-0.00134979683064555,0.985253622581697,0.992534476257391
"RFPL4AL1",-0.00136554300235755,0.985081617212659,0.992521810696138
"DCAF4L1",-0.00136729257699222,0.985062505547307,0.992521810696138
"PRSS58",-0.00137779002480022,0.984947835734153,0.99251336509535
"KRTAP27-1",-0.00137953959943489,0.984928724128555,0.99251336509535
"TAS2R41",-0.00138128917406955,0.984909612531537,0.99251336509535
"DIAPH2",-0.00139528577114689,0.984756720065571,0.99251336509535
"FZD10",-0.00142152939066689,0.984470048193165,0.992406733119229
"ACTL6B",-0.00142152939066689,0.984470048193165,0.992406733119229
"GPR78",-0.0014425242862829,0.984240712125698,0.992370541470579
"MN1",-0.0014582704579949,0.984068710921866,0.992269958217857
"LARP1B",-0.00147226705507224,0.983915821579367,0.992269958217857
"CSNK1G1",-0.00147226705507224,0.983915821579367,0.992269958217857
"BSX",-0.00150550897313091,0.98355271174975,0.992269958217857
"ELMOD3",-0.00152475429411224,0.983342491809545,0.992269958217857
"EIF2B2",-0.00153000301801624,0.983285159297105,0.992269958217857
"TMEM143",-0.00153000301801624,0.983285159297105,0.992269958217857
"QPCTL",-0.00153350216728558,0.983246937669703,0.992269958217857
"ACRBP",-0.00153525174192025,0.983227826870302,0.992269958217857
"ARG1",-0.00155624663753625,0.98299849802533,0.992269958217857
"TGDS",-0.00157899110778692,0.982750060016598,0.992260373080499
"ZNF287",-0.00158598940632559,0.982673617885134,0.992260373080499
"CCDC63",-0.00159473727949892,0.982578065442808,0.992260373080499
"ZBED6",-0.00159998600340292,0.982520734096337,0.992260373080499
"MKRN1",-0.00161398260048026,0.982367850944355,0.992196310866734
"CDC20",-0.0016437253692696,0.982042976386239,0.992082794774133
"HABP2",-0.00173995197417628,0.980991932151912,0.99134274795028
"SMIM20",-0.00175394857125361,0.980839055674317,0.991295535676906
"RMND5A",-0.00177494346686962,0.980609742268528,0.991224699426663
"NUP62",-0.00179418878785095,0.98039953970903,0.991065862170817
"TPH2",-0.00185717347469896,0.979711613575491,0.990589255465715
"OR7G1",-0.00189391454202697,0.979310330210301,0.990340032868073
"CFD",-0.00192190773618164,0.979004593984131,0.99013808064809
"CCDC174",-0.00193940348252831,0.978813510393579,0.989998435965907
"ZC3H12B",-0.00195165050497098,0.978679752597098,0.989916760155081
"PHF13",-0.00195514965424031,0.978641536192878,0.989916760155081
"CYTL1",-0.00197089582595232,0.978469562976939,0.989916760155081
"BCL10",-0.00197614454985632,0.978412238791833,0.98991424084058
"CCDC175",-0.00197614454985632,0.978412238791833,0.98991424084058
"KLHDC1",-0.00203213093816566,0.977800787757504,0.989617271563385
"SNF8",-0.002056624983051,0.977533281977741,0.989453773465735
"FNDC3B",-0.002067122430859,0.977418637409102,0.989391353509615
"ANKRD54",-0.00211611052062967,0.97688363557824,0.988976345456933
"MSR1",-0.00214235414014968,0.97659703168272,0.988934889318792
"SCRN2",-0.00216684818503501,0.976329537416936,0.988809940485514
"RCBTB2",-0.00218434393138168,0.976138471699239,0.988809940485514
"OR2T6",-0.00221583627480569,0.975794556837241,0.988570435155513
"PTGER4",-0.00222983287188302,0.975641707216525,0.988522831362842
"TAZ",-0.00224557904359503,0.975469752454104,0.988490130050615
"STRC",-0.00227182266311503,0.975183163700466,0.988253337960274
"COASY",-0.00227707138701903,0.975125846329938,0.988253337960274
"ZNF750",-0.00227707138701903,0.975125846329938,0.988253337960274
"SLC7A6OS",-0.0023050645811737,0.974820155846236,0.988253337960274
"OXTR",-0.00231206287971237,0.97474373379683,0.988253337960274
"EIF4B",-0.00231731160361637,0.974686417410674,0.988253337960274
"RTN4IP1",-0.00239954161144572,0.973788477810334,0.98748295659368
"SP8",-0.00240828948461905,0.973692954240531,0.987439705332111
"OR56B4",-0.00243453310413906,0.973406385782441,0.987406812470229
"AUH",-0.00244503055194706,0.973291759350691,0.987406812470229
"UGT2B4",-0.00247127417146706,0.973005195670566,0.987331976872779
"RFT1",-0.00247127417146706,0.973005195670566,0.987331976872779
"GPR152",-0.00249751779098707,0.972718635447277,0.987202110401769
"ATOH1",-0.00255175460466174,0.972126422097653,0.986869221019501
"TPH1",-0.00255525375393108,0.972088215304802,0.986869221019501
"GTSF1L",-0.00255875290320041,0.972050008575493,0.986869221019501
"OR13F1",-0.00256400162710441,0.971992698600858,0.986869221019501
"TP73",-0.00256750077637374,0.971954492030781,0.986869221019501
"SPAG4",-0.00258499652272041,0.971763460139807,0.986869221019501
"PASK",-0.00259024524662441,0.971706150885383,0.986869221019501
"C1orf194",-0.00259724354516308,0.971629738771636,0.986869221019501
"GABRR2",-0.00260774099297108,0.971515121085611,0.986838703437119
"NAA80",-0.00261823844077909,0.971400503983184,0.986829624259679
"C1QL4",-0.00264098291102976,0.971152168941175,0.986738366092453
"SLC25A33",-0.00267422482908843,0.970789222723446,0.986476931475221
"C1QBP",-0.00268297270226176,0.970693711555275,0.986433548645463
"NIBAN1",-0.00268297270226176,0.970693711555275,0.986433548645463
"TULP1",-0.00270396759787777,0.970464486455422,0.98641530146084
"HTR7",-0.00272146334422443,0.970273467387016,0.98627482049311
"SGCB",-0.00273720951593644,0.970101551671553,0.986153743687019
"RPS14",-0.00274245823984044,0.970044246738941,0.986149167279759
"ELK3",-0.00274595738910977,0.970006043535752,0.986149167279759
"PCYOX1L",-0.00276170356082177,0.969834129967581,0.986042909863059
"ZNF530",-0.00276520271009111,0.969795927140988,0.986042909863059
"DNAJB13",-0.00278094888180311,0.969624015273414,0.985936631417558
"FCAR",-0.00278969675497645,0.969528509284833,0.985936631417558
"LIN7A",-0.00280544292668845,0.96935659959876,0.98582573808029
"H2BC5",-0.00280894207595778,0.969318397637843,0.98582573808029
"POLR3A",-0.00282118909840045,0.969184691325196,0.985811954424561
"TGFBR1",-0.00282818739693912,0.969108288103526,0.985811954424561
"EFEMP2",-0.00283518569547779,0.969031885163128,0.985811954424561
"INTS7",-0.00287717548670979,0.96857347346639,0.985458607019956
"ZFPM1",-0.00288592335988313,0.968477972321145,0.985415124547519
"RARA",-0.00288942250915246,0.968439771988537,0.985415124547519
"RIC8B",-0.00295940549453914,0.967675780537957,0.984974540948707
"TMEM238",-0.00295940549453914,0.967675780537957,0.984974540948707
"GSDMB",-0.00296465421844314,0.967618482356933,0.984974540948707
"CYP2U1",-0.00299439698723248,0.96729379580558,0.98480042141654
"FOXJ3",-0.00301714145748315,0.967045509716168,0.984752229340222
"KRT71",-0.00301889103211782,0.967026410917174,0.984752229340222
"TMEM184A",-0.00305213295017649,0.966663537313644,0.984534450720926
"IL10",-0.00308537486823516,0.96630067055802,0.984272229252336
"B3GNT6",-0.00309412274140849,0.966205180454032,0.984228643512572
"NDST4",-0.00312386551019783,0.965880517704558,0.984058946519575
"PANX3",-0.00312911423410183,0.96582322485909,0.984054257908804
"AGL",-0.00315010912971784,0.965594055230366,0.983928119570183
"SMIM18",-0.00315010912971784,0.965594055230366,0.983928119570183
"OR11H6",-0.00317110402533384,0.965364888420745,0.983855642900182
"C8orf82",-0.00319734764485384,0.965078433901653,0.983778441763401
"NKAP",-0.00320084679412318,0.965040240302767,0.983778441763401
"DRC1",-0.00320434594339251,0.965002046783448,0.983778441763401
"DHRS9",-0.00320959466729651,0.964944756653848,0.983778441763401
"RASSF6",-0.00321309381656585,0.964906563333828,0.983778441763401
"C8G",-0.00322709041364318,0.964753790853325,0.983769685939214
"PXMP2",-0.00322709041364318,0.964753790853325,0.983769685939214
"CHST13",-0.00324458615998985,0.964562827058264,0.983736094262787
"MTF1",-0.00325158445852852,0.9644864421042,0.983711910476656
"ADRA2A",-0.00326908020487519,0.964295481135016,0.983624578386453
"CPT2",-0.00327782807804852,0.964200001411561,0.983580905962547
"EPHB3",-0.00330757084683786,0.963875374168988,0.983357177317821
"COX10",-0.00332331701854986,0.963703515089031,0.983342995563719
"CDH3",-0.00335131021270454,0.963397991971122,0.983084957821695
"ATP8B2",-0.00335655893660854,0.963340706978686,0.98308021657472
"IZUMO1",-0.00337755383222454,0.963111568889055,0.983007523257842
"ZNF662",-0.00338630170539787,0.963016095575945,0.983007523257842
"TEX11",-0.00338980085466721,0.96297790639792,0.983007523257842
"FMO2",-0.00339854872784054,0.96288243382166,0.982988539086767
"MBD2",-0.00342129319809121,0.962634207597566,0.982842579329332
"WFDC5",-0.00342829149662988,0.962557831019543,0.982818328802196
"RUNX1",-0.00343878894443788,0.962443266791795,0.982755082045028
"THBS1",-0.00344053851907255,0.96242417282856,0.982755082045028
"MAD2L2",-0.00345278554151522,0.962290515685114,0.982726064468148
"SCGB1D1",-0.00345628469078455,0.962252328122768,0.982726064468148
"OR51E1",-0.00345628469078455,0.962252328122768,0.982726064468148
"ANGPT2",-0.00345978384005389,0.962214140646327,0.982726064468148
"OR1J4",-0.00347902916103522,0.962004111065303,0.982682753282044
"PTGER1",-0.00348952660884322,0.961889550577195,0.982619475253238
"TMEM131L",-0.00349127618347789,0.961870457238335,0.982619475253238
"DTX4",-0.00349827448201656,0.961794084099928,0.982619475253238
"C9orf43",-0.00350702235518989,0.961698618166066,0.982619475253238
"FFAR4",-0.00350702235518989,0.961698618166066,0.982619475253238
"SMG8",-0.00352976682544056,0.961450409290893,0.982547077642501
"FBXW10",-0.00353151640007523,0.961431316453711,0.982547077642501
"KNTC1",-0.00353501554934456,0.961393130845186,0.982547077642501
"F13A1",-0.00357700534057657,0.960934910420468,0.982220529862136
"CCDC146",-0.00357700534057657,0.960934910420468,0.982220529862136
"AXIN1",-0.00360499853473124,0.960629437239838,0.982138028679652
"HSPA6",-0.00363649087815525,0.960285786767565,0.981879473330496
"SEMA3D",-0.00365923534840592,0.960037599308655,0.98169416363822
"PARP4",-0.00367323194548325,0.959884870472844,0.981591734159275
"ISL1",-0.00368023024402192,0.959808506602288,0.981567389623499
"AQP1",-0.00370122513963793,0.959579417188344,0.98144059120534
"TFAP4",-0.00371347216208059,0.959445783224786,0.981357656361581
"LNP1",-0.0037292183337926,0.959273969790348,0.981289404601223
"IQCF2",-0.00375721152794727,0.958968528323263,0.981084428099987
"MMP10",-0.00377470727429394,0.958777630437857,0.980996604725658
"WNT8B",-0.00379395259527527,0.958567645472744,0.980874554869532
"FNIP2",-0.00383944153577661,0.958071328736012,0.980650012905501
"GAPT",-0.00384294068504595,0.958033151190882,0.980650012905501
"OR8B12",-0.00384469025968061,0.95801406245412,0.980650012905501
"PDE10A",-0.00386393558066195,0.957804087928402,0.980591445354173
"KNCN",-0.00386568515529662,0.957784999478952,0.980591445354173
"CDCA7L",-0.00388143132700862,0.957613204515792,0.980557278772791
"NAT8L",-0.00388668005091262,0.957555939961674,0.980557278772791
"HSBP1",-0.00389017920018196,0.95751776371296,0.980557278772791
"MARCHF4",-0.00389367834945129,0.957479587560906,0.980557278772791
"KRT31",-0.00391467324506729,0.957250532683282,0.980528022357333
"DNAJA3",-0.00391817239433663,0.957212357210271,0.980528022357333
"VPS9D1",-0.0039304194167793,0.957078743821957,0.980528022357333
"KCNH6",-0.0039304194167793,0.957078743821957,0.980528022357333
"KRTAP1-4",-0.00395316388702997,0.956830607848883,0.980400967366311
"KRT3",-0.00401264942460864,0.956181656522426,0.979897312182442
"HOXA2",-0.00401614857387798,0.956143483808069,0.979897312182442
"TNFRSF1B",-0.00408613155926465,0.95538005059006,0.979657426212507
"MRPL48",-0.004194605186614,0.954196809599875,0.978991353957439
"WNT3A",-0.00421734965686467,0.953948723295703,0.978790592037718
"MUC16",-0.00422959667930734,0.953815140194525,0.978761074630382
"YPEL1",-0.00422959667930734,0.953815140194525,0.978761074630382
"AP2A2",-0.00426633774663535,0.953414398628224,0.978511145176716
"PRUNE2",-0.00429083179152069,0.95314724406886,0.978344486410004
"SERPINB7",-0.0043590652022727,0.952403055427805,0.978064415658731
"UBOX5",-0.00436256435154203,0.952364893012057,0.978064415658731
"CORO1C",-0.00436606350081137,0.952326730704668,0.978064415658731
"LRRC56",-0.00440805329204337,0.951868791499437,0.977784585558742
"PPP1R1C",-0.00440980286667804,0.951849711040319,0.977784585558742
"ACTRT3",-0.00441330201594737,0.951811550204238,0.977784585558742
"CCL13",-0.00442030031448604,0.951735228861004,0.977784585558742
"HNF4A",-0.00442904818765937,0.951639827799594,0.977784585558742
"TTC23L",-0.00443429691156338,0.951582587492671,0.977784585558742
"MAMSTR",-0.00443604648619804,0.951563507445416,0.977784585558742
"NAT1",-0.00446928840425671,0.95120099179329,0.977763556160801
"SLA",-0.00447803627743005,0.951105594599424,0.977753513774362
"ZCCHC14",-0.00450078074768072,0.950857565151806,0.977659980553575
"DHRS2",-0.00450952862085405,0.950762170466622,0.977615718528582
"SOWAHD",-0.00453052351647006,0.950533226080626,0.977487942860072
"ZDHHC11",-0.00453052351647006,0.950533226080626,0.977487942860072
"C5orf49",-0.00453402266573939,0.950495069076254,0.977487942860072
"ART3",-0.00455676713599006,0.950247051296356,0.977408929339139
"TTLL11",-0.00457776203160606,0.950018116050311,0.977388769644445
"ESR2",-0.0045812611808754,0.949979960573355,0.977388769644445
"CACNA1F",-0.00460925437503007,0.949674720860684,0.977196974479015
"NEURL4",-0.00462150139747274,0.949541180787324,0.977113399767704
"SMIM34A",-0.00463199884528074,0.949426718986118,0.977103290008527
"PCGF3",-0.00464424586772341,0.949293181526613,0.977019699007551
"UBASH3A",-0.00464949459162741,0.949235951619087,0.977014639428937
"ENDOV",-0.00466174161407008,0.949102416178949,0.976989943726965
"AHR",-0.00467223906187808,0.94898795835878,0.976989943726965
"CDH17",-0.00468973480822475,0.948797197646715,0.976989943726965
"GATC",-0.00472647587555276,0.948396609640613,0.976742863220916
"VPS39",-0.00477371439068876,0.947881586944997,0.976481687781167
"DACH1",-0.00477896311459276,0.9478243635306,0.976476600468749
"FHL3",-0.00478421183849677,0.947767140383185,0.976471512870103
"OR13C3",-0.00478596141313143,0.947748066060093,0.976471512870103
"TEDC1",-0.00478596141313143,0.947748066060093,0.976471512870103
"IL13RA1",-0.00479645886093943,0.94763362074579,0.976471512870103
"FAIM",-0.0048139546072861,0.947442880938268,0.976406756671619
"PLA2G12B",-0.00483145035363277,0.947252144118848,0.976264060678969
"EFCAB1",-0.00486469227169144,0.946889752432898,0.97610603391493
"USP6NL",-0.00490843163755812,0.946412937886092,0.975795750286693
"TMEM176B",-0.00494692227952079,0.945993356829656,0.97561278547411
"ANKRD34A",-0.00495042142879012,0.945955213832388,0.97561278547411
"HTR2A",-0.00495392057805946,0.945917070958018,0.97561278547411
"SLC38A10",-0.00498016419757946,0.945631003326318,0.975440017517859
"LOXL3",-0.00499241122002213,0.945497507475894,0.975370716395261
"PAPSS2",-0.0050151556902728,0.945249590641518,0.975296255039907
"NT5DC1",-0.00501865483954214,0.945211450056344,0.975296255039907
"CD48",-0.00503265143661947,0.94505888896235,0.975241452661115
"OR14I1",-0.00504489845906214,0.944925399644613,0.975157582127579
"CCDC187",-0.00504489845906214,0.944925399644613,0.975157582127579
"OR8U3",-0.00509388654883281,0.944391457751635,0.974861389938535
"POU3F3",-0.00516911825812349,0.943571523894793,0.974191043189737
"CYP4V2",-0.00519186272837416,0.943323648550834,0.974042818617536
"MUTYH",-0.00519711145227816,0.943266447320691,0.974037607550659
"GPHB5",-0.00521285762399017,0.943094845372818,0.973973326296901
"TMEM52",-0.00523035337033684,0.942904179614982,0.973878910435206
"C2",-0.00523385251960617,0.942866046852507,0.973878910435206
"ALKBH4",-0.00524260039277951,0.942770715514818,0.973848776712098
"NANS",-0.00525134826595284,0.942675384990349,0.97380416450466
"C9orf50",-0.00528633975864618,0.942294071051671,0.973517954912929
"SLX4",-0.00530033635572351,0.942141549144827,0.973468081428978
"SUN3",-0.00533007912451285,0.941817447087768,0.973294745562813
"AATK",-0.00533357827378219,0.941779318061277,0.973294745562813
"SMR3B",-0.00535282359476352,0.941569610783853,0.97320017992137
"STC2",-0.00537556806501419,0.94132178009228,0.972997872758657
"NDST2",-0.00546129722211287,0.940387699878696,0.972462939254403
"PAF1",-0.00546129722211287,0.940387699878696,0.972462939254403
"SERPINA4",-0.00547529381919021,0.940235204677332,0.972462939254403
"ADM",-0.00547879296845954,0.940197081216423,0.972462939254403
"SLC18A3",-0.00548579126699821,0.940120834702528,0.97245620099166
"RAD51",-0.00551378446115288,0.939815854098585,0.972248429133394
"GAMT",-0.00556277255092356,0.939282159136846,0.971877538498951
"ANGEL1",-0.00559601446898223,0.938920024375989,0.971590778770278
"NAA35",-0.0056345051109449,0.938500726101165,0.971357796612851
"KRTAP10-8",-0.00564150340948357,0.938424491865061,0.971357796612851
"PTDSS1",-0.0056450025587529,0.938386374956906,0.971357796612851
"HTR2C",-0.00566249830509957,0.938195792518541,0.971271874782499
"NKD1",-0.00567299575290757,0.938081444740561,0.971261174297301
"C1QTNF9B",-0.00568174362608091,0.937986155893039,0.971216357900893
"MAMLD1",-0.00569224107388891,0.937871810438986,0.971205651885695
"EDNRB",-0.00570098894706225,0.937776523531334,0.971160826964134
"BRI3BP",-0.00570448809633158,0.937738409015694,0.971160826964134
"MTG2",-0.00571323596950491,0.937643123345902,0.971160826964134
"GPR146",-0.00572548299194758,0.937509724896644,0.971099923581238
"IGFBPL1",-0.00572723256658225,0.937490668117266,0.971099923581238
"EPS8L3",-0.00574997703683292,0.93724293322145,0.970970757324971
"SPATA3",-0.00575347618610225,0.937204820694841,0.970970757324971
"FGF3",-0.00577097193244892,0.937014260204333,0.970909804903247
"TUBB",-0.00577971980562226,0.936918981300456,0.970864944502432
"TMEM88",-0.00581821044758493,0.936499764786599,0.970592098066288
"FADS6",-0.00583220704466227,0.936347326741382,0.970541828961153
"KDM4C",-0.0058409549178356,0.936252054138147,0.970516691122805
"AIFM2",-0.00587244726125961,0.935909080273565,0.970302985632792
"GHRHR",-0.00588644385833694,0.935756651228113,0.970252677011784
"EXD1",-0.00590393960468361,0.935566118206907,0.970162844177246
"CXCR5",-0.00592318492566495,0.935356536112147,0.969999370782967
"GUCD1",-0.00596517471689695,0.934899281531723,0.969686714533292
"PCBP3",-0.00598442003787829,0.934689713626238,0.96954295453614
"HSF2",-0.00599141833641696,0.934613508227492,0.96954295453614
"ZNF154",-0.00599316791105162,0.934594456970644,0.96954295453614
"SAMD13",-0.0060264098291103,0.934232490162649,0.96947969029714
"MATN3",-0.00602815940374496,0.934213439650988,0.96947969029714
"AGBL1",-0.0060316585530143,0.934175338739795,0.96947969029714
"SUPT16H",-0.0060421560008223,0.934061036904019,0.96947969029714
"BRD2",-0.0060631508964383,0.933832437280331,0.96947969029714
"KLF11",-0.00609814238913164,0.933451449944862,0.969369399420054
"ACRV1",-0.00609989196376631,0.933432400974308,0.969369399420054
"RIPK3",-0.00611388856084364,0.933280010572093,0.96929915901704
"CERS4",-0.00614013218036365,0.932994285110086,0.96905629657505
"ADAMTSL4",-0.00625210495698233,0.931775286470721,0.968382596000399
"OSBP",-0.00626260240479033,0.931661013442292,0.968382596000399
"ADNP",-0.00626610155405967,0.931622922743227,0.968382596000399
"SCNN1B",-0.00630109304675301,0.931242024310966,0.968259439151075
"PTPN14",-0.00630459219602234,0.931203935325474,0.968259439151075
"IDI2",-0.00632383751700368,0.93099444870137,0.968163724257854
"NIPAL1",-0.00632383751700368,0.93099444870137,0.968163724257854
"MYLIP",-0.00633258539017701,0.930899229075432,0.968163724257854
"ADA2",-0.00636057858433168,0.930594532872429,0.96796343614177
"BBS1",-0.00639557007702502,0.930213676814479,0.967782888317487
"PGLS",-0.00640606752483302,0.930099423084604,0.967771843864731
"SLC66A1L",-0.00641831454727569,0.929966128872849,0.967771843864731
"FGB",-0.00642006412191036,0.929947087001606,0.967771843864731
"FZD5",-0.0064340607189877,0.929794753464804,0.967724410148723
"CEP95",-0.00644805731606503,0.929642422479707,0.967718885362781
"PKIB",-0.0064603043385077,0.929509134965273,0.967696783801295
"FAM124A",-0.00647255136095037,0.929375849412395,0.967651609521344
"LTBP1",-0.00647255136095037,0.929375849412395,0.967651609521344
"SAGE1",-0.0064760505102197,0.929337768186661,0.967651609521344
"RRP9",-0.00648479838339304,0.929242565824764,0.967651609521344
"ATXN7",-0.00649879498047037,0.929090244135772,0.967651609521344
"TMPRSS9",-0.00653903519706771,0.928652333654787,0.967397979882686
"SERPINA7",-0.00654953264487571,0.928538099657581,0.96733293630864
"SPATS1",-0.00655653094341438,0.928461944470908,0.96733293630864
"SIX2",-0.00656177966731838,0.92840482850741,0.96733293630864
"HCG22",-0.00657227711512638,0.928290597678407,0.96733293630864
"ARMH1",-0.00657577626439572,0.928252521061053,0.96733293630864
"TRIM15",-0.00658102498829972,0.92819540644061,0.96733293630864
"MYH7B",-0.00658977286147305,0.928100216222161,0.96733293630864
"OSGEPL1",-0.00660726860781972,0.927909838848684,0.96733293630864
"TNFRSF1A",-0.0066510079736864,0.927433913347662,0.967045713007701
"C7orf25",-0.00668599946637973,0.927053191480579,0.96675668122683
"FHIP2B",-0.00676473032493975,0.926196627985918,0.966079208280648
"YTHDF1",-0.00676997904884375,0.926139526759097,0.966079208280648
"DNAJC16",-0.00677872692201708,0.926044358886571,0.966079208280648
"CYP17A1",-0.00679447309372909,0.925873059362209,0.966065436988023
"PSRC1",-0.00679797224299842,0.925834993263902,0.966065436988023
"CYB5A",-0.00680672011617175,0.925739828755193,0.966034365638486
"NANOS1",-0.00681021926544109,0.925701763246758,0.966034365638486
"PTCH2",-0.00681721756397976,0.925625632736157,0.966023152667252
"ARHGAP24",-0.00681896713861442,0.925606600214043,0.966023152667252
"MPP5",-0.00682421586251842,0.925549502901156,0.966023152667252
"ADGRF5",-0.00688020225082777,0.924940488625255,0.965739842654736
"KCNK12",-0.00692919034059844,0.92440763691566,0.965345394041426
"CCDC200",-0.00700967077379312,0.923532310825129,0.964593112072597
"PNPLA8",-0.00703766396794779,0.923227871052565,0.964561883221337
"ADAMTS18",-0.00703766396794779,0.923227871052565,0.964561883221337
"MMUT",-0.00705515971429446,0.923037601857082,0.964561883221337
"RHAG",-0.0070639075874678,0.922942468896876,0.964516453982321
"XBP1",-0.0070639075874678,0.922942468896876,0.964516453982321
"PRIM1",-0.00709889908016114,0.922561948004264,0.964354523062188
"CCNJL",-0.00710939652796914,0.922447795160974,0.964354523062188
"CFAP74",-0.00712514269968114,0.922276568867992,0.964354523062188
"DEFA5",-0.00714788716993181,0.922029248310817,0.96420954372881
"RWDD1",-0.00716713249091315,0.921819982910755,0.964044685902187
"ANXA3",-0.00716888206554781,0.921800959049496,0.964044685902187
"DCDC2C",-0.00717937951335581,0.921686816814362,0.964044685902187
"EHD2",-0.00718987696116382,0.921572676179337,0.964041775540615
"FBN1",-0.00722136930458782,0.921230263898082,0.963879645559627
"VILL",-0.00725636079728116,0.920849822798382,0.963623650506112
"PAAF1",-0.00726860781972383,0.920716672653983,0.963578116298202
"SLC2A8",-0.00727385654362783,0.920659608981086,0.963578116298202
"OR5T2",-0.00729310186460917,0.920450378983056,0.963578116298202
"SVIP",-0.00733159250657184,0.92003193538878,0.963549247345363
"BMP15",-0.00736133527536118,0.91970860764912,0.963440930608104
"OR2A25",-0.00741032336513185,0.919176096571971,0.96311911933806
"IQCF6",-0.00742431996220919,0.919023957143908,0.96311911933806
"EIF2S3B",-0.00744006613392119,0.918852803802691,0.96311911933806
"CD93",-0.00746980890271053,0.918529524340475,0.96292211038915
"TMEM98",-0.00746980890271053,0.918529524340475,0.96292211038915
"IFNL1",-0.00748030635051853,0.91841542889373,0.962910601808752
"MMP13",-0.0074873046490572,0.918339366188258,0.962904847204482
"ATP10B",-0.00749430294759587,0.918263304224138,0.962904847204482
"ANO6",-0.00749955167149987,0.918206258237974,0.962904847204482
"MED14",-0.00750130124613453,0.918187243002057,0.962904847204482
"CLUL1",-0.00752754486565454,0.91790202003974,0.962884503991184
"TRPT1",-0.00755203891053987,0.917635821396791,0.962687709268985
"KIF2B",-0.00756603550761721,0.917483711996974,0.962582203542244
"LRP5L",-0.00758353125396388,0.917293579461345,0.962490864094616
"CPNE3",-0.00762027232129188,0.916894316422996,0.962288185080971
"RBP1",-0.00768150743350523,0.916228924280438,0.961860111852809
"CDH12",-0.00769025530667856,0.916133873001713,0.961834349650907
"ADGRF1",-0.0076937544559479,0.916095852823187,0.961834349650907
"RAET1E",-0.00769725360521723,0.916057832835054,0.961834349650907
"FXYD4",-0.0077147493515639,0.915867735753295,0.961834349650907
"KLRF2",-0.00772874594864124,0.91571566152371,0.961834349650907
"ELP3",-0.00773224509791057,0.915677643444224,0.961834349650907
"MTHFD2L",-0.00773924339644924,0.915601607859347,0.961834349650907
"ADGRG7",-0.00774799126962257,0.915506564455557,0.961804612576474
"MCOLN3",-0.00778123318768124,0.915145410460644,0.961707304094886
"SCN4A",-0.00778298276231591,0.915126402836342,0.961707304094886
"SLC22A13",-0.00780922638183592,0.914841294255134,0.961646648928287
"DOK2",-0.00782147340427858,0.914708247301179,0.96161504230773
"FIGNL1",-0.00783721957599059,0.914537190415663,0.961529300042683
"ZNF300",-0.00784946659843326,0.914404148885633,0.961511845312093
"GLTPD2",-0.00785121617306792,0.914385143146889,0.961511845312093
"OR5M1",-0.00785296574770259,0.914366137456707,0.961511845312093
"THAP6",-0.00789145638966526,0.913948024580457,0.961248707949801
"ZNF610",-0.00791770000918527,0.913662961156584,0.96105713672545
"IL6R",-0.00794919235260927,0.913320899594647,0.960751443101816
"SNAPC1",-0.00795444107651327,0.9132638908812,0.960745588131431
"MS4A14",-0.00796668809895594,0.913130872272068,0.960713884882719
"GMDS",-0.00796843767359061,0.913111869810606,0.960713884882719
"PCCB",-0.00799993001701461,0.912769833941224,0.960496361206125
"RAD9A",-0.00802092491263062,0.912541818929187,0.960418766431191
"SULT2B1",-0.00802092491263062,0.912541818929187,0.960418766431191
"HOXD8",-0.00803492150970795,0.912389812887944,0.960418766431191
"TGM2",-0.00806116512922796,0.912104810135502,0.960391804368869
"GSTT1",-0.0081328976892493,0.911325859940441,0.959788065203162
"ATP2C2",-0.00817663705511597,0.910850931745816,0.959558438700636
"MAD2L1BP",-0.00818188577901998,0.910793942482278,0.959552528335253
"KISS1",-0.00819413280146264,0.9106609693049,0.959466561138345
"CPNE7",-0.00820288067463598,0.910565989983411,0.959420616582803
"RNF141",-0.00820812939853998,0.910509002998958,0.959420616582803
"MAP3K1",-0.00825711748831065,0.909977146538252,0.959070721712663
"DNAH14",-0.00830435600344666,0.909464322846824,0.958746652375665
"C10orf143",-0.008328850048332,0.909198428984465,0.958520454965502
"IFI27L1",-0.00833934749614,0.909084477559076,0.958520454965502
"MCRS1",-0.00835684324248667,0.908894562641366,0.958470629694531
"USP16",-0.008370839839564,0.908742634425494,0.958364528800639
"TSHB",-0.00837783813810267,0.908666671558868,0.958364528800639
"PDXDC1",-0.00837783813810267,0.908666671558868,0.958364528800639
"PLEKHF2",-0.00839008516054534,0.908533738536143,0.958364528800639
"ZBBX",-0.00839183473518001,0.908514748311652,0.958364528800639
"KLHL36",-0.00840758090689201,0.90834383862637,0.958364528800639
"C5AR2",-0.00840933048152668,0.908324848920994,0.958364528800639
"CAVIN4",-0.00843207495177735,0.908077987484293,0.958364528800639
"GPR173",-0.00848631176545202,0.907489353486481,0.957894223147863
"SEBOX",-0.00850730666106803,0.907261508676776,0.957721904592328
"GDI2",-0.0085300511313187,0.907014685342436,0.95751547473039
"TRIP13",-0.00854754687766537,0.906824827299112,0.957423284223993
"FGR",-0.00857728964645471,0.906502080751776,0.957353136175083
"SDCCAG8",-0.00858953666889737,0.90636918956318,0.957286972516053
"GZMH",-0.00862977688549471,0.905932565414796,0.956914008918428
"TTC30B",-0.00870500859478539,0.905116343847649,0.956368460266469
"KCNK7",-0.00876624370699873,0.904452050816532,0.956073180363413
"MYEOV",-0.00878898817724941,0.904205330273992,0.955954641845291
"NPAS4",-0.00882223009530808,0.903844755220626,0.955681631008346
"SH3BP2",-0.00883622669238541,0.903692940025834,0.955635408107849
"NAGA",-0.00883797626702008,0.903673963371945,0.955635408107849
"ZNF219",-0.00884672414019341,0.903579080921448,0.955635408107849
"ZBTB10",-0.00887121818507875,0.903313417330821,0.955612832109693
"ZBTB2",-0.00889921137923342,0.903009814948672,0.955413872432182
"ZNF185",-0.00890271052850276,0.902971865639197,0.955413872432182
"CISH",-0.00891145840167609,0.90287699332778,0.955413872432182
"LMX1B",-0.0089429507451001,0.90253546440732,0.955270747139196
"BLVRB",-0.0089481994690041,0.902478544658363,0.955270747139196
"ANKMY1",-0.00899893713340944,0.901928346098626,0.955007018467964
"IKBKB",-0.00900943458121744,0.901814517739256,0.954940632380697
"LLCFC1",-0.00901643287975611,0.90173863327871,0.954914420226422
"SSX3",-0.00902168160366011,0.901681720517777,0.954908296704848
"ZFP30",-0.00902343117829478,0.901662749708852,0.954908296704848
"CLCC1",-0.00902518075292944,0.901643778955637,0.954908296704848
"ARPC1B",-0.00903392862610278,0.901548926025595,0.954908296704848
"ZNF211",-0.00903917735000678,0.901492014936778,0.954908296704848
"METTL8",-0.00905142437244945,0.901359224349922,0.954891648644798
"TMEM167B",-0.00906367139489212,0.901226436501227,0.954805135471801
"TRMT1",-0.00910916033539346,0.900733248525502,0.954411006301714
"FZD1",-0.00916339714906813,0.900145266404768,0.954132884583363
"NR0B1",-0.00917739374614547,0.899993537894163,0.954094301737605
"OR10R2",-0.00918264247004947,0.899936640637061,0.954088141492833
"C10orf88",-0.00918439204468414,0.899917674998037,0.954088141492833
"LCN9",-0.00918964076858814,0.89986077842114,0.954088141492833
"TRPV5",-0.00921238523883881,0.899614232490586,0.953908783625401
"EHD1",-0.00921238523883881,0.899614232490586,0.953908783625401
"FCRL3",-0.00924912630616681,0.899215986296222,0.953743318023332
"SIRPG",-0.00925262545543615,0.899178059398581,0.953743318023332
"PEX11B",-0.00926662205251348,0.899026354093011,0.953664443317112
"FBLN1",-0.00932085886618816,0.898438530653703,0.953257470656094
"IPPK",-0.00933485546326549,0.898286843242373,0.9532048343406
"UBTD1",-0.00936984695595883,0.897907640854785,0.953181555198316
"CATSPERD",-0.00938909227694017,0.897699089393712,0.953014335693325
"LRRC37A2",-0.00940483844865217,0.897528461593375,0.952941532047633
"ENTR1",-0.00942758291890284,0.897282007515116,0.952734025376787
"WNT2B",-0.00943283164280684,0.897225134892188,0.95272780414183
"OR8B2",-0.00943633079207618,0.897187220101208,0.95272780414183
"CDH22",-0.00944157951598018,0.897130348351405,0.95272780414183
"ZNF143",-0.00945032738915351,0.897035563266893,0.952689006515353
"SELENOV",-0.00948531888184685,0.896656437518092,0.952340515644216
"ZNF532",-0.00950631377746285,0.896428973298493,0.952247498275158
"NKX2-1",-0.00950981292673219,0.896391063415741,0.952247498275158
"SNX10",-0.00951506165063619,0.896334199031626,0.952247498275158
"MT1H",-0.00952730867307886,0.896201517523571,0.952247498275158
"YARS2",-0.00953430697161752,0.896125700811695,0.952247498275158
"ANO9",-0.00955355229259886,0.895917209708185,0.95220520194116
"DNAJB5",-0.00955530186723353,0.895898256324871,0.95220520194116
"ZNF223",-0.00956055059113753,0.895841396528615,0.95220520194116
"GPRC5D",-0.00956055059113753,0.895841396528615,0.95220520194116
"OR6Y1",-0.00957454718821486,0.895689773000837,0.952180225441919
"CRTAM",-0.00963578230042821,0.895026464579387,0.951820303782632
"TPO",-0.00965502762140954,0.894818011232358,0.951686855226396
"WDR81",-0.00967777209166021,0.894571666566962,0.951587426371508
"SPINT3",-0.00969176868873755,0.894420074861702,0.951480366718908
"NSMCE4A",-0.00970051656191088,0.894325331988033,0.951480366718908
"TWIST2",-0.00970226613654555,0.894306383592719,0.951480366718908
"KCNJ15",-0.00971801230825755,0.8941358507286,0.951448985710634
"DDX54",-0.00974950465168156,0.893794799570375,0.951140266482981
"FAM170B",-0.00975125422631623,0.893775852854356,0.951140266482981
"CIC",-0.00975475337558556,0.893737959602716,0.951140266482981
"AKNA",-0.00978624571900956,0.89339693117507,0.950933608037479
"SHC4",-0.00978799529364423,0.893377985723976,0.950933608037479
"OR10H5",-0.00981948763706824,0.893036977934586,0.950821424086787
"IRF3",-0.00982298678633757,0.892999089389915,0.950821424086787
"ALDH1A2",-0.00984748083122291,0.892733876365024,0.950707954865494
"BFSP1",-0.00988597147318558,0.892317137093069,0.950380088528666
"C11orf71",-0.00989122019708958,0.892260311293428,0.950373763757047
"ATP1B4",-0.00989296977172425,0.892241369482152,0.950373763757047
"ITIH5",-0.00991221509270558,0.892033013585577,0.950240050292278
"REXO4",-0.00991396466734025,0.892014072506841,0.950240050292278
"TGFB1",-0.00993320998832159,0.891805724676591,0.950160517659879
"LY6G6C",-0.00995595445857226,0.891559504975689,0.950060784829737
"MTO1",-0.00997694935418826,0.891332234456444,0.949872799469818
"PIAS4",-0.00998744680199626,0.891218602516408,0.949846268700292
"PARS2",-0.0099909459512656,0.891180725695418,0.949846268700292
"TNNC1",-0.00999444510053493,0.891142849120747,0.949846268700292
"SPSB4",-0.00999969382443893,0.891086034720773,0.949846268700292
"CTDP1",-0.0100014433990736,0.8910670967107,0.949846268700292
"MINDY4B",-0.0100136904215163,0.890934532366787,0.949828366621881
"SLC39A9",-0.0100154399961509,0.890915594850155,0.949828366621881
"ZNF281",-0.0100311861678629,0.890745159979496,0.94978912976175
"ULK4",-0.0100346853171323,0.890707286243576,0.94978912976175
"OR9K2",-0.0100364348917669,0.890688349468378,0.94978912976175
"LURAP1L",-0.0100539306381136,0.890498985120157,0.949689301399272
"NIPSNAP3B",-0.0100731759590949,0.890290691493982,0.949575611327333
"PPP1R3B",-0.0100784246829989,0.890233885444415,0.949569252644919
"NFKBIL1",-0.0101029187278843,0.889968797942005,0.949503414473858
"MAGIX",-0.0101046683025189,0.889949863586987,0.949503414473858
"LENG1",-0.0101344110713083,0.889627989087254,0.949376945455206
"ZNF583",-0.0101344110713083,0.889627989087254,0.949376945455206
"ARMC12",-0.0101396597952123,0.889571189576888,0.949376945455206
"LYSMD2",-0.0101606546908283,0.889343997161397,0.949376945455206
"NLRP2B",-0.0101641538400976,0.889306132634806,0.949376945455206
"MSMP",-0.0101711521386363,0.889230404333233,0.949376945455206
"SNX29",-0.010199145332791,0.888927501160822,0.949260107020385
"ATOX1",-0.010241135124023,0.888473176578277,0.948937724223716
"MMEL1",-0.010251632571831,0.888359601105244,0.948870684028684
"UGT2B10",-0.010262130019639,0.888246027905819,0.948803638593519
"DLGAP2",-0.0102848744898896,0.887999960451014,0.948689752714834
"RNF4",-0.0102971215123323,0.887867467024215,0.948670565486826
"CYP4Z1",-0.010298871086967,0.887848539645453,0.948670565486826
"C5orf22",-0.0103058693855056,0.887772830764921,0.948670565486826
"PRCD",-0.0103391113035643,0.88741322746506,0.94845653176934
"NELFB",-0.0103601061991803,0.887186121432126,0.948417085303462
"HPX",-0.0103811010947963,0.886959024587963,0.948242414746396
"OR5D14",-0.010419591736759,0.886542704299512,0.948088922984858
"LACTBL1",-0.010424840460663,0.886485935754954,0.948088922984858
"RNASE4",-0.0104265900352977,0.886467013035157,0.948088922984858
"MACROD1",-0.0105175679163003,0.885483120337499,0.947423818700838
"VEGFC",-0.0105385628119164,0.885256092990746,0.947235177764133
"MSL2",-0.0105420619611857,0.885218256007557,0.947235177764133
"KRTAP20-2",-0.010550809834359,0.885123664685675,0.947235177764133
"SETD9",-0.0105630568568017,0.884991239563726,0.947235177764133
"DEUP1",-0.0105648064314364,0.88497232194922,0.947235177764133
"CD28",-0.0105788030285137,0.884820983375713,0.947235177764133
"C1orf127",-0.010598048349495,0.884612899644377,0.947143869389347
"ZNF449",-0.0106312902675537,0.884253500893524,0.946813346100645
"ACP2",-0.0106312902675537,0.884253500893524,0.946813346100645
"PRR23B",-0.0106645321856124,0.883894125769007,0.946591358040138
"PTX3",-0.0106855270812284,0.883667164211971,0.946402566740611
"POLR1F",-0.010692525379767,0.883591512463487,0.94637581503516
"C8orf33",-0.0107047724022097,0.883459124437963,0.946369318974121
"MYL6",-0.010708271551479,0.883421299880662,0.946369318974121
"CLTCL1",-0.0107415134695377,0.883061979747443,0.946079941129144
"CDK15",-0.0107572596412497,0.882891783799387,0.945951864737385
"VGLL3",-0.0107747553875964,0.882702683480338,0.945898309386044
"CEP290",-0.0107765049622311,0.882683773812972,0.945898309386044
"SWSAP1",-0.0108062477310204,0.882362319623593,0.945818669648753
"CPSF7",-0.0108097468802897,0.882324502746184,0.945818669648753
"FAM155B",-0.0108359904998097,0.882040884653005,0.945731775215147
"SCAF1",-0.0108394896490791,0.882003070040033,0.945731775215147
"FLACC1",-0.0108464879476177,0.881927441614588,0.945731775215147
"SYDE2",-0.0108657332685991,0.881719468952964,0.9456723598556
"CARD14",-0.0108937264627537,0.881416977708697,0.94545652034275
"OCM",-0.0109129717837351,0.881209024929261,0.945342050064845
"PRKD2",-0.0109304675300817,0.881019983997652,0.945302149898894
"ETS1",-0.0109584607242364,0.880717532499194,0.945031923984771
"JMJD1C",-0.0109934522169298,0.880339492401353,0.944680553900694
"MOGAT1",-0.0109934522169298,0.880339492401353,0.944680553900694
"SPECC1",-0.0109934522169298,0.880339492401353,0.944680553900694
"PDIA3",-0.0110091983886418,0.880169383177699,0.944680553900694
"REEP4",-0.0110109479632764,0.880150482491319,0.944680553900694
"CADM4",-0.0110126975379111,0.880131581872673,0.944680553900694
"ZNF492",-0.0110144471125458,0.880112681321771,0.944680553900694
"TJAP1",-0.0110896788218364,0.87930002186751,0.944202442009526
"CMPK1",-0.0111089241428178,0.879092152463616,0.944202442009526
"DLL4",-0.0111299190384338,0.8788653952701,0.944075124931806
"ZNF524",-0.0111719088296658,0.878411910470828,0.943750839323085
"FCGBP",-0.0111964028745511,0.878147395936251,0.943629503251175
"HSF1",-0.0112121490462631,0.877977358002222,0.943555365292295
"C1orf54",-0.0112226464940711,0.877864002481461,0.943528444558486
"DNPH1",-0.0112348935165138,0.877731757513805,0.943494903944035
"CCDC40",-0.0112418918150525,0.877656190480362,0.943494903944035
"RENBP",-0.0112908799048231,0.877127252250038,0.943021620115233
"DNAJC19",-0.0113241218228818,0.876768360859177,0.942690034968681
"STK3",-0.0113398679945938,0.876598368441051,0.942656415603882
"RAX2",-0.0113731099126525,0.876239514110257,0.942501247798374
"C2CD4D",-0.0113748594872872,0.876220627738671,0.942501247798374
"ANO8",-0.0113818577858258,0.87614508295162,0.942501247798374
"TMSB4Y",-0.0114063518307112,0.875880685016441,0.942427299882395
"VSTM5",-0.0114150997038845,0.875786260511081,0.942393650685927
"PLK5",-0.0114325954502312,0.875597416763708,0.942353331151905
"FRMD7",-0.0114448424726738,0.875465230320714,0.942265366613051
"TMEM135",-0.0114605886443858,0.875295281387481,0.942191047561533
"TMEM151A",-0.0114745852414632,0.875144220458278,0.942103066943953
"RRNAD1",-0.0115113263087912,0.874747707005461,0.941981674222106
"GRB14",-0.0115428186522152,0.874407863156808,0.941832934558887
"POU2AF1",-0.0115655631224658,0.874162434665355,0.941683894852825
"FBXO45",-0.0115883075927165,0.873917018183488,0.941602796888027
"SPATA32",-0.0116075529136979,0.873709367480782,0.941569310275308
"RIC3",-0.0116128016376019,0.873652736967966,0.941562612707815
"MAML1",-0.0116163007868712,0.873614983649466,0.941562612707815
"ECE1",-0.0116232990854099,0.87353947786895,0.941549217330207
"NANOS3",-0.0116460435556605,0.873294091976395,0.941339054701094
"TIGD3",-0.0116530418541992,0.873218591056295,0.941312000379069
"TMEM97",-0.0116670384512765,0.87306759265293,0.941203553474147
"EDA2R",-0.0116985307947005,0.872727863024448,0.941000263832607
"CCDC183",-0.0117020299439699,0.872690116724016,0.941000263832607
"SLC2A11",-0.0117405205859325,0.872274926414054,0.940729140480965
"THAP12",-0.0117405205859325,0.872274926414054,0.940729140480965
"DET1",-0.0118035052727806,0.871595599423113,0.940322304593961
"SAMD5",-0.0118140027205886,0.871482387378193,0.940322304593961
"GPA33",-0.0118367471908392,0.871237103577184,0.940315661127985
"MYF5",-0.0118682395342632,0.870897500137088,0.940112231232891
"CEP350",-0.0119434712435539,0.870086320942065,0.939494519606826
"DENND4C",-0.0119627165645352,0.869878831729484,0.939379104189576
"SALL1",-0.0119679652884392,0.869822245304065,0.939379104189576
"IKZF5",-0.0119749635869779,0.869746797765483,0.939358732076576
"ST6GALNAC5",-0.0120029567811326,0.869445019379912,0.939195741913312
"ZNF652",-0.0120064559304019,0.869407298407082,0.939195741913312
"HBA2",-0.0120152038035753,0.869312997264957,0.939161771095062
"LTV1",-0.0120222021021139,0.869237557678755,0.939134596043528
"GBP6",-0.0120239516767486,0.869218697966667,0.939134596043528
"SAG",-0.0120309499752873,0.869143259856474,0.939134596043528
"HS3ST6",-0.0120361986991913,0.869086682049191,0.939134596043528
"GAL3ST2",-0.0120361986991913,0.869086682049191,0.939134596043528
"ZNF446",-0.0120379482738259,0.86906782292784,0.939134596043528
"SSTR3",-0.0120396978484606,0.869048963880379,0.939134596043528
"PKHD1",-0.0120536944455379,0.868898094161957,0.939134596043528
"LAPTM5",-0.0120799380650579,0.868615226206249,0.939114157961555
"GRIP2",-0.0120816876396926,0.868596368935266,0.939114157961555
"SLC39A11",-0.0120869363635966,0.868539797567262,0.939114157961555
"LYPD6B",-0.0121394236026366,0.867974120653807,0.938910204305271
"ADCY10",-0.0121569193489833,0.867785576567791,0.938760624882998
"LIPN",-0.0121639176475219,0.867710161021593,0.938733416395718
"SLC52A2",-0.0121709159460606,0.86763474666966,0.938733416395718
"KLK4",-0.0121761646699646,0.867578186689848,0.938733416395718
"RGL4",-0.0121971595655806,0.867351953497739,0.938563363087304
"TRIP6",-0.0122024082894846,0.867295396882906,0.938563363087304
"KCTD21",-0.0122146553119273,0.867163434069277,0.938522502009609
"UBN1",-0.0122234031851006,0.867069177164806,0.938522502009609
"EPOR",-0.01222690233437,0.867031474927921,0.938522502009609
"FAM20A",-0.0122758904241406,0.866503675156841,0.938134645636473
"SMIM24",-0.0122758904241406,0.866503675156841,0.938134645636473
"ZNF440",-0.012289887021218,0.866352886056821,0.938134545138122
"HLA-DQB1",-0.0123143810661033,0.866089016745546,0.938011973830887
"NAALADL1",-0.0123143810661033,0.866089016745546,0.938011973830887
"COQ4",-0.0123773657529513,0.865410563713562,0.937494645470677
"BRD1",-0.0124298529919913,0.864845261321827,0.93714051402922
"C20orf203",-0.012447348738338,0.864656842422851,0.937004246784796
"TMEM114",-0.012494587253474,0.864148149552827,0.936616031631861
"RPEL1",-0.012510333425186,0.863978597664018,0.936507029788384
"FABP1",-0.0125505736417833,0.863545326638646,0.936179980281148
"CYYR1",-0.0125820659852073,0.863206273353465,0.935941488274876
"OR52E2",-0.012610059179362,0.862904913634072,0.935702965048478
"SLC25A30",-0.0126118087539967,0.862886079308222,0.935702965048478
"CNPY4",-0.0126118087539967,0.862886079308222,0.935702965048478
"COQ3",-0.0126450506720554,0.862528241818025,0.935695235048585
"RIN1",-0.0126800421647487,0.862151601005475,0.935429227931114
"ALDOB",-0.01269928748573,0.86194446180398,0.935258817606968
"SLC35F5",-0.012736028553058,0.861549040400474,0.934992729299741
"CBLN3",-0.0127447764262314,0.86145489751689,0.93496532459366
"TAS2R38",-0.0127482755755007,0.861417240910096,0.93496532459366
"OLFML2A",-0.0127552738740394,0.861341928634064,0.93496532459366
"ADRB3",-0.0127657713218474,0.86122896256515,0.934917002142916
"HCRTR2",-0.012799013239906,0.860871255269782,0.934637342368239
"ZNF549",-0.0128217577101567,0.860626524480859,0.934425961932708
"ZNF432",-0.0128340047325994,0.860494751861445,0.934425961932708
"FGF4",-0.0128410030311381,0.860419454951458,0.934425961932708
"SYNDIG1",-0.0129197338896981,0.859572451608433,0.933878714731769
"SYNJ2BP",-0.0129442279345834,0.85930897209828,0.933755417635858
"HLA-DQA2",-0.0129512262331221,0.859233695091312,0.93372794655681
"ZNF547",-0.0129547253823914,0.859196057063755,0.93372794655681
"PRLHR",-0.0129634732555647,0.859101963383654,0.933693451359003
"VPS35L",-0.0129827185765461,0.85889496427654,0.93363147388561
"COL13A1",-0.0129827185765461,0.85889496427654,0.93363147388561
"SLC44A3",-0.0129862177258154,0.858857329108539,0.93363147388561
"PRDM6",-0.0129967151736234,0.858744425513731,0.93363147388561
"KRT77",-0.0130019638975274,0.858687974790762,0.93363147388561
"VAMP8",-0.0130072126214314,0.858631524784458,0.93363147388561
"TMED1",-0.0130107117707007,0.858593891845207,0.93363147388561
"TFDP3",-0.0130544511365674,0.858123507023863,0.933499220478662
"RBM4B",-0.0130631990097408,0.858029436049962,0.933451258092218
"CFAP157",-0.0130754460321834,0.857897740046484,0.933416731320019
"PLPP1",-0.0130929417785301,0.857709609705088,0.933320787208077
"MPG",-0.0131279332712234,0.857333373083383,0.933020108135031
"OR13C2",-0.0131611751892821,0.85697597807098,0.932685510865595
"UGT3A1",-0.0131664239131861,0.85691954993665,0.932678449479391
"MYO1G",-0.0131734222117248,0.856844313552724,0.932678449479391
"ECHDC1",-0.0131769213609941,0.856806695844596,0.932678449479391
"OAS1",-0.0131786709356288,0.856787887111527,0.932678449479391
"GNA15",-0.0131804205102634,0.856769078459136,0.932678449479391
"KIF6",-0.0131979162566101,0.856580996374751,0.932678449479391
"SPP2",-0.0132591513688235,0.855922772770569,0.932327434706401
"TWF2",-0.0132696488166315,0.855809944408049,0.932327434706401
"DIO1",-0.0133028907346901,0.855452673892915,0.932121091856067
"XAGE1A",-0.0133046403093248,0.855433870995101,0.932121091856067
"SLC14A2",-0.0133098890332288,0.855377462790241,0.932121091856067
"UTP11",-0.0133168873317675,0.855302252990839,0.932121091856067
"E4F1",-0.0133343830781141,0.855114234198499,0.932121091856067
"HDDC3",-0.0133571275483648,0.854869821969127,0.931988787129236
"TINCR",-0.0133641258469035,0.854794620984146,0.931988787129236
"CCR8",-0.0133658754215381,0.854775820942314,0.931988787129236
"HSF2BP",-0.0133728737200768,0.854700621592948,0.931988787129236
"CDH7",-0.0133956181903275,0.854456232752854,0.931898189844213
"CST7",-0.0133973677649621,0.854437434184751,0.931898189844213
"FAT4",-0.0134026164888661,0.854381038972318,0.931898189844213
"RBMS1",-0.0134166130859435,0.854230655348067,0.931815414945418
"RFFL",-0.0134201122352128,0.854193060262658,0.931815414945418
"GRIN2A",-0.0134271105337515,0.854117871077204,0.931801236067402
"KRTAP24-1",-0.0134393575561942,0.853986293165762,0.931766548528584
"AP4E1",-0.0134481054293675,0.853892311409715,0.931766548528584
"DPM3",-0.0134883456459648,0.853460021843582,0.931518869028738
"STK11IP",-0.0134900952205995,0.853441227634268,0.931518869028738
"CCDC130",-0.0135075909669462,0.853253290081466,0.931456537617574
"SLC4A2",-0.0135163388401195,0.853159324402821,0.931449435852109
"RAB17",-0.0135338345864662,0.852971399247509,0.931312122323676
"CTLA4",-0.0135373337357355,0.852933815209466,0.931312122323676
"SMIM31",-0.0135478311835435,0.852821065082864,0.931312122323676
"TRAPPC9",-0.0135513303328128,0.852783482370115,0.931312122323676
"STOML1",-0.0135583286313515,0.852708317939291,0.931312122323676
"NME7",-0.0135845722508715,0.852426463145766,0.931241845734205
"SLC39A1",-0.0136003184225835,0.852257359239951,0.931185774361746
"ACSL4",-0.0136143150196608,0.852107050312468,0.931076016360616
"ZNF565",-0.0136160645942955,0.852088262071071,0.931076016360616
"ADPGK",-0.0136213133181995,0.852031897846509,0.931076016360616
"GDPD4",-0.0136633031094315,0.851581011061371,0.930773509836845
"MS4A8",-0.0136842980050475,0.851355585705382,0.93071105988292
"ZNHIT3",-0.0137000441767595,0.851186524594036,0.93066913724713
"KLHL8",-0.0137280373709142,0.850885988264201,0.930503965149445
"SULT2A1",-0.0137455331172609,0.850698163965766,0.930353042702152
"MYO18B",-0.0137822741845889,0.850303760302935,0.93008510175809
"RFESD",-0.0138050186548395,0.85005962426683,0.929975233364948
"RNASEH2C",-0.0138260135504555,0.849834280582338,0.92993944388083
"OR13C4",-0.0138750016402262,0.84930852600497,0.929540906684764
"ZNF30",-0.0139099931329196,0.848933027708541,0.929238848053259
"INIP",-0.0139134922821889,0.848895479747519,0.929238848053259
"IL22RA2",-0.0139187410060929,0.84883915844366,0.929238848053259
"SLC45A3",-0.0139414854763436,0.84859510830912,0.929238848053259
"MYO1A",-0.0139572316480556,0.848426158955598,0.929238848053259
"HNF1B",-0.0139799761183062,0.848182133197157,0.929238848053259
"TDRD7",-0.0139992214392876,0.8479756611365,0.929238848053259
"FAM214A",-0.0140079693124609,0.847881813620005,0.929238848053259
"AAMP",-0.0140499591036929,0.847431375344101,0.928956293122406
"GLYCTK",-0.0140779522978476,0.847131110614909,0.928736167997889
"LRRN3",-0.0140884497456556,0.847018517014425,0.928667243381554
"MEIOSIN",-0.0141321891115223,0.846549410382083,0.928357561746206
"EEF1B2",-0.0141374378354263,0.846493121207944,0.928357561746206
"SYTL4",-0.0141636814549463,0.846211686998479,0.928273096410196
"ANO1",-0.0141724293281196,0.846117879918242,0.928273096410196
"SOX10",-0.0141776780520236,0.846061596708548,0.928273096410196
"PRRC1",-0.0142651567837569,0.845123658139025,0.927569901234393
"PTGIR",-0.014280902955469,0.844954852281388,0.927493641777784
"TRPC5OS",-0.014286151679373,0.844898585231078,0.927486391452161
"DHX40",-0.0142948995525463,0.844804808558282,0.927437961711408
"DHCR7",-0.014296649127181,0.844786053485474,0.927437961711408
"ENO3",-0.0143298910452396,0.844429723695943,0.927189694852456
"KDM4A",-0.0143403884930476,0.844317205056124,0.927120656257536
"SPINK4",-0.014370131261837,0.843998419363014,0.926879600142518
"MAP3K15",-0.0143736304111063,0.84396091682926,0.926879600142518
"HSP90AA1",-0.0143823782842796,0.843867162030265,0.926844455309176
"NFATC2IP",-0.0143998740306263,0.84367965901689,0.926747518633069
"MAP3K20",-0.0144366150979543,0.843285931306144,0.926451892117992
"CCT3",-0.0144401142472236,0.843248435453645,0.926451892117992
"OR6N1",-0.014480354463821,0.842817258504085,0.926236031530086
"PMF1",-0.0145030989340717,0.842573570459991,0.926125722288496
"CCNT2",-0.014517095531149,0.8424236160181,0.926075899273297
"C16orf91",-0.0145258434043223,0.842329897370052,0.926027381874446
"PRSS57",-0.014574831494093,0.841805113919522,0.925777429487752
"MAS1",-0.0146098229867863,0.841430311259804,0.925515456101539
"C19orf25",-0.0146360666063063,0.84114923265237,0.925437588749082
"OR5M11",-0.0146360666063063,0.84114923265237,0.925437588749082
"AQP11",-0.0146553119272877,0.840943121103271,0.925428892211695
"ARL4A",-0.0146658093750957,0.840830701179365,0.925359703902523
"SLC26A4",-0.0146815555468077,0.840662077331383,0.92533771180768
"PIFO",-0.0146885538453463,0.840587135726334,0.925309757563658
"TK1",-0.0147235453380397,0.840212449211719,0.925096186332944
"BEAN1",-0.0147340427858477,0.840100050256279,0.925046196485247
"DELE1",-0.014748039382925,0.839950190013743,0.924935716314662
"TSTD3",-0.014748039382925,0.839950190013743,0.924935716314662
"ADAMTSL2",-0.0147707838531757,0.8397066793962,0.924776621323472
"MOGS",-0.0147725334278104,0.839687948440329,0.924776621323472
"PRDM5",-0.0148040257712344,0.839350806645615,0.924548255081894
"GRM6",-0.0148722591819864,0.838620433148296,0.923907220946058
"FOXRED1",-0.014879257480525,0.838545530831463,0.923879200861802
"KBTBD13",-0.0149299951449304,0.838002532469827,0.923410523546445
"UBXN10",-0.0149404925927384,0.837890197526451,0.923410523546445
"SRY",-0.0149737345107971,0.83753449183989,0.923309968101162
"NR2F2",-0.0149754840854317,0.837515771399763,0.923309968101162
"HSPE1",-0.0149824823839704,0.837440890551867,0.923309968101162
"ERLEC1",-0.0150087260034904,0.837160100386723,0.923156475030085
"SH2D4A",-0.0150227226005677,0.837010354042762,0.923079713549563
"ONECUT2",-0.0150314704737411,0.836916765552086,0.923079713549563
"RLN2",-0.0150349696230104,0.836879330796791,0.923079713549563
"RFXANK",-0.0150524653693571,0.836692162517872,0.923079713549563
"ZNF821",-0.0150647123917997,0.836561150178217,0.923079713549563
"SFN",-0.0150804585635117,0.836392712349614,0.922977445984483
"PHLDA1",-0.0151329458025518,0.8358313067033,0.922739580539743
"XK",-0.0151661877206104,0.835475792681899,0.922456157500866
"HOXA4",-0.0151749355937838,0.835382241899484,0.922456157500866
"FOXR1",-0.0151749355937838,0.835382241899484,0.922456157500866
"BPIFB4",-0.0151871826162264,0.835251274685834,0.92242639737642
"MAP4K3",-0.0151924313401304,0.835195147267083,0.922418957442936
"CCDC73",-0.0151941809147651,0.83517643831252,0.922418957442936
"MMP28",-0.0151959304893998,0.835157729450485,0.922418957442936
"LRRCC1",-0.0152151758103811,0.834951938077842,0.922418957442936
"BPIFA3",-0.0152151758103811,0.834951938077842,0.922418957442936
"C2CD6",-0.0152274228328238,0.834820985767709,0.922418957442936
"GNGT1",-0.0152344211313624,0.834746157915853,0.922418957442936
"FAM81B",-0.0152431690045358,0.834652625188258,0.922418957442936
"ACCS",-0.0152484177284398,0.834596506665378,0.922418957442936
"IFNK",-0.0152536664523438,0.834540388978092,0.922418957442936
"SPAG1",-0.0152851587957678,0.834203700417275,0.922251128218376
"SPAG8",-0.0153184007138264,0.833848339647458,0.922022000666426
"LHX5",-0.0153376460348078,0.833642619846955,0.921903693051974
"FBXO30",-0.0153446443333465,0.833567815446968,0.921875556421364
"ABCG1",-0.0153498930572505,0.833511713127689,0.921875556421364
"OR3A2",-0.0153533922065198,0.83347431204866,0.921875556421364
"UQCRC1",-0.0153988811470211,0.832988132068695,0.921507306866186
"AKAP8",-0.0154041298709251,0.832932038452129,0.921499837102776
"CSN1S1",-0.0154058794455598,0.832913340767429,0.921499837102776
"EXT1",-0.0154111281694638,0.832857248275933,0.921499837102776
"ZNF407",-0.0154198760426371,0.832763762666071,0.921499837102776
"NKAIN3",-0.0154251247665411,0.832707672426181,0.921499837102776
"DENND4B",-0.0154391213636185,0.832558102584294,0.921413636969735
"NCAPG2",-0.0154461196621571,0.83248331991793,0.921413636969735
"ELOF1",-0.0155003564758318,0.831903805295616,0.921037676852812
"DACT2",-0.0155196017968131,0.831698192844859,0.920939919299324
"C2orf88",-0.0155388471177945,0.831492591819219,0.920834656357669
"NFYB",-0.0155738386104878,0.831118801087704,0.920475284890824
"EDEM2",-0.0156070805285465,0.830763734991836,0.920341746672959
"ZNF74",-0.0156280754241625,0.830539500373494,0.920341746672959
"ST3GAL6",-0.0156403224466052,0.830408703166017,0.920289160949948
"DYRK1B",-0.0156648164914905,0.830147122737774,0.920053864117896
"DST",-0.0156945592602798,0.829829514465952,0.919811028082742
"TMEM86A",-0.0157050567080878,0.829717424011555,0.919741370538925
"COX18",-0.0157260516037038,0.82949325341894,0.919588873469101
"DNAAF8",-0.0157278011783385,0.829474573157521,0.919588873469101
"HDGF",-0.0157557943724932,0.829175701987663,0.919468317914832
"E2F5",-0.0157610430963972,0.829119666372199,0.919460773657573
"CENPBD1",-0.0157680413949359,0.829044953559841,0.919460773657573
"MAP2K2",-0.0157890362905519,0.828820824328443,0.919430597236258
"PRAMEF17",-0.0158065320368985,0.828634060526789,0.919413599952371
"BPIFA2",-0.0158100311861679,0.828596708919197,0.919413599952371
"TSPAN10",-0.0158397739549572,0.828279235784453,0.919362703929432
"ADAM32",-0.0159062577910745,0.8275696906421,0.918833098057895
"SCD5",-0.0159692424779226,0.826897618732003,0.918250679476685
"KRTAP4-2",-0.0160182305676932,0.826374983051347,0.91788861564571
"ARHGAP10",-0.0160217297169626,0.826337654848124,0.91788861564571
"EXOSC3",-0.0160234792915972,0.82631899089251,0.91788861564571
"ARL13B",-0.0160689682320986,0.825833762244477,0.917560315526078
"PLSCR3",-0.0160759665306372,0.825759117535317,0.917531965676438
"OR5M8",-0.0160829648291759,0.825684474388546,0.917503614189355
"HYKK",-0.0160847144038106,0.825665813846053,0.917503614189355
"PLB1",-0.0160934622769839,0.825572512599287,0.917488381154673
"GPBAR1",-0.0160934622769839,0.825572512599287,0.917488381154673
"TMEM248",-0.0161144571725999,0.825348599580012,0.91734871426271
"GJB4",-0.0161302033443119,0.825180674063501,0.917216656874774
"FRK",-0.0161756922848133,0.82469560050395,0.917004943737305
"BRCA2",-0.0162299290984879,0.824117330365122,0.916580232366545
"OR51V1",-0.0162404265462959,0.824005418040971,0.916551835595933
"BAMBI",-0.0162596718672773,0.823800254667374,0.916445887310452
"HEPHL1",-0.0162649205911813,0.823744303092399,0.916445887310452
"TMEM201",-0.0162806667628933,0.823576453700609,0.916445887310452
"AKAP4",-0.0162876650614319,0.823501856540131,0.916441465423876
"VCY",-0.0163086599570479,0.823278074553079,0.916267778413394
"FAM149A",-0.0163314044272986,0.823035660154192,0.916141017346507
"LCA5L",-0.0163786429424346,0.822532237648113,0.915827413523774
"HSFY1",-0.0163838916663386,0.822476306283379,0.915827413523774
"A4GNT",-0.0164066361365893,0.822233947380232,0.915794441869824
"OR11L1",-0.016408385711224,0.822215305084316,0.915794441869824
"SEC11C",-0.0164118848604933,0.822178020791202,0.915794441869824
"PRSS56",-0.016434629330744,0.821935682599567,0.915794441869824
"MACIR",-0.0164363789053786,0.821917041897974,0.915794441869824
"KIAA0754",-0.0164381284800133,0.821898401296112,0.915794441869824
"KDELR2",-0.016439878054648,0.821879760793991,0.915794441869824
"NCAPH",-0.0164626225248986,0.821637443347443,0.915794441869824
"PRR3",-0.0164906157190533,0.821339229665178,0.915726312054615
"ACTBL2",-0.01656059870444,0.820593807598681,0.915168395480291
"BRME1",-0.0165938406224987,0.820239788377978,0.914937483589985
"GCNT3",-0.0165990893464027,0.820183893925576,0.914929781564571
"SBSN",-0.0166008389210373,0.820165262642765,0.914929781564571
"MRGPRX2",-0.0166200842420187,0.819960325178846,0.914844317643833
"GPR65",-0.01666557318252,0.819475976040718,0.914509387351124
"RNF103",-0.016670821906424,0.819420093994067,0.914509387351124
"PHF12",-0.0166725714810587,0.819401466847333,0.914509387351124
"PARP6",-0.0167163108469253,0.818935821059819,0.914411418995168
"ZC3H18",-0.016723309145464,0.818861323607621,0.914382904615601
"DCAF15",-0.0167250587200987,0.818842699498004,0.914382904615601
"SLC2A9",-0.0167303074440027,0.818786827777553,0.914382904615601
"ZNF705B",-0.0167583006381573,0.818488860691462,0.914151761160989
"AP5M1",-0.0167985408547547,0.818060578576305,0.913980579414397
"CTRL",-0.0168195357503707,0.817837148411497,0.913894967015684
"IRF5",-0.0168405306459867,0.817613732925508,0.913699980619721
"TBC1D2B",-0.0168667742655067,0.817334484236566,0.913648202613704
"LST1",-0.016880770862584,0.817185561003402,0.913604162663845
"KDELR1",-0.0168895187357574,0.817092487306706,0.91355479483597
"NFKB1",-0.0168895187357574,0.817092487306706,0.91355479483597
"HTR1B",-0.0169262598030854,0.816701605733522,0.913336478364028
"SLC8B1",-0.016943755549432,0.81651548754045,0.913183019660186
"KIAA0319",-0.0169612512957787,0.816329379612323,0.913138925110191
"THAP3",-0.0169665000196827,0.81627354923705,0.913138925110191
"ZNF225",-0.0170189872587227,0.815715296405107,0.912725353523562
"NFKBIZ",-0.0170294847065307,0.815603656962796,0.912655116682875
"ISX",-0.0170644761992241,0.815231552317302,0.91245741766019
"GCN1",-0.0170942189680134,0.81491529586646,0.912267461823533
"NAPSA",-0.0171187130128987,0.814654871837503,0.912030595038796
"ADCY3",-0.0171712002519387,0.814096888792821,0.91156984801815
"TSPAN16",-0.0172044421699974,0.813743547904264,0.911379773243626
"SLC9A3",-0.0172079413192667,0.81370635631234,0.911379773243626
"KIAA2012",-0.0172184387670748,0.813594784036814,0.911377121903289
"CSNKA2IP",-0.0172376840880561,0.813390244611474,0.911270318438146
"ABCG5",-0.0172516806851334,0.813241496594368,0.911158329257689
"BCAM",-0.0173059174988081,0.812665161192552,0.910785798753727
"CASZ1",-0.0173076670734428,0.81264657140196,0.910785798753727
"PLA2G4F",-0.0173094166480774,0.812627981716101,0.910785798753727
"KRTAP9-4",-0.0173216636705201,0.812497856848477,0.910762257637727
"ALPK1",-0.0173461577154054,0.812237622524311,0.910566873945463
"IL2RG",-0.0173461577154054,0.812237622524311,0.910566873945463
"R3HDML",-0.0173689021856561,0.811995994784988,0.910472934594407
"FATE1",-0.0173689021856561,0.811995994784988,0.910472934594407
"RNASE8",-0.0173724013349254,0.81195882286234,0.910472934594407
"CCL27",-0.0173793996334641,0.811884480278371,0.910472934594407
"ZNF735",-0.0173933962305414,0.81173580015798,0.910420663620909
"THSD4",-0.0174021441037148,0.811642878502186,0.910404948883293
"AMTN",-0.0174213894246961,0.811438460125299,0.910230325022529
"FAM24B",-0.0174248885739655,0.811401294517282,0.910230325022529
"GLMP",-0.0174668783651975,0.810955340129914,0.909961663798743
"NRIP1",-0.0175351117759495,0.810230794094822,0.909312559973252
"SCLT1",-0.0175351117759495,0.810230794094822,0.909312559973252
"ILF2",-0.0175386109252188,0.810193642230195,0.909312559973252
"HID1",-0.0175456092237575,0.810119339773655,0.909312559973252
"PROK2",-0.0175473587983921,0.810100764424727,0.909312559973252
"HAT1",-0.0175875990149895,0.809673560703941,0.90906958156227
"RCL1",-0.0176750777467228,0.808745051183229,0.908464006730301
"CABP2",-0.0176768273213575,0.808726483712848,0.908464006730301
"LCE3B",-0.0176785768959922,0.808707916349308,0.908464006730301
"GP6",-0.0176838256198962,0.808652214899831,0.908464006730301
"U2AF2",-0.0176838256198962,0.808652214899831,0.908464006730301
"IFI27",-0.0176925734930695,0.808559381288448,0.908464006730301
"SEPTIN1",-0.0176995717916082,0.80848511632403,0.908464006730301
"CLDN24",-0.0177013213662428,0.808466550350326,0.908464006730301
"GLDC",-0.0177188171125895,0.808280896498848,0.908464006730301
"USP48",-0.0177223162618588,0.808243767013193,0.908464006730301
"LIN37",-0.0177363128589362,0.80809525335536,0.908464006730301
"ZNF664",-0.0177415615828402,0.808039562501861,0.908464006730301
"ETFA",-0.0177485598813788,0.807965309531507,0.908464006730301
"PBLD",-0.0177922992472455,0.807501267369909,0.908159320089149
"EBLN1",-0.0177992975457842,0.807427026854904,0.908130512107328
"C3orf18",-0.0178115445682268,0.807297110094241,0.908093767880506
"RPS10",-0.0178132941428615,0.807278550987354,0.908093767880506
"TSSK3",-0.0178430369116509,0.806963062643895,0.907936752692173
"TMEM179B",-0.0178745292550749,0.806629050116459,0.907725002408713
"DDX43",-0.0178955241506909,0.806406394528438,0.907583814885688
"AADACL4",-0.0179077711731335,0.806276519288653,0.907492332564027
"CDC26",-0.0179165190463069,0.80618375450468,0.907442610844347
"ZNF197",-0.0179200181955762,0.806146649348453,0.907442610844347
"ADI1",-0.0179252669194802,0.80609099242582,0.907442610844347
"ZFP2",-0.0179567592629042,0.805757071359457,0.907290429561632
"ALKAL2",-0.0179935003302322,0.805367541189461,0.906906493774758
"ACER3",-0.0179969994795015,0.805330445575346,0.906906493774758
"AGR2",-0.0180039977780402,0.805256255651135,0.906906493774758
"ACAA1",-0.0180039977780402,0.805256255651135,0.906906493774758
"TAGAP",-0.0180074969273095,0.805219161341198,0.906906493774758
"IGLON5",-0.0180144952258482,0.805144974026059,0.906906493774758
"FCER1G",-0.0180179943751175,0.805107881021015,0.906906493774758
"PTPRG",-0.0180512362931762,0.804755519186102,0.906764046836781
"POT1",-0.0180617337409842,0.804644255197194,0.906748090874482
"KLHL17",-0.0181072226814856,0.804162156628874,0.906423588460429
"ADAM33",-0.0181107218307549,0.804125075181435,0.906423588460429
"PELI2",-0.0181107218307549,0.804125075181435,0.906423588460429
"ADH4",-0.0181579603458909,0.803624518467041,0.906091011041443
"ZNF720",-0.0181772056668722,0.803420610843842,0.90591579593791
"LCP1",-0.0181807048161416,0.803383538156037,0.90591579593791
"AHNAK2",-0.0181824543907762,0.803365001976685,0.90591579593791
"IQCC",-0.0181894526893149,0.803290858356511,0.90591579593791
"ZC3H13",-0.0181964509878536,0.80321671649239,0.905904667987914
"HGSNAT",-0.0182034492863922,0.803142576384955,0.905904667987914
"SET",-0.0182034492863922,0.803142576384955,0.905904667987914
"SCCPDH",-0.0182191954581042,0.802975767569397,0.905904667987914
"ROBO3",-0.0182594356747016,0.802549518842312,0.905803691536451
"INSL3",-0.0183049246152029,0.802067742626814,0.905428987022388
"POLI",-0.0183399161078963,0.801697196316157,0.905284287949728
"VRK2",-0.0183609110035123,0.801474889760887,0.905142712775856
"DLEU7",-0.0183871546230323,0.801197028990402,0.904993087784247
"CLEC1B",-0.0184098990932829,0.800956236500216,0.904830551226592
"H2BW2",-0.0184501393098803,0.800530264985622,0.904513475036087
"ZFAND2A",-0.018457137608419,0.800456188986036,0.904484498154841
"RBMS3",-0.0184606367576883,0.800419151653811,0.904484498154841
"OR8U9",-0.0184763829294003,0.800252489168682,0.90443941437647
"NTF3",-0.0184816316533043,0.800196937011396,0.90443941437647
"AFG3L2",-0.018483381227939,0.800178419848434,0.90443941437647
"ZIM2",-0.0185166231459976,0.799826614932495,0.904176965525564
"IGLL5",-0.0185848565567496,0.799104615350956,0.903503922768765
"NTRK1",-0.0185848565567496,0.799104615350956,0.903503922768765
"LLGL1",-0.018625096773347,0.798678900536633,0.903350723499404
"TAAR9",-0.018661837840675,0.798290256242627,0.903075221127101
"QSER1",-0.0186705857138483,0.798197729191008,0.903025247781152
"C7orf61",-0.0187055772065417,0.797827649115018,0.902880032410597
"ALG14",-0.0187073267811763,0.797809146293597,0.902880032410597
"CCL4L2",-0.0187213233782537,0.797661127779523,0.902855710449113
"OPN4",-0.018745817423139,0.797402112747753,0.902726668950539
"SYPL2",-0.0187650627441203,0.797198616459003,0.902605720581288
"TTC28",-0.0187738106172937,0.797106122665346,0.902555714011035
"PRPF4B",-0.0187965550875443,0.796865652032259,0.902392852131608
"KCNQ3",-0.0188070525353523,0.796754672036301,0.90232188799648
"CAT",-0.0188158004085257,0.796662191820384,0.90227186746134
"RDH16",-0.0188210491324297,0.796606705050243,0.902263740888977
"TRAF5",-0.0188210491324297,0.796606705050243,0.902263740888977
"GAB3",-0.018840294453411,0.796403262287403,0.902197460055777
"DTHD1",-0.0188630389236617,0.79616284762719,0.901979820581462
"PRPS1L1",-0.018892781692451,0.795848488185618,0.901787790641585
"ME1",-0.0189120270134324,0.79564509664562,0.901612027483381
"PDE6A",-0.0189470185061257,0.79527532914269,0.901357085026634
"VIPAS39",-0.018955766379299,0.795182894390678,0.901357085026634
"LRRC66",-0.0189995057451657,0.794720763434402,0.901166058160345
"CATSPER1",-0.019023999790051,0.794462001299399,0.900982046166357
"CEACAM1",-0.0190414955363977,0.794277184936741,0.900910993646099
"APLP1",-0.019050243409571,0.794184781050778,0.900886477824607
"FAM205C",-0.0190799861783604,0.793870629277651,0.900715204343107
"STRIP2",-0.0190799861783604,0.793870629277651,0.900715204343107
"DEFB136",-0.0190817357529951,0.793852150794093,0.900715204343107
"ZNF214",-0.0191027306486111,0.793630417947462,0.900661527861023
"CRCT1",-0.0191079793725151,0.793574987320463,0.900661527861023
"MVP",-0.0191114785217844,0.793538034143777,0.900661527861023
"PDC",-0.0191219759695924,0.793427177372887,0.900628819340913
"STARD9",-0.0191779623579017,0.792836011239948,0.900067190196174
"SLC5A2",-0.0192059555520564,0.792540472438227,0.899883018323906
"TRIM60",-0.0192182025744991,0.792411183506408,0.899803688403093
"TACSTD2",-0.0192182025744991,0.792411183506408,0.899803688403093
"FAM166B",-0.0192339487462111,0.792244963199902,0.89977906426182
"A2ML1",-0.0192636915150004,0.791931017071805,0.899641342751401
"PSMG2",-0.0193074308808671,0.791469392400914,0.899226327562932
"CCDC168",-0.0193179283286751,0.79135861326682,0.899155165867928
"BLK",-0.0193301753511178,0.791229376226827,0.899063022049904
"DSCAML1",-0.0193354240750218,0.791173990666443,0.899054788541922
"MPZL2",-0.0193354240750218,0.791173990666443,0.899054788541922
"ZKSCAN5",-0.0193739147169844,0.790767861864302,0.898812037500925
"PCDH12",-0.0194071566350431,0.790417159605193,0.898632183161051
"ACKR2",-0.0194176540828511,0.790306420265819,0.89856098288594
"ZNF410",-0.0194264019560244,0.790214140691264,0.89851076356469
"MAP7",-0.0194368994038324,0.790103409053533,0.898460541446075
"DENND5A",-0.0194368994038324,0.790103409053533,0.898460541446075
"YTHDC2",-0.0194438977023711,0.790029590297075,0.898460541446075
"NUTM1",-0.0194596438740831,0.789863504929608,0.898460541446075
"FHIP1A",-0.0194666421726218,0.789789692249757,0.898460541446075
"HGFAC",-0.0194841379189684,0.789605168737365,0.898415520503562
"CRACR2B",-0.0194928857921418,0.789512911369508,0.898415520503562
"RFX7",-0.0195243781355658,0.789180809091118,0.898210786189634
"METTL1",-0.0195453730311818,0.788959428676096,0.898013547656922
"SEC16B",-0.0195961106955871,0.788424495822191,0.897623499388883
"TCF3",-0.0196503475092618,0.787852780480793,0.897355524075092
"LMAN1L",-0.0196573458078005,0.787779019010826,0.897326235609062
"MEP1A",-0.0196783407034165,0.787557745931948,0.897183632001041
"CSNK1G3",-0.0197168313453792,0.787152122810657,0.896995121460237
"TENT5D",-0.0197273287931872,0.787041508258977,0.896923798403993
"NNAT",-0.0197553219873418,0.786746556964499,0.896923798403993
"MAFB",-0.0197763168829578,0.786525363408109,0.896849131554413
"PPP3CC",-0.0197955622039392,0.78632261765923,0.896849131554413
"ITGAV",-0.0198148075249205,0.786119886282195,0.89674902249
"CCNA1",-0.0198183066741898,0.786083027576921,0.89674902249
"KANK2",-0.0198445502937098,0.785806602452771,0.896610710374386
"RASGEF1C",-0.0198602964654218,0.785640760233388,0.896539331654968
"PPP1R3E",-0.0198637956146912,0.785603907717102,0.896539331654968
"MYO3A",-0.0198725434878645,0.785511778511778,0.896539331654968
"DUSP18",-0.0198917888088458,0.785309104751725,0.896426431168218
"RBM7",-0.0198952879581152,0.785272256527833,0.896426431168218
"P2RY13",-0.0198987871073845,0.785235408781264,0.896426431168218
"CNMD",-0.0199110341298272,0.785106445428304,0.896426431168218
"C19orf33",-0.0199110341298272,0.785106445428304,0.896426431168218
"GIMAP7",-0.0199197820030005,0.785014332329964,0.896426431168218
"ABCG8",-0.0199372777493472,0.784830115094499,0.896426431168218
"MLYCD",-0.0199390273239819,0.784811694028394,0.896426431168218
"ARHGEF10",-0.0199600222195979,0.784590650564653,0.896426431168218
"DHRS13",-0.0199827666898485,0.78435120626247,0.896319104702802
"ZCRB1",-0.0200142590332725,0.784019701431281,0.896104770130391
"ATP2A1",-0.0200247564810805,0.783909208457481,0.896033317654196
"ZFP37",-0.0200387530781579,0.783761891215571,0.895919762537765
"ELF2",-0.0200405026527925,0.783743477100804,0.895919762537765
"HORMAD2",-0.0200457513766965,0.783688235477367,0.895919762537765
"RPL27A",-0.0200702454215819,0.783430455538707,0.895815048530024
"ANKRD55",-0.0201139847874485,0.782970192884443,0.895608933914236
"PASD1",-0.0201157343620832,0.782951783944349,0.895608933914236
"AP3B1",-0.0201332301084299,0.782767701175524,0.895495839948183
"FGD5",-0.0201402284069686,0.782694071445702,0.895466459098256
"DCD",-0.0202487020343179,0.781553057950097,0.894489821686236
"GNAT2",-0.0202574499074912,0.781461061018229,0.8944393439711
"HEY2",-0.0202626986313952,0.781405864315113,0.894430983203546
"TCN2",-0.0203046884226272,0.780964330035788,0.894199609327962
"DDO",-0.0203186850197046,0.780817167501085,0.894195573966781
"MACROH2A2",-0.0203221841689739,0.780780378084007,0.894195573966781
"HOXC8",-0.0203676731094753,0.780302159988433,0.894031660683196
"SUGCT",-0.0203904175797259,0.780063081844374,0.893880115138393
"SH2D7",-0.0204324073709579,0.779621761026632,0.893593716026352
"POP4",-0.0204394056694966,0.779548214402646,0.893564257790697
"H3C15",-0.0204464039680353,0.779474669736207,0.893564257790697
"HRH4",-0.0204481535426699,0.779456283875536,0.893564257790697
"PCDH8",-0.0204499031173046,0.779437898137261,0.893564257790697
"C1orf226",-0.0204534022665739,0.779401127027933,0.893564257790697
"UBAP1",-0.0204656492890166,0.779272432002149,0.893564257790697
"MPEG1",-0.0205111382295179,0.778794474481552,0.893413120725888
"WNK1",-0.0205513784461153,0.778371735065787,0.893156002239818
"KRT73",-0.0205706237670966,0.778169578332428,0.893156002239818
"TTR",-0.0205723733417313,0.77815120118581,0.893156002239818
"RARS2",-0.020589869088078,0.777967436490676,0.893131072382269
"HLX",-0.0206283597300406,0.777563197533375,0.892878152799637
"SSX4B",-0.0206458554763873,0.777379472288937,0.892878152799637
"MXRA8",-0.020652853774926,0.77730598564823,0.892878152799637
"SPINK7",-0.0206808469690806,0.777012058855502,0.89284914853783
"GLYATL3",-0.02071058973787,0.776699796331038,0.892600172068086
"PCID2",-0.0207123393125046,0.776681429061367,0.892600172068086
"BTG3",-0.0207298350588513,0.776497763178127,0.892532756346301
"DHX30",-0.020747330805198,0.776314109689751,0.892397691475267
"OR4C11",-0.020778823148622,0.775983564676477,0.892258507321826
"LRRC46",-0.020784071872526,0.775928477752291,0.892258507321826
"PTK7",-0.020794569320334,0.775818307258854,0.892258507321826
"PAK2",-0.0208033171935073,0.77572650193262,0.892258507321826
"TMEM181",-0.020805066768142,0.775708141240394,0.892258507321826
"VXN",-0.020805066768142,0.775708141240394,0.892258507321826
"MCM3",-0.020878548902798,0.774937104585175,0.891836662880991
"G6PD",-0.020883797626702,0.77488203895169,0.891828246716075
"BPIFA1",-0.020910041246222,0.774606727636863,0.891731199244656
"ADO",-0.0209327857164727,0.774368147235226,0.891676399146993
"FBXO5",-0.0209380344403767,0.774313093220249,0.891667981809186
"SMIM12",-0.0209380344403767,0.774313093220249,0.891667981809186
"GTF2E1",-0.0210482576423607,0.773157219374733,0.890611498738204
"HSH2D",-0.0210762508365154,0.772863743458822,0.890328353863617
"SERPINA12",-0.021114741478478,0.77246026668863,0.890028252247322
"FILIP1L",-0.0211182406277474,0.772423590006228,0.890028252247322
"RHEBL1",-0.0211374859487287,0.772221877269956,0.889918288281729
"ROCK1",-0.0211742270160567,0.771836831728694,0.88958434148143
"ZNF688",-0.0212092185087501,0.771470173507556,0.889377163255575
"SORD",-0.0212407108521741,0.771140224396891,0.889262748459204
"WNT9B",-0.0212547074492514,0.770993593526689,0.889216102803955
"NANOGP8",-0.0212564570238861,0.770975265238546,0.889216102803955
"PLS3",-0.0212774519195021,0.77075533567701,0.88905111784966
"POLG",-0.0212792014941367,0.770737009038521,0.88905111784966
"SLC5A7",-0.0212844502180407,0.770682029884873,0.88905111784966
"GPR26",-0.0212861997926754,0.770663703754296,0.88905111784966
"CXCL17",-0.0213264400092727,0.770242237822848,0.888843551259238
"FAM47B",-0.0213316887331767,0.770187268964864,0.888835038941346
"OR52N5",-0.0213334383078114,0.770168946266691,0.888835038941346
"PIP5KL1",-0.0213876751214861,0.769601005791696,0.88843295735973
"SETSIP",-0.0214104195917368,0.769362873670115,0.888267867746234
"SIKE1",-0.0214104195917368,0.769362873670115,0.888267867746234
"IKBIP",-0.0214121691663714,0.769344556708106,0.888267867746234
"ZC3H12A",-0.0214156683156408,0.769307923167165,0.888267867746234
"KLHL35",-0.0214209170395448,0.769252973813598,0.888267867746234
"FGD4",-0.0214209170395448,0.769252973813598,0.888267867746234
"TTC39B",-0.0214296649127181,0.769161394112536,0.888267867746234
"CT47A10",-0.0214943991742008,0.768483803693236,0.88774686198892
"CTSC",-0.0214961487488354,0.768465492871122,0.88774686198892
"ARID4B",-0.0215538847117794,0.767861307689696,0.887466908992683
"JMJD6",-0.0215538847117794,0.767861307689696,0.887466908992683
"RDH8",-0.0215993736522808,0.767385381515481,0.887136452193322
"LAMA1",-0.0215993736522808,0.767385381515481,0.887136452193322
"TMEM115",-0.0216168693986275,0.767202356145773,0.887136452193322
"ACBD6",-0.0216396138688781,0.766964442423124,0.886979251142131
"OR5L2",-0.0216483617420515,0.766872942945897,0.886928355366459
"PLBD1",-0.0216571096152248,0.766781446693116,0.886919787255813
"TMEM192",-0.0216921011079181,0.766415493950249,0.88667383788731
"FUCA1",-0.0217025985557261,0.76630571820276,0.886601758961389
"PDGFD",-0.0217113464288995,0.766214241968105,0.886550844619065
"ZNF79",-0.0217183447274381,0.766141063308094,0.886521096551546
"GAS6",-0.0217428387723235,0.765884954301236,0.886410673621571
"TNN",-0.0217690823918435,0.765610579959049,0.886236716952721
"TAF10",-0.0217813294142861,0.765482548579264,0.886236716952721
"BOD1L1",-0.0218075730338062,0.765208217027439,0.886155432579181
"UVSSA",-0.0218530619743075,0.764732778229514,0.885972820455121
"NHLH1",-0.0218565611235768,0.764696209654701,0.885972820455121
"H2BC9",-0.0219003004894435,0.764239146406139,0.88563727341034
"DNAJC13",-0.0219055492133475,0.764184304287966,0.885628673092278
"TST",-0.0219212953850595,0.764019784974755,0.885590286032851
"RSPRY1",-0.0219265441089635,0.763964947551642,0.885590286032851
"NFATC3",-0.0219685339001955,0.763526290466857,0.885250620856656
"ABCE1",-0.0219720330494648,0.76348973910663,0.885250620856656
"ZNF253",-0.0219737826240995,0.763471463622617,0.885250620856656
"GGCT",-0.0219965270943502,0.763233894231746,0.885186375748127
"SLC18A1",-0.0220017758182542,0.763179073666257,0.885177765481991
"XKR7",-0.0220035253928888,0.76316080040621,0.885177765481991
"RCOR2",-0.0220105236914275,0.763087708675183,0.885177765481991
"STMN4",-0.0220175219899662,0.763014619039274,0.885151936466704
"SLC28A1",-0.0220175219899662,0.763014619039274,0.885151936466704
"STXBP2",-0.0220630109304675,0.762539587516231,0.88487568885629
"RPL3L",-0.0220805066768142,0.762356906696436,0.884718672060066
"HSPB7",-0.0220875049753529,0.762283838045055,0.884718672060066
"POGLUT3",-0.0220997519977955,0.76215597296293,0.884705385732842
"SMTNL1",-0.0221050007216995,0.76210117561325,0.884696765026918
"OR52B4",-0.0221067502963342,0.762082910092924,0.884696765026918
"MORN2",-0.0221189973187769,0.761955055132215,0.884637113617384
"TMPRSS7",-0.0221207468934115,0.761936790663881,0.884637113617384
"LNX2",-0.0221504896622009,0.761626314835795,0.884365397654396
"PRPF6",-0.0221819820056249,0.761297617210996,0.884093663663261
"BSPRY",-0.0221872307295289,0.761242838426034,0.884093663663261
"OR8B8",-0.0222012273266062,0.761096767470482,0.884080310317124
"DAXX",-0.0222204726475876,0.76089593369917,0.883986834618243
"BEST4",-0.0222222222222222,0.760877676875892,0.883986834618243
"DEGS1",-0.0222292205207609,0.76080465090378,0.883986834618243
"TNR",-0.0222432171178382,0.760658605302311,0.883956201395431
"PPP1R3F",-0.0222432171178382,0.760658605302311,0.883956201395431
"CDK4",-0.0222432171178382,0.760658605302311,0.883956201395431
"GORASP2",-0.0222449666924729,0.760640350196946,0.883956201395431
"ZNF442",-0.0222782086105316,0.760293528326282,0.883916953126347
"CDC45",-0.0223044522300516,0.760019755343226,0.883708688257383
"ASB4",-0.0223184488271289,0.759873755276738,0.883657602044964
"STPG2",-0.0223411932973796,0.759636523272106,0.883504328366476
"FOXD1",-0.0223429428720142,0.75961827558523,0.883504328366476
"FAM236B",-0.0223901813871502,0.75912563824703,0.88310890867706
"VNN2",-0.0224339207530169,0.758669579007427,0.882853327780093
"DQX1",-0.0224636635218063,0.758359506279595,0.882547491231164
"ABRAXAS2",-0.0224706618203449,0.758286553591482,0.882517584275847
"HAUS4",-0.0224986550144996,0.757994764193962,0.882232968720332
"ZNF142",-0.0225091524623076,0.757885351984192,0.882160600414881
"GFRA3",-0.0225371456564623,0.757593609617265,0.881985927765369
"ERO1B",-0.0225791354476943,0.757156060297435,0.881641410444224
"TTLL7",-0.0226421201345423,0.756499881093943,0.881152038125887
"ATP6V1G3",-0.0227103535452943,0.755789216795238,0.88059887783816
"HCCS",-0.022738346739449,0.75549772145607,0.880521429424897
"CALML3",-0.0227400963140836,0.755479504143366,0.880521429424897
"ARHGAP21",-0.0227925835531236,0.754933047523299,0.880095480371106
"CC2D2B",-0.0227943331277583,0.754914834396216,0.880095480371106
"ING2",-0.022848569941433,0.754350294547602,0.879635745565123
"SUCO",-0.0228765631355877,0.754058970057549,0.87940585267858
"CLDN1",-0.0228765631355877,0.754058970057549,0.87940585267858
"PRXL2C",-0.0228940588819343,0.753876909878249,0.879358264248715
"KCNMB1",-0.0228940588819343,0.753876909878249,0.879358264248715
"ANTXR1",-0.0228975580312037,0.753840499470545,0.879358264248715
"ENPP1",-0.0229080554790117,0.753731271505093,0.879358264248715
"CXCL6",-0.0229098050536463,0.753713067319358,0.879358264248715
"SPA17",-0.0229255512253583,0.753549235759373,0.879358264248715
"OR5W2",-0.0229500452702437,0.753294408544171,0.879346634412014
"ZNF93",-0.0229815376136677,0.752966812726045,0.879175254421483
"RBM33",-0.0229867863375717,0.752912217710995,0.879166473550741
"TRIM61",-0.0229885359122063,0.752894019645034,0.879166473550741
"GCDH",-0.0229920350614757,0.752857623921753,0.879166473550741
"TTC39C",-0.0229920350614757,0.752857623921753,0.879166473550741
"SAPCD1",-0.0229937846361103,0.752839426264452,0.879166473550741
"SGTA",-0.0229990333600143,0.752784834110014,0.879166473550741
"IFT122",-0.0229990333600143,0.752784834110014,0.879166473550741
"RALGDS",-0.023042772725881,0.752329947206964,0.879036167044373
"BLVRA",-0.0230445223005157,0.752311753504373,0.879036167044373
"CD70",-0.0230515205990544,0.752238980059199,0.879036167044373
"MGP",-0.023069016345401,0.752057056005863,0.878882271320037
"POLR3F",-0.0231285018829797,0.751438616487555,0.878434376660088
"MEX3D",-0.0231494967785957,0.751220381497943,0.878289210270163
"DNA2",-0.023168742099577,0.751020350096461,0.878275269780934
"NQO1",-0.0231774899727504,0.750929432218323,0.878275269780934
"CHST11",-0.023194985719097,0.750747606754687,0.878231274898248
"NT5C1B",-0.023221229338617,0.75047489430833,0.878022246827186
"GIMD1",-0.0232527216820411,0.750147680198985,0.877749393859798
"RCOR3",-0.0233506978615824,0.749129966142576,0.876854511435122
"SNX11",-0.0234031851006224,0.748584940283556,0.876469960800934
"DPYD",-0.0234661697874704,0.747931073719941,0.875814203573492
"RET",-0.0234784168099131,0.747803953868586,0.875720255985058
"OR1I1",-0.0234924134069904,0.747658682367954,0.875714866848787
"KRTAP10-12",-0.0235011612801638,0.747567892193879,0.875714866848787
"ASCL2",-0.0235431510713958,0.747132147730798,0.875592368914431
"AFAP1L1",-0.0235536485192038,0.747023224134904,0.87551965697794
"SCX",-0.0236131340567824,0.746406085154169,0.874961087518156
"KRTAP11-1",-0.0236201323553211,0.746333491165941,0.874930907100315
"HLA-DQA1",-0.0236393776763024,0.746133869214943,0.874904191458032
"CRYBA1",-0.0236428768255718,0.746097576130186,0.874904191458032
"PROSER2",-0.0236551238480145,0.7459705547344,0.874834918695112
"SCAMP4",-0.0236761187436305,0.745752819704522,0.874634492640144
"CPSF3",-0.0236831170421691,0.745680245836298,0.874604300146875
"BCL2L14",-0.0236848666168038,0.745662102718987,0.874604300146875
"XXYLT1",-0.0237391034304785,0.745099735527134,0.874164295525939
"RRAD",-0.0237863419456145,0.744610041614066,0.873754449999878
"DYDC1",-0.0237950898187878,0.744519368786989,0.873754449999878
"DPM2",-0.0238125855651345,0.744338033671518,0.873743376294737
"DLG5",-0.0238300813114811,0.744156712615336,0.873585439990196
"MCCD1",-0.0238370796100198,0.744084188131537,0.873555211060132
"RBM44",-0.0239175600432145,0.743250318547451,0.872850591032648
"CCDC87",-0.0239350557895612,0.743069082041182,0.872747511238357
"PTCD1",-0.0239700472822545,0.742706651409856,0.872397977004632
"ANKIB1",-0.0239717968568892,0.742688531362634,0.872397977004632
"LCA5",-0.0239962909017745,0.742434865556277,0.872276896648782
"ERVMER34-1",-0.0239980404764092,0.742416747631532,0.872276896648782
"NEO1",-0.0240032892003132,0.742362394706765,0.872276896648782
"SIRT2",-0.0240102874988518,0.742289926122852,0.872276896648782
"PLOD1",-0.0240207849466598,0.742181227496272,0.872276896648782
"EFCAB9",-0.0240242840959292,0.742144995754184,0.872276896648782
"FILIP1",-0.0240365311183718,0.742018189121247,0.872226315459995
"AFMID",-0.0240627747378918,0.741746484019058,0.872071598082463
"PRDM16",-0.0240767713349692,0.741601587685285,0.872011033911124
"P2RY10",-0.0240872687827772,0.741492921398162,0.871993060892392
"EMC3",-0.0240907679320465,0.741456700438696,0.871993060892392
"AVP",-0.0241030149544892,0.741329931555969,0.871911190990571
"ANGPTL8",-0.0241170115515665,0.741185061360564,0.87181700441793
"UBE3B",-0.0241222602754705,0.74113073738332,0.87181700441793
"ACTL7B",-0.0241502534696252,0.740841031129221,0.871665538799807
"HOXC10",-0.0241520030442599,0.740822925698128,0.871665538799807
"PIAS1",-0.0241642500667025,0.74069619166773,0.871604944589914
"LCE6A",-0.0241659996413372,0.740678087375962,0.871604944589914
"ARMT1",-0.0241694987906065,0.740641879219806,0.871604944589914
"ACSM1",-0.0241887441115879,0.740442744549912,0.871604944589914
"ADAMTS10",-0.0242517287984359,0.739791151769475,0.871393801299074
"NFKBIB",-0.0242797219925905,0.739501614402281,0.871242250225649
"OR2AG2",-0.0242954681643026,0.739338765724485,0.871105342796699
"NKAIN1",-0.0242972177389372,0.739320672142517,0.871105342796699
"DHFR2",-0.0243532041272466,0.738741753151101,0.870816807720574
"EEF1AKMT3",-0.0243672007243239,0.738597046341982,0.870816807720574
"OR9G1",-0.0243811973214012,0.738452348717757,0.87072012530165
"PARM1",-0.0243811973214012,0.738452348717757,0.87072012530165
"ABHD17B",-0.0243951939184786,0.738307660283126,0.870659459711287
"TUBA3E",-0.0243951939184786,0.738307660283126,0.870659459711287
"CLIC4",-0.0244301854111719,0.737945979431843,0.870452795545323
"C6orf118",-0.0244319349858066,0.737927896899033,0.870452795545323
"SERPINA5",-0.0244669264784999,0.73756627646425,0.870224763361319
"AXDND1",-0.0245089162697319,0.737132408000354,0.869877723481272
"DYNC2I2",-0.0245106658443666,0.737114331950022,0.869877723481272
"C17orf99",-0.0245246624414439,0.736969728741699,0.86985063856285
"DPPA2",-0.0245404086131559,0.736807061174507,0.869823557174153
"BTBD3",-0.0245404086131559,0.736807061174507,0.869823557174153
"OR4K2",-0.0245736505312146,0.73646369029021,0.869583099188213
"PLCXD2",-0.0246068924492733,0.736120371604828,0.869275350439157
"SLC17A4",-0.0246383847926973,0.73579517053105,0.869068467293061
"MRPL53",-0.0246436335166013,0.73574097491606,0.869059417338077
"NAT14",-0.0246558805390439,0.735614523555149,0.869019978614458
"IFNG",-0.0246856233078333,0.735307456984282,0.868822097092145
"TMEM234",-0.0246873728824679,0.735289395551004,0.868822097092145
"LEMD2",-0.024734611397604,0.734801791764115,0.868499352128764
"PPP4R3B",-0.0247835994873746,0.734296240565887,0.868066627978763
"CHRNE",-0.0248203405547026,0.733917152114622,0.867838212795535
"ZNF670",-0.02483433715178,0.733772754384386,0.867777353146073
"MFSD9",-0.024844834599588,0.73366446221661,0.867777353146073
"RPS6KB1",-0.024855332047396,0.733556175305222,0.867741014061333
"MSH6",-0.0248623303459346,0.733483986952151,0.867710580877834
"GAST",-0.024871078219108,0.733393754798174,0.867680146604207
"HS3ST3A1",-0.0248798260922813,0.733303526297883,0.867661977771115
"C2orf83",-0.02488682439082,0.73323134612907,0.867631541551449
"NFATC4",-0.0248938226893586,0.733159168299929,0.867601104243408
"SPEM2",-0.0248990714132626,0.733105036463832,0.867592019580415
"CASTOR1",-0.0249165671596093,0.732924606520616,0.867433456994868
"MPL",-0.0249480595030333,0.732599869517772,0.867213992718128
"CTH",-0.0249533082269373,0.732545751298796,0.867204896758133
"TMEM74B",-0.0249620561001107,0.732455557198797,0.867153089460839
"STK16",-0.0251230169665,0.730796641157612,0.866177449404046
"PIWIL4",-0.025144011862116,0.730580352666364,0.865976051434185
"ANKLE1",-0.025180752929444,0.730201898947633,0.865692291293467
"ESYT3",-0.0251947495265214,0.730057743237562,0.865631287709015
"SLC26A3",-0.0252507359148307,0.729481215054069,0.865167407909431
"ELAVL1",-0.0252717308104467,0.729265056072653,0.864965971498341
"SPATA18",-0.02528047868362,0.729174996129162,0.864956811889733
"SH2D3A",-0.0252944752806974,0.729030907930226,0.864853029060846
"LPP",-0.0253259676241214,0.72870674420243,0.864688172992222
"TRAIP",-0.0253732061392574,0.728220588845819,0.864221116939983
"GRPEL1",-0.0254204446543934,0.72773454192954,0.863885239266143
"ZNF558",-0.0254309421022014,0.727626546248062,0.863845488381464
"OR11G2",-0.0254536865724521,0.72739257401519,0.863622613624138
"DLK2",-0.0254816797666067,0.727104642799145,0.863433268394905
"C1QTNF3",-0.0254834293412414,0.727086648366913,0.863433268394905
"YIPF2",-0.0255009250875881,0.726906712258752,0.863375080014275
"PARVG",-0.0255009250875881,0.726906712258752,0.863375080014275
"ZNF469",-0.0255061738114921,0.726852734339419,0.863375080014275
"RAD51D",-0.0255551619012628,0.726349005314624,0.863063365109836
"METTL27",-0.0255971516924948,0.725917330978858,0.862748636461827
"ACOT2",-0.0256076491403028,0.725809425881723,0.862675290381662
"KANK4",-0.0256338927598228,0.725539686762081,0.862574268888448
"DGCR8",-0.0256548876554388,0.725323919780563,0.862427549870872
"ZNF414",-0.0257108740437481,0.72474864694951,0.862072844432141
"LTK",-0.0257283697900948,0.724568905779401,0.861968844151608
"TXNDC5",-0.0257878553276735,0.723957898490567,0.861461466212796
"ABHD16B",-0.0257896049023081,0.723939930326767,0.861461466212796
"RPS20",-0.0258263459696361,0.723562633758028,0.861210614241599
"PHLDA3",-0.0258578383130601,0.723239289727037,0.861042406792014
"PRSS22",-0.0258788332086761,0.723023754260988,0.860843531466162
"OR1A2",-0.0258805827833108,0.723005793955744,0.860843531466162
"MMP2",-0.0258910802311188,0.722898035303235,0.860843531466162
"SOX11",-0.0258963289550228,0.722844158020999,0.860843531466162
"BNC2",-0.0259663119404095,0.722125924595337,0.860323026776124
"EPS8",-0.0259680615150442,0.722107971869273,0.860323026776124
"TMPRSS5",-0.0259733102389482,0.722054114601987,0.860323026776124
"AMELY",-0.0260013034331028,0.721766898928561,0.860114765466425
"SPAG5",-0.0260380445004308,0.721389987408105,0.859720464860811
"TAC4",-0.0260467923736042,0.721300256457866,0.859668384786669
"KLK9",-0.0260502915228735,0.721264365143213,0.859668384786669
"TBX19",-0.0260695368438548,0.721066973799191,0.859640473690399
"NLRC3",-0.0260800342916628,0.720959313561496,0.859591173395972
"CENPL",-0.0260975300380095,0.720779892023755,0.859541872385905
"DEPDC1",-0.0261237736575295,0.720510788308881,0.859275829020221
"MTFP1",-0.0261430189785108,0.720313467405942,0.859095364791709
"GPR15",-0.0261920070682815,0.719811279422148,0.858648866259797
"GPHA2",-0.0262095028146282,0.7196319556224,0.858556688591028
"YPEL2",-0.0262357464341482,0.719362998621695,0.858290638360619
"ATP8B3",-0.0262567413297642,0.719147857834821,0.858088767756396
"PIEZO1",-0.0262794858000149,0.718914813558642,0.857920323196243
"PLAC9",-0.0262917328224575,0.718789338916108,0.85782540057494
"DCAF8L2",-0.0263459696361322,0.718233755932148,0.857436309498133
"TMEM208",-0.0263547175093055,0.718144159603219,0.857384154238299
"BMF",-0.0263669645317482,0.718018731201974,0.857384154238299
"N4BP2L1",-0.0264229509200576,0.717445440272401,0.857043049924995
"CBFA2T2",-0.0264456953903082,0.71721258589966,0.856819692590165
"SLC35A5",-0.0264736885844629,0.716926031690157,0.856532149938931
"CTSW",-0.0265244262488682,0.716406752950503,0.856130824040415
"TRPC3",-0.0265314245474069,0.716335138498664,0.856130824040415
"GPC5",-0.0265384228459456,0.716263526521766,0.856130824040415
"MEOX1",-0.0265489202937536,0.716156113198177,0.856130824040415
"RP9",-0.0265541690176576,0.716102408625693,0.856130824040415
"SNX20",-0.0265559185922922,0.716084507411118,0.856130824040415
"BAX",-0.0266346494508523,0.715279113116346,0.855470929449526
"PLAU",-0.0266731400928149,0.714885479132084,0.855197822583616
"MTRNR2L4",-0.0266801383913536,0.714813917394913,0.855197822583616
"SDS",-0.0266818879659883,0.714796027349192,0.855197822583616
"WNT2",-0.0266993837123349,0.714617135442998,0.855141258507941
"OR52E1",-0.0267133803094123,0.714474033116139,0.855024800876395
"LTO1",-0.0267396239289323,0.714205743098848,0.854813282370808
"IFIT2",-0.0267413735035669,0.714187858343274,0.854813282370808
"TRIB1",-0.0267588692499136,0.714009019355099,0.854687376328409
"MARVELD1",-0.0267693666977216,0.713901723441752,0.854668499166549
"ZNF292",-0.0267711162723563,0.713883841335087,0.854668499166549
"CERKL",-0.0267763649962603,0.713830195950516,0.854668499166549
"SNRK",-0.0267956103172416,0.713633508215077,0.85460933914037
"SH2D6",-0.0268113564889536,0.713472595927496,0.85460933914037
"LEFTY1",-0.0268341009592043,0.713240189391808,0.854533857908738
"ARMC10",-0.0268445984070123,0.713132933740015,0.85446017004738
"PPWD1",-0.0268585950040896,0.712989934955686,0.854398461676766
"FBXL4",-0.026862094153359,0.712954186822824,0.854398461676766
"OR13C8",-0.0268953360714176,0.712614610763914,0.85411310939718
"SIRPB1",-0.0269005847953216,0.712560998655229,0.854103665418462
"GUCY2F",-0.026914581392399,0.712418039920986,0.854096759119549
"SLC22A12",-0.0269163309670336,0.712400170783913,0.854096759119549
"RPL5",-0.0269635694821696,0.711917763318351,0.85377102342089
"SENP1",-0.0270020601241323,0.711524775113164,0.853518960756211
"UBIAD1",-0.0270230550197483,0.711310449945197,0.853392915040756
"ARL1",-0.0270265541690177,0.711274731283821,0.853392915040756
"KRTAP2-4",-0.0270423003407297,0.711114005089366,0.853300254372205
"ECM2",-0.0270492986392683,0.711042575313687,0.85326936558237
"NUF2",-0.0270597960870763,0.71093543536937,0.853250446048349
"CYFIP1",-0.027087789281231,0.710649756550591,0.853017215331245
"CYP1B1",-0.027108784176847,0.710435523893599,0.852814876220392
"GPIHBP1",-0.0271542731173483,0.709971431011442,0.852422143720328
"NRN1L",-0.0271595218412523,0.709917888695343,0.852412658433472
"CD300E",-0.0271752680129643,0.709757270272161,0.852274595229401
"MEGF10",-0.0271805167368683,0.709703733640262,0.852274595229401
"ZNF257",-0.0272155082295617,0.70934685910327,0.852055694662508
"LILRA6",-0.0272417518490817,0.709079244707383,0.851898615256037
"EMC9",-0.0272435014237164,0.709061405013471,0.851898615256037
"ENPP6",-0.0272592475954284,0.708900854891755,0.851793885733669
"MVK",-0.027334479304719,0.708133959240466,0.851529832127677
"UEVLD",-0.027381717819855,0.707652570068526,0.851170180884897
"SP110",-0.027386966543759,0.707599089533203,0.851160672170688
"TCTN2",-0.0274429529320684,0.707028719574419,0.850584151428231
"FUT4",-0.0274551999545111,0.706903972877044,0.850584151428231
"FAM98C",-0.0274674469769537,0.706779233987151,0.850524598477632
"GTF2H3",-0.0274691965515884,0.706761414783258,0.850524598477632
"TFF1",-0.0274691965515884,0.706761414783258,0.850524598477632
"FER1L5",-0.0275059376189164,0.706387248337831,0.850381653916232
"NCL",-0.0275146854920897,0.706298171459231,0.850381653916232
"BCLAF3",-0.0275356803877057,0.706084403235291,0.850379332870464
"CDADC1",-0.0275391795369751,0.706048777433897,0.850379332870464
"TOR4A",-0.0275409291116097,0.706030964772829,0.850379332870464
"HKDC1",-0.0275759206043031,0.705674745113641,0.850160078682903
"SFT2D2",-0.0275829189028417,0.705603508856647,0.850160078682903
"KLHL20",-0.0276039137984577,0.705389815445405,0.850090997822701
"COX16",-0.0276074129477271,0.70535420211756,0.850090997822701
"TICAM2",-0.0276179103955351,0.705247365976611,0.850029029169357
"NUP43",-0.0276214095448044,0.705211755210723,0.850029029169357
"CD300LD",-0.0276668984853058,0.704748873579963,0.849733380478561
"ZSWIM6",-0.0276878933809218,0.704535272464457,0.849609398111074
"ATP12A",-0.0277088882765378,0.704321694460533,0.849461541216978
"MTHFD1",-0.0277386310453271,0.704019165213509,0.849206350805884
"SYNE3",-0.0277508780677698,0.703894607847615,0.849165796535241
"PYGO2",-0.0277823704111938,0.70357435366771,0.848889116163716
"OR10A4",-0.0277911182843671,0.703485403426731,0.848836632277919
"AP1S3",-0.0278680995682925,0.702702814997278,0.848275985578771
"FRG2C",-0.0278838457400045,0.70254277855928,0.848137616830841
"MZB1",-0.0278855953146391,0.702524997540074,0.848137616830841
"RREB1",-0.0279135885087938,0.70224052319993,0.8479919831425
"TAS2R13",-0.0279538287253911,0.701831663830959,0.847844017476223
"NXPH4",-0.0279555783000258,0.701813889277709,0.847844017476223
"FGF16",-0.0279818219195458,0.701547290403018,0.847702975903647
"PRELID1",-0.0279818219195458,0.701547290403018,0.847702975903647
"SLC37A3",-0.0279993176658925,0.701369578062674,0.847652769035041
"NMNAT1",-0.0280098151137005,0.701262958435995,0.847633616707697
"CFAP52",-0.0280098151137005,0.701262958435995,0.847633616707697
"C16orf95",-0.0280483057556631,0.700872069744429,0.847564262781393
"ARIH2",-0.0281147895917805,0.700197083426563,0.84733238709742
"SDR42E1",-0.0281480315098392,0.699859678293772,0.847088746067044
"CCDC32",-0.0281567793830125,0.699770897233664,0.847088746067044
"SLC19A3",-0.0281742751293592,0.699593347326182,0.847088746067044
"MATN1",-0.0281760247039938,0.699575593231287,0.847088746067044
"SDR9C7",-0.0282180144952258,0.699149543848807,0.846832925670946
"DNTT",-0.0282215136444952,0.699114043973186,0.846832925670946
"SLC39A14",-0.0282495068386499,0.6988300684664,0.846610687511578
"OR5F1",-0.0283037436523245,0.698279984902609,0.846054041653116
"ZNF212",-0.0283177402494019,0.698138053356895,0.845991843011509
"CHRNG",-0.0283439838689219,0.69787195993588,0.845779151444679
"KRTAP3-1",-0.0283842240855192,0.697464021590276,0.845504223498637
"USP3",-0.0283912223840579,0.697393084641022,0.8454731092993
"SLC38A4",-0.0284332121752899,0.6969675180612,0.845219636603905
"PANK3",-0.0284419600484632,0.696878870256456,0.845178893493705
"ZNF488",-0.0284594557948099,0.69670158696506,0.845073640200004
"LYZL4",-0.0285241900562926,0.696045781724177,0.844497565093271
"OXCT2",-0.0285276892055619,0.696010339208927,0.844497565093271
"GPR160",-0.0285329379294659,0.695957176670933,0.844497565093271
"DUSP13",-0.0285416858026392,0.695868575734529,0.84444714232736
"MRGPRX1",-0.0286239158104686,0.695035928362707,0.843820516030808
"PTCHD4",-0.0286431611314499,0.694841106086234,0.843693680337202
"CLDN34",-0.0286589073031619,0.694681720910579,0.843609845875933
"MYBPC2",-0.0286606568777966,0.694664012272958,0.843609845875933
"SLCO2A1",-0.0286676551763352,0.694593179375554,0.843609845875933
"BNIP2",-0.0286676551763352,0.694593179375554,0.843609845875933
"ZC3H12C",-0.0286676551763352,0.694593179375554,0.843609845875933
"ADAMTSL5",-0.0286956483704899,0.694309874244823,0.843609845875933
"POLD3",-0.0287043962436633,0.694221350077035,0.843609845875933
"EXPH5",-0.0287341390124526,0.693920398863989,0.843594101446311
"SNCAIP",-0.0287516347587993,0.693743391099935,0.843594101446311
"MYOM1",-0.0287603826319726,0.693654893432792,0.843594101446311
"APH1B",-0.0287743792290499,0.693513305786744,0.843507293967647
"INTS5",-0.0287918749753966,0.693336336156703,0.843401902824372
"EIF2B4",-0.0288058715724739,0.693194772400018,0.843394499631448
"CLIC1",-0.0288303656173593,0.692947061393901,0.843202978798052
"LEMD1",-0.0288478613637059,0.692770144895073,0.843042628921638
"RCVRN",-0.0288583588115139,0.692664002973519,0.843011447670843
"GAGE1",-0.0288776041324953,0.692469424997831,0.842949082689835
"SRPX",-0.0288985990281113,0.692257181073256,0.842855529027331
"PSAPL1",-0.0289178443490926,0.692062645199452,0.842785730421555
"ASGR1",-0.0289230930729966,0.692009593458331,0.842776078736733
"GPS1",-0.0289388392447086,0.691850447231272,0.842713701568344
"SIL1",-0.0289703315881326,0.691532195281225,0.842634258437539
"COL21A1",-0.0289965752076526,0.691267026606518,0.842552575850873
"FAM98A",-0.0290665581930393,0.690560093851467,0.841999106402689
"PLEC",-0.0290665581930393,0.690560093851467,0.841999106402689
"MED26",-0.0291277933052527,0.689941747226161,0.841629789104884
"HYLS1",-0.029147038626234,0.68974745209505,0.841502705469503
"IFIT3",-0.0291820301189273,0.689394240205916,0.841291612002462
"NIPAL2",-0.0291855292681967,0.689358922708358,0.841291612002462
"FAM3C",-0.029189028417466,0.689323605882227,0.841291612002462
"TYRP1",-0.02919427714137,0.689270631902105,0.841291612002462
"COG2",-0.0292187711862553,0.689023439978576,0.841113913657094
"CIDEB",-0.0292397660818713,0.688811587396892,0.840910263186322
"HINT2",-0.02924676438041,0.68874097524877,0.840879025543965
"ZFP14",-0.0292537626789487,0.688670365791105,0.840879025543965
"ACSM4",-0.0292590114028527,0.688617410463794,0.840879025543965
"PLEKHF1",-0.0292817558731033,0.688387954875857,0.840722825350608
"IL16",-0.029288754171642,0.688317358878609,0.840691582919162
"SLC2A4",-0.0292975020448154,0.688229117670143,0.84063878362378
"SIN3A",-0.0293184969404314,0.688017355948557,0.840435093184332
"UBXN1",-0.0293219960897007,0.687982064686908,0.840435093184332
"PARG",-0.029341241410682,0.687787974798673,0.840374760702651
"STN1",-0.029388479925818,0.687311658866207,0.840132253665535
"TEX43",-0.02940422609753,0.687152914232436,0.840132253665535
"CACNG5",-0.0294164731199727,0.687029455642881,0.840107517422016
"GAPDHS",-0.0294637116351087,0.686553335811085,0.839635262890958
"SLFN13",-0.02948295695609,0.686359396418671,0.839508028522831
"SYCP1",-0.0294952039785327,0.686235991106567,0.839467044599872
"ZNF485",-0.0295092005756101,0.686094966625584,0.839371073449332
"SLC35F4",-0.0295634373892847,0.68554859921627,0.839087407522133
"MDFI",-0.0295651869639194,0.685530977174711,0.839087407522133
"MRPL39",-0.0295931801580741,0.68524904759353,0.838864132987465
"ARL6IP6",-0.0296264220761327,0.684914312685893,0.838674252801058
"CLEC2D",-0.0296281716507674,0.684896696758531,0.838674252801058
"UBE2O",-0.0296316708000367,0.684861465413801,0.838674252801058
"VPS4B",-0.0296736605912687,0.684438742339853,0.83855332356351
"TAS2R42",-0.0296894067629807,0.684280246457553,0.83855332356351
"CDT1",-0.0297173999571354,0.683998510061844,0.838420544922516
"MGAT2",-0.0297733863454448,0.683435168190015,0.838016886686148
"SEC61A1",-0.0298556163532741,0.682608076783551,0.837167615051852
"MLKL",-0.0298748616742554,0.682414556743497,0.837040211594743
"DEFA6",-0.0299028548684101,0.682133110026437,0.836859880631527
"GLYAT",-0.0299168514654875,0.681992403111759,0.836818776007279
"TSPAN9",-0.0299308480625648,0.681851707165366,0.836818776007279
"NHLRC1",-0.0299378463611035,0.681781363306614,0.836813140188902
"FBXO32",-0.0299553421074501,0.681605515664497,0.836728868751847
"BHLHE22",-0.0299605908313541,0.68155276471697,0.836728868751847
"RSPO3",-0.0299675891298928,0.681482432522547,0.836721182682999
"ZNF174",-0.0299920831747781,0.681236291469958,0.836528961765595
"GJB3",-0.0299938327494128,0.681218711253973,0.836528961765595
"CDH23",-0.0300095789211248,0.68106049703975,0.836423084284498
"CHRNA3",-0.0300165772196635,0.680990184078234,0.836391732069255
"ARHGAP9",-0.0300340729660101,0.680814413705541,0.836230844483043
"GRIN2C",-0.0300463199884528,0.680691384674567,0.836189719146367
"TNS1",-0.0300673148840688,0.680480497373696,0.83615065260551
"SRARP",-0.0300690644587035,0.680462924550396,0.83615065260551
"ZKSCAN4",-0.0300918089289541,0.680234493512245,0.835958373418088
"CFH",-0.0301372978694555,0.679777718767327,0.835671977073367
"KRT5",-0.0301530440411675,0.679619631583135,0.835609234696129
"MSX2",-0.0301670406382448,0.679479121371915,0.835609234696129
"ATG13",-0.0302387731982662,0.67875917998162,0.834914473117087
"ZNF502",-0.0302825125641328,0.678320333947202,0.834484589737036
"ENPP4",-0.0302842621387675,0.678302782355558,0.834484589737036
"TEX51",-0.0303122553329222,0.678021980440741,0.834282415780161
"CEBPB",-0.0303175040568262,0.677969335018715,0.834272603334619
"STK38L",-0.0303297510792689,0.677846501766158,0.834231384974284
"ZZEF1",-0.0303332502285382,0.677811408111142,0.834231384974284
"ANO4",-0.0303384989524422,0.677758768928867,0.834231384974284
"ANKRD50",-0.0303489964002502,0.677653495246038,0.834231384974284
"RRM1",-0.0304154802363675,0.676986906990094,0.83361294092088
"DPEP1",-0.0304154802363675,0.676986906990094,0.83361294092088
"S100B",-0.0304347255573489,0.676793994038335,0.833561866759853
"CLPSL1",-0.0304434734305222,0.676706313286129,0.833561866759853
"CDK5RAP3",-0.0304557204529649,0.676583567536504,0.833500970139298
"ZBTB24",-0.0304697170500422,0.676443297116625,0.833438119603515
"NLRP13",-0.0304802144978502,0.676338101609935,0.833385090459083
"MSRB3",-0.0304889623710235,0.67625044347428,0.833385090459083
"DCAF12L2",-0.0305379504607942,0.675759638378991,0.833090435432441
"PDGFA",-0.0306184308939889,0.674953612522639,0.832316518156012
"IP6K3",-0.0306254291925276,0.674883540777554,0.832285063890755
"CRB2",-0.0306359266403356,0.674778438402498,0.832232005289845
"NSMCE1",-0.0306674189837596,0.674463169040487,0.832206272793349
"LRRC9",-0.0306971617525489,0.674165466688348,0.832013700550447
"NLRP9",-0.0307094087749916,0.674042898071729,0.832013700550447
"OR8D2",-0.0307444002676849,0.673692749322489,0.831970229871507
"LPGAT1",-0.0307811413350129,0.673325168606975,0.831626271338129
"HMGA2",-0.0307846404842823,0.673290164954641,0.831626271338129
"IFI44L",-0.0308021362306289,0.673115157224124,0.831520096498756
"ATP5MC2",-0.0308266302755143,0.672870175900609,0.831339203831687
"NUBP1",-0.0308371277233223,0.672765194445186,0.831319489973421
"MAPK6",-0.0308581226189383,0.672555250516479,0.831115057145885
"GALNT8",-0.0308826166638236,0.672310347937371,0.831073713048557
"TET2",-0.0308878653877276,0.672257873299433,0.831073713048557
"CD80",-0.0309158585818823,0.671978035318517,0.830951584957202
"SPOCK1",-0.0309246064550556,0.671890595193881,0.830898474098856
"PANO1",-0.030959597947749,0.671540878744348,0.83057599016089
"PSKH1",-0.0309665962462876,0.67147094391566,0.83057599016089
"CCDC9",-0.030975344119461,0.67138352934778,0.83057599016089
"USP49",-0.0309823424179996,0.671313600868501,0.830569911216967
"OR6N2",-0.0309945894404423,0.671191232822471,0.830516788366794
"JOSD2",-0.0310260817838663,0.670876611848162,0.830359308295863
"GML",-0.0310400783809436,0.670736798670781,0.830296311524856
"WFDC9",-0.0310628228511943,0.670509626378442,0.83007011681319
"CCDC88C",-0.0310680715750983,0.670457206245898,0.830060244206058
"ZFHX3",-0.031080318597541,0.670334898792634,0.829963840483375
"FAM71E1",-0.0311083117916956,0.670055371450748,0.829716013228366
"UBA52",-0.0311083117916956,0.670055371450748,0.829716013228366
"RESP18",-0.0311555503068316,0.669583771836259,0.829363743388644
"CDC14B",-0.0311555503068316,0.669583771836259,0.829363743388644
"DOCK2",-0.0312307820161223,0.668832972589825,0.828763574581182
"MEX3A",-0.031258775210277,0.668553689215003,0.828582434121667
"MB21D2",-0.031264023934181,0.668501328646183,0.828572525470939
"UBE2Q2",-0.0312727718073543,0.668414064586442,0.828562617487787
"ELL3",-0.031316511173221,0.667977810976875,0.828198472933952
"HSD17B8",-0.0313287581956637,0.667855679895278,0.828102023484545
"HMHB1",-0.0313287581956637,0.667855679895278,0.828102023484545
"LYPD8",-0.0313934924571464,0.667210274886776,0.827509829494331
"STARD8",-0.0314092386288584,0.667053321381066,0.827381804483814
"LACC1",-0.031410988203493,0.667035882994639,0.827381804483814
"MACO1",-0.031437231823013,0.666774328613976,0.827222199448595
"TRPM5",-0.0314704737410717,0.666443084073178,0.826899484331031
"GATAD2A",-0.0315089643830344,0.666059618361498,0.826631697839399
"MED16",-0.031521211405477,0.665937624696513,0.826546891661598
"BLNK",-0.0315562028981704,0.665589119690856,0.826279074670728
"PABPC1",-0.031563201196709,0.665519427284481,0.826247478825033
"RPS27",-0.0315946935401331,0.665205846931641,0.826132756835705
"SMAD5",-0.0316191875850184,0.66496199125773,0.826049630752253
"EMX1",-0.0316314346074611,0.664840076604727,0.825953121178067
"C11orf97",-0.0317294107870024,0.663865076162061,0.825016247165467
"ASPG",-0.0317714005782344,0.663447391452653,0.824716685487869
"ECHDC3",-0.0317888963245811,0.663273386766962,0.824576897242286
"RNF152",-0.0318116407948318,0.663047207613173,0.824438724992251
"FCRL4",-0.0318133903694664,0.663029810478472,0.824438724992251
"TACR2",-0.0318798742055838,0.662368853028119,0.824089047975029
"ZNF236",-0.0318833733548531,0.662334073013858,0.824089047975029
"ZBTB37",-0.0318956203772958,0.662212348653646,0.824004119092244
"CDCA5",-0.0319008691011998,0.662160183780563,0.823994109294096
"GUCA2B",-0.0319428588924318,0.661742923358543,0.823584621927506
"ZNF618",-0.0319551059148744,0.661621242023274,0.823488058382317
"WASHC2A",-0.0320198401763571,0.660978216603411,0.822961944885688
"EVC2",-0.0320250889002611,0.66092609027611,0.822951907593614
"NR6A1",-0.0320390854973385,0.660787094712822,0.822888563103065
"PRR25",-0.0320565812436851,0.660613366578697,0.822836817008387
"IKZF1",-0.0320653291168585,0.660526509313936,0.822783504832059
"FAM163A",-0.0321143172066291,0.660040192488763,0.822452003931154
"RRAGC",-0.0321248146544371,0.65993600026514,0.822398682066422
"VASH1",-0.0321283138037065,0.659901270977614,0.822398682066422
"OR4D2",-0.0321633052963998,0.659554018095058,0.822230214401128
"MUC1",-0.0321843001920158,0.65934570128568,0.822025388331867
"COX8C",-0.0322192916847092,0.658998564848062,0.821788871164494
"CDKL4",-0.0322280395578825,0.65891179212074,0.821788871164494
"NTNG1",-0.0322385370056905,0.658807670860421,0.821738600212998
"TXNDC8",-0.0322752780730185,0.65844329812605,0.82144869978638
"PPP5D1",-0.0323225165881545,0.657974937107642,0.821083784940687
"SNHG32",-0.0323382627598665,0.657818846345633,0.820987140783143
"KDM4E",-0.0323575080808478,0.65762808884484,0.820870350706205
"RRM2",-0.0323959987228105,0.657246640204618,0.820688614200451
"OBP2A",-0.0324239919169652,0.656969278626676,0.820541580126517
"SP1",-0.0325114706486985,0.656102825938634,0.819843193980325
"ADCYAP1",-0.0325254672457759,0.655964236051298,0.819779715771818
"LOXL2",-0.0325429629921225,0.655791015212006,0.819672935356674
"COQ5",-0.0326549357687412,0.654682837011058,0.818671353466255
"KRTAP5-11",-0.0327371657765706,0.65386949884704,0.817982903105856
"RNASE9",-0.0327844042917066,0.653402446300803,0.817475020381795
"DNAJC30",-0.0327949017395146,0.653298675128103,0.817433073609303
"TMEM160",-0.0328019000380532,0.653229498041591,0.817422920473369
"NAA15",-0.0328613855756319,0.652641612238896,0.817158403739181
"WNT9A",-0.0329331181356533,0.651932975696983,0.816544849716106
"AKAP1",-0.0330135985688479,0.651138291062569,0.815987299462158
"NPAT",-0.0330170977181173,0.651103748467444,0.815987299462158
"NRSN2",-0.0330328438898293,0.650948315985964,0.815902006872078
"LRRC63",-0.0330468404869066,0.650810166417278,0.81579506463582
"PSMD10",-0.0330485900615413,0.650792898557682,0.81579506463582
"CFAP54",-0.0330730841064266,0.650551168047746,0.815744166406587
"NMU",-0.033097578151312,0.650309473998271,0.815550613510053
"FCGR2C",-0.0331150738976586,0.650136857726177,0.81549841862409
"KIF16B",-0.0331220721961973,0.650067816430815,0.815466586489918
"IPO11",-0.033139567942544,0.649895226230496,0.815304846179939
"IGF2BP1",-0.0331413175171786,0.649877968235101,0.815304846179939
"ASIC3",-0.0331588132635253,0.649705398530541,0.815304846179939
"NUP54",-0.033181557733776,0.649481085783699,0.815223385852299
"C4BPB",-0.033181557733776,0.649481085783699,0.815223385852299
"DSC2",-0.033197303905488,0.649325810806972,0.815192850405419
"CRYGC",-0.0332480415698933,0.648825583160734,0.81478392893423
"TTLL6",-0.0332585390177013,0.648722107394091,0.81476355599812
"CD3D",-0.033270786040144,0.648601394168319,0.81466673195827
"WDR25",-0.03331802455528,0.64813587182686,0.814267960470429
"RHOH",-0.0333407690255307,0.647911780081941,0.814074300646551
"CNGA4",-0.0333530160479733,0.647791128400633,0.813999125493131
"PRM2",-0.033375760518224,0.647567085340434,0.813957059302821
"DCAF16",-0.0333792596674933,0.647532619987564,0.813957059302821
"RPS6KC1",-0.033391506689936,0.647411997155819,0.81393917595975
"HAGH",-0.0333932562645707,0.647394766072443,0.81393917595975
"TCF15",-0.033407252861648,0.647256924154495,0.81393917595975
"SHC1",-0.033433496481168,0.646998502908383,0.813769665800522
"LRWD1",-0.0334474930782453,0.646860695504558,0.813684269498426
"MRPS36",-0.0334562409514187,0.646774571977087,0.813630735972254
"RLN3",-0.033470237548496,0.646636784095841,0.813512198031252
"NDST1",-0.0334754862724,0.646585116738842,0.813501996780828
"C19orf73",-0.0334842341455734,0.646499008233726,0.813501996780828
"B4GALNT2",-0.0335087281904587,0.646257929408055,0.813309507387118
"ZNF571",-0.0335314726607094,0.646034103486826,0.813192216534338
"AEN",-0.0335822103251147,0.645534914069462,0.812728195709942
"CENPB",-0.0336311984148854,0.645053088339158,0.812176328309992
"FAM117A",-0.03363294798952,0.645035883009807,0.812176328309992
"SLC6A6",-0.0336469445865974,0.644898247162453,0.812155860714173
"CRLS1",-0.0336941831017334,0.644433815306934,0.811823036896578
"MAPKAPK2",-0.0336959326763681,0.644416616769271,0.811823036896578
"DPP9",-0.0337711643856587,0.643677258358624,0.811372773189157
"MICB",-0.0337764131095627,0.643625688256858,0.811363709340876
"VAMP5",-0.0337904097066401,0.643488176308992,0.811245118181905
"ZDHHC3",-0.0338201524754294,0.643196003633895,0.811150554653698
"BMPR1A",-0.0338831371622774,0.642577465715526,0.81053469875072
"VSIG10L",-0.0339986090881654,0.641444118083768,0.809563103309848
"TSACC",-0.0340510963272054,0.640929233735219,0.8092527759836
"BCL2L12",-0.0340650929242828,0.640791960169806,0.809200240505218
"OR51D1",-0.0340843382452641,0.640603228918172,0.809082701242698
"C19orf48",-0.0340878373945335,0.640568916621546,0.809082701242698
"TNFRSF10D",-0.0341088322901495,0.640363058848514,0.809051835858921
"BPI",-0.0341105818647841,0.64034590527296,0.809051835858921
"ALCAM",-0.0341368254843041,0.64008862451961,0.809032366671086
"WNT1",-0.0341420742082081,0.640037173518245,0.809024314898595
"CILP",-0.0341455733574775,0.640002873804499,0.809024314898595
"OR52E4",-0.0341823144248055,0.63964277289626,0.808854250566088
"UCP1",-0.0341998101711521,0.639471325865438,0.808746968366149
"CST9L",-0.0342190554921335,0.639282756194857,0.808726412884955
"HSPBP1",-0.0342365512384801,0.639111349287484,0.808608844994839
"OR10X1",-0.0342592957087308,0.638888548890878,0.808393125954339
"RNF185",-0.0342767914550775,0.638717185967006,0.808231056651521
"CBR1",-0.0342907880521548,0.638580109405384,0.808167115487901
"CFAP46",-0.0342960367760588,0.638528708852998,0.808156828851896
"ENOPH1",-0.0343362769926562,0.638134695208105,0.80782237969949
"ARID5A",-0.0343380265672908,0.638117566478821,0.80782237969949
"ULBP1",-0.0343397761419255,0.638100437941164,0.80782237969949
"DBNL",-0.0343450248658295,0.638049053478029,0.80782237969949
"ADRM1",-0.0343642701868108,0.637860658539038,0.807716150337373
"SERP2",-0.0343695189107148,0.63780928212727,0.807716150337373
"IRF6",-0.0343747676346188,0.637757907441379,0.807716150337373
"CD247",-0.0343800163585228,0.637706534481571,0.807716150337373
"TSPAN2",-0.0344010112541388,0.637501059907299,0.80751287268236
"APOL6",-0.0344517489185442,0.637004610463994,0.807146366015602
"IL23A",-0.0344569976424482,0.636953262843753,0.807146366015602
"MOGAT2",-0.0344569976424482,0.636953262843753,0.807146366015602
"ZNF134",-0.0345182327546615,0.636354335105169,0.806826446871972
"SP6",-0.0345689704190669,0.635858259237609,0.806416464044655
"ASCL5",-0.0346039619117602,0.635516232328553,0.80620168149491
"FGL1",-0.0346249568073762,0.635311053193922,0.806050898739788
"PATL2",-0.0346809431956855,0.634764044655235,0.805630533332054
"ST6GALNAC1",-0.0346931902181282,0.634644412889489,0.805555132652794
"KRT10",-0.0347106859644749,0.634473526787252,0.805555132652794
"GEN1",-0.0347211834122829,0.634371004401316,0.805555132652794
"CFAP97D2",-0.0347264321361869,0.634319745817703,0.805555132652794
"TSSK6",-0.0347876672484002,0.633721857617688,0.805128531487615
"SLC25A41",-0.0347946655469389,0.633653542630895,0.805096507393333
"MYF6",-0.0348174100171896,0.633431540320357,0.804869196286772
"H2AC12",-0.0348279074649976,0.633329088755926,0.804869196286772
"CASP1",-0.0348628989576909,0.632987633926572,0.804545791978938
"ITGA11",-0.0348698972562296,0.632919352266251,0.804545791978938
"IL10RA",-0.0349346315177123,0.632287894071799,0.803908278962824
"OR2B3",-0.0349363810923469,0.632270831322482,0.803908278962824
"RAB7B",-0.0349416298162509,0.632219644239898,0.803908278962824
"FAM221B",-0.0349433793908856,0.632202582267518,0.803908278962824
"MRAP",-0.0349556264133283,0.63208315390036,0.803866869747573
"F2",-0.0349643742865016,0.63199785375284,0.803866869747573
"PYM1",-0.0349678734357709,0.631963735054183,0.803866869747573
"IRF4",-0.0349993657791949,0.631656701758031,0.803866869747573
"PEPD",-0.0350063640777336,0.631588480692856,0.803861590849396
"ZNF343",-0.0350133623762723,0.631520262740068,0.803861590849396
"JMY",-0.0350168615255416,0.631486154930969,0.803861590849396
"TAF7L",-0.0350326076972536,0.631332679422075,0.803861590849396
"PNOC",-0.0350396059957923,0.631264473145026,0.803861590849396
"SLAMF1",-0.0350606008914083,0.631059873003848,0.803736538068593
"TYROBP",-0.0350693487645816,0.630974631221466,0.803715878644939
"PTPRCAP",-0.0350763470631203,0.630906441301824,0.803715878644939
"INKA1",-0.0350868445109283,0.630804162267261,0.803706613072547
"H6PD",-0.0351078394065443,0.630599625245729,0.80362187656699
"DFFB",-0.035120086428987,0.630480324947192,0.803524672356609
"OPLAH",-0.0351270847275256,0.630412157638143,0.803492626496278
"PYCARD",-0.0351340830260643,0.63034399344978,0.803460580239427
"SGK2",-0.035146330048507,0.630224713630738,0.803363371221599
"BCL2A1",-0.035235558354875,0.629355963702222,0.802913585497828
"LLPH",-0.0352583028251256,0.629134598933704,0.802772903953563
"ZNF486",-0.0352757985714723,0.628964340836241,0.802772903953563
"FAAP20",-0.0353002926163576,0.628726012375663,0.802603349769507
"NUP210",-0.035356279004667,0.62818140573897,0.802292001202284
"LRRC74A",-0.0353685260271097,0.628062299785906,0.802271340845341
"DUSP6",-0.0353912704973603,0.627841128507718,0.802131681215634
"SNTB1",-0.0354175141168803,0.627585972076365,0.801970278104563
"OAZ3",-0.0354332602885923,0.627432899414682,0.801884406314145
"RIN3",-0.0355014936993443,0.626769768402323,0.801420799307256
"TTLL4",-0.0355329860427683,0.626463808785762,0.801194144551318
"MBLAC2",-0.0355837237071737,0.625971007969394,0.800662181413041
"WFDC3",-0.0356152160505977,0.625665214916497,0.80050171636504
"SRP72",-0.0356204647745017,0.625614255615953,0.800491356391034
"OR51B4",-0.035665953715003,0.625172682690581,0.800024618291587
"HMG20A",-0.0357009452076964,0.624833101979192,0.79971100689168
"KRT16",-0.0357166913794084,0.624680316427755,0.799591982855449
"RDH12",-0.035723689677947,0.624612416874337,0.799591982855449
"NKX2-3",-0.0357394358496591,0.624459654438568,0.799591982855449
"URAD",-0.0357534324467364,0.624323879046889,0.799497584001625
"SREK1",-0.0357691786184484,0.624171146856284,0.799411626573033
"GCNT7",-0.0357726777677177,0.62413720854484,0.799411626573033
"CXCL3",-0.0358286641560271,0.623594303200642,0.799220917278012
"KY",-0.0358339128799311,0.623543416217354,0.799210544319216
"NBPF19",-0.0358479094770084,0.623407726310006,0.799201173569857
"LCTL",-0.0358479094770084,0.623407726310006,0.799201173569857
"SECTM1",-0.0358584069248164,0.623305967199882,0.799201173569857
"MAGEF1",-0.0358689043726244,0.623204215223288,0.799201173569857
"URM1",-0.0358898992682404,0.623000732677065,0.799063366765803
"FBXO7",-0.0358951479921444,0.622949866501455,0.799053001839366
"SYK",-0.0359493848058191,0.622424353898305,0.798565210807447
"RIC8A",-0.0359546335297231,0.62237350796181,0.798565210807447
"CISD2",-0.0359791275746084,0.622136250556557,0.798491586973456
"KLHL40",-0.0359878754477818,0.622051525204361,0.798449091733103
"TCF24",-0.0360596080078031,0.621356964772457,0.797776892210257
"TIMM17B",-0.0361243422692858,0.620730453476765,0.797103830994518
"KLHL34",-0.0361330901424591,0.620645810703449,0.797083012013314
"WASHC1",-0.0361400884409978,0.620578100072299,0.797083012013314
"LHFPL6",-0.0361750799336911,0.62023959476691,0.796835294205601
"CFAP206",-0.0361750799336911,0.62023959476691,0.796835294205601
"IL18RAP",-0.0361925756800378,0.620070372033145,0.79678232200984
"KRTAP29-1",-0.0362713065385978,0.619309116788767,0.796340707773024
"PADI1",-0.0363290425015418,0.61875112015872,0.795963350329539
"PTGIS",-0.0363605348449658,0.618446850202075,0.795626739296959
"OR1E1",-0.0363640339942351,0.618413046433503,0.795626739296959
"CRISP1",-0.0363955263376592,0.618108848572464,0.79541106979531
"GAPVD1",-0.0364340169796218,0.617737139368778,0.79515189295274
"STX18",-0.0364480135766992,0.617601996449242,0.79503273267756
"APIP",-0.0364602605991418,0.617483756927192,0.79503273267756
"HOXC9",-0.0365005008157392,0.617095324886103,0.794784840188119
"ESCO1",-0.0365074991142778,0.617027782330549,0.794784840188119
"CES2",-0.0365127478381818,0.616977127522987,0.794776164548166
"CCDC24",-0.0365232452859898,0.616875823332123,0.794755303294063
"MCPH1",-0.0365914786967419,0.616217522481832,0.794181108955261
"OR51Q1",-0.0365949778460112,0.616183771710127,0.794181108955261
"ISM1",-0.0366649608313979,0.615508925388135,0.793727798311258
"FKTN",-0.0366702095553019,0.615458324906384,0.793727798311258
"SMYD5",-0.0366807070031099,0.615357129384754,0.793727798311258
"SERPINA6",-0.0366842061523792,0.615323399156828,0.793727798311258
"IP6K2",-0.0366964531748219,0.615205349709911,0.793727798311258
"PSG6",-0.0367034514733605,0.615137897319286,0.793727798311258
"ISM2",-0.0367681857348432,0.614514115741234,0.793310064087852
"EPRS1",-0.0367839319065552,0.614362426876421,0.793213458993711
"OR51I1",-0.0368119251007099,0.614092798189388,0.793073329713518
"OFCC1",-0.0368416678694992,0.613806374407101,0.792879225925233
"APOH",-0.0368609131904806,0.61362107251592,0.792749526169571
"TRIM24",-0.0369291466012326,0.612964290420871,0.792120197059243
"HK2",-0.0369396440490406,0.612863274363389,0.792044461422093
"IRF2BP2",-0.0369413936236752,0.612846439063055,0.792044461422093
"PRSS48",-0.0369623885192912,0.612644431268653,0.792044461422093
"LRFN4",-0.0369763851163686,0.612509775624721,0.791971238546614
"MRGPRF",-0.0369903817134459,0.612375132960281,0.791851968646833
"SVBP",-0.0370341210793126,0.61195445833124,0.791417593227216
"THRSP",-0.0370778604451793,0.611533910602987,0.791202446444155
"TLL2",-0.0370866083183526,0.611449816295283,0.791148452898068
"PAX9",-0.0371600904530086,0.610743624811527,0.790782580212151
"CHST12",-0.0371688383261819,0.61065957830433,0.790782580212151
"SYTL5",-0.0371810853486246,0.610541921745332,0.790740702532303
"TWIST1",-0.0372073289681446,0.610289834151596,0.790545622266865
"TGIF2LY",-0.037216076841318,0.610205815139963,0.790545622266865
"NDUFAF5",-0.037221325565222,0.610155406178348,0.790545622266865
"BACE2",-0.0372230751398566,0.610138603598745,0.790545622266865
"DNAJC21",-0.0372335725876646,0.610037792401469,0.790545622266865
"MUSK",-0.0372598162071846,0.60978579651903,0.790474042881197
"RGS16",-0.0372615657818193,0.609768998424974,0.790474042881197
"ZNF213",-0.037263315356454,0.60975220053489,0.790474042881197
"GIGYF2",-0.0373035555730513,0.609365905375174,0.790149111212022
"GBP1",-0.037305305147686,0.609349112382518,0.790149111212022
"KRT72",-0.03731055387159,0.609298734629469,0.790149111212022
"THEGL",-0.037352543662822,0.608895778772265,0.789879021018527
"TMEM132C",-0.0373910343047846,0.608526505963792,0.789608908870964
"ZNF888",-0.0373980326033233,0.608459376084788,0.789576661183957
"PTCHD3",-0.03741552834967,0.608291565705052,0.789413750337541
"FBXO33",-0.03741552834967,0.608291565705052,0.789413750337541
"GDF2",-0.037426025797478,0.608190889297385,0.789413750337541
"GPR55",-0.037452269416998,0.607939230512215,0.789393639613954
"IL18",-0.037462766864806,0.607838579895769,0.789393639613954
"CRADD",-0.0374960087828647,0.607519901588135,0.78925673981828
"SF3B1",-0.0375012575067687,0.607469590721815,0.78925673981828
"BGLAP",-0.0375344994248273,0.607150998076291,0.789085041062826
"PRDM9",-0.037541497723366,0.607083935372371,0.789085041062826
"DPPA5",-0.0375537447458087,0.606966583537395,0.789010086597368
"MLNR",-0.037567741342886,0.606832479464083,0.788890671479271
"OR5AU1",-0.0375799883653287,0.606715149173487,0.788793047404388
"MBNL2",-0.037583487514598,0.606681628080572,0.788793047404388
"RAB33A",-0.037593984962406,0.606581069728689,0.788728542661908
"C1QTNF8",-0.037614979858022,0.60637997520089,0.788576869079578
"TYMS",-0.037614979858022,0.60637997520089,0.788576869079578
"KLKB1",-0.0376919611419474,0.605642881749073,0.787782870841739
"SIT1",-0.037714705612198,0.605425180328401,0.787719149213684
"PRR7",-0.0377182047614674,0.605391690888843,0.787719149213684
"MX2",-0.0378266783888167,0.604353926888458,0.787038138105352
"LRP5",-0.037851172433702,0.604119702750271,0.786842845983964
"TM9SF1",-0.0378564211576061,0.604069517124895,0.786842845983964
"ZBTB47",-0.0378669186054141,0.603969151446467,0.786842845983964
"GLIS2",-0.0378861639263954,0.60378516700381,0.786681441255976
"MTX1",-0.0378896630756647,0.60375171797112,0.786681441255976
"TBC1D8B",-0.0378984109488381,0.60366809900342,0.786681441255976
"RASL11A",-0.0379281537176274,0.603383833142162,0.78657492545783
"CSNK2A2",-0.0379438998893394,0.603233363628279,0.786456286151604
"IL17RA",-0.0379561469117821,0.603116343360538,0.786413518718243
"TUBB6",-0.0380208811732647,0.602497976031388,0.785771801701271
"H2BC15",-0.0380401264942461,0.602314191736609,0.785740299972091
"STRN",-0.0380523735166888,0.602197251141859,0.785740299972091
"PAXBP1",-0.0380751179869394,0.601980102684161,0.785666019379154
"DLX4",-0.0381730941664808,0.601045094543975,0.785028196776228
"LIN28B",-0.0381905899128274,0.60087819729081,0.784919998083735
"NDUFA7",-0.0382098352338088,0.600694634303125,0.784789995819878
"EMP1",-0.0382255814055208,0.600544465104497,0.784670493391547
"TNFRSF4",-0.0382413275772328,0.600394312741664,0.784584085647192
"NCAN",-0.0382430771518674,0.60037763018526,0.784584085647192
"CDKN2AIP",-0.0382745694952915,0.60007737973084,0.784553381618074
"SPTSSB",-0.0382798182191955,0.600027344540724,0.784553381618074
"HCAR1",-0.0383025626894461,0.599810547024684,0.784500901634355
"ZNF426",-0.0383043122640808,0.599793871749571,0.784500901634355
"MFNG",-0.0383060618387155,0.599777196682619,0.784500901634355
"SERPINE1",-0.0383200584357928,0.599643803641665,0.784500901634355
"PNP",-0.0383585490777555,0.599277041503714,0.784199693604496
"MECR",-0.0383742952494675,0.599127031511642,0.784113275438783
"PSMD3",-0.0384145354660648,0.598743749360471,0.783776425531378
"KIAA2026",-0.0384740210036435,0.598177360510626,0.783474323928497
"CLN8",-0.0384740210036435,0.598177360510626,0.783474323928497
"FBXO42",-0.0385177603695102,0.597761052120234,0.78325864094559
"CHP1",-0.0385545014368382,0.597411454017645,0.78307526075474
"PIGV",-0.0385754963324542,0.597211725081024,0.782923359371979
"LRR1",-0.0385772459070888,0.597195082362824,0.782923359371979
"DNAJC9",-0.0386104878251475,0.5968789104805,0.782816750852094
"GNG8",-0.0386314827207635,0.596679261915878,0.782795767905583
"JAGN1",-0.0386314827207635,0.596679261915878,0.782795767905583
"ZSWIM4",-0.0386699733627262,0.596313317891571,0.782668218769499
"CTSL",-0.0386997161315155,0.596030612443854,0.782605333489344
"KIF7",-0.0387049648554195,0.59598072953788,0.782605333489344
"NUDT14",-0.0387102135793235,0.595930848519584,0.782605333489344
"SLC47A2",-0.0387347076242089,0.595698095398948,0.782586158729705
"KCTD10",-0.0387522033705555,0.595531868351864,0.78242371954551
"RHBG",-0.0387731982661715,0.595332423606361,0.782293585042516
"SYT15",-0.0387749478408062,0.5953158045758,0.782293585042516
"ANKRD33",-0.0387801965647102,0.595265948744244,0.782293585042516
"TMEM80",-0.0388046906095955,0.595033313194358,0.782293585042516
"POMC",-0.0388309342291155,0.594784106523845,0.7822116733638
"CNPY3",-0.0388431812515582,0.594667826264324,0.782113825585388
"PIK3C2G",-0.0388431812515582,0.594667826264324,0.782113825585388
"ZNF862",-0.0388606769979049,0.594501729482522,0.782113825585388
"PDE3B",-0.0388624265725395,0.594485120961163,0.782113825585388
"EYA4",-0.0388746735949822,0.594368867202069,0.78210617655646
"XAGE2",-0.0389184129608489,0.593953759384209,0.78161502327082
"NMI",-0.0389429070057342,0.59372135648689,0.781364248731532
"RBM46",-0.0389534044535422,0.593621767884441,0.781343303757123
"ZMYND11",-0.0389813976476969,0.593356235367467,0.781125746460053
"POMGNT1",-0.0389831472223316,0.593339641376858,0.781125746460053
"IGFALS",-0.0389988933940436,0.593190304949506,0.781125746460053
"C5orf47",-0.0390338848867369,0.592858507387557,0.780998272024397
"CAPG",-0.0390601285062569,0.59260971460762,0.780836674898541
"FAM131C",-0.0391073670213929,0.592162007329111,0.780522100986553
"ZNF572",-0.0391161148945663,0.592079115474816,0.780467924944076
"MAGEA8",-0.0391266123423743,0.591979652224157,0.780435601117953
"CNPY2",-0.0391581046857983,0.591681308137585,0.780218888002368
"CCDC86",-0.0391721012828756,0.591548732760346,0.780142854382444
"RBBP5",-0.0391983449023956,0.591300190425384,0.780068643109018
"HOXA5",-0.0392613295892436,0.590703883173181,0.77948037321715
"PRAME",-0.0392823244848596,0.590505175103123,0.7793282913028
"NKX3-1",-0.039327813425361,0.59007474568967,0.778925356976271
"PLA2G7",-0.0393418100224383,0.589942334719075,0.778849314077703
"RASL12",-0.0393995459853823,0.589396283069508,0.778414891634689
"SLC27A4",-0.0394397862019796,0.589015838414561,0.778077507301623
"CCL4L1",-0.039448534075153,0.588933147933698,0.778077507301623
"ZNF420",-0.039448534075153,0.588933147933698,0.778077507301623
"CNNM2",-0.0394520332244223,0.588900073229714,0.778077507301623
"OR2A12",-0.039453782799057,0.588883536196684,0.778077507301623
"INTU",-0.0394572819483263,0.588850462768581,0.778077507301623
"ABCB5",-0.039495772590289,0.588486711214428,0.778027558800436
"SMIM22",-0.0395027708888276,0.588420585632311,0.77800657396595
"TNP2",-0.039506270038097,0.588387524118255,0.77800657396595
"KREMEN2",-0.0395412615307903,0.588056955813907,0.777746031214541
"GUCY2C",-0.0395500094039637,0.587974327047339,0.777691822375079
"TBX15",-0.0395517589785983,0.587957801933057,0.777691822375079
"MIXL1",-0.0395622564264063,0.587858655721146,0.777691822375079
"PABIR2",-0.0395762530234837,0.587726472703896,0.777639362679275
"TMEM79",-0.039689975374737,0.586652991617708,0.776813037372511
"OCSTAMP",-0.0396934745240064,0.586619975729211,0.776813037372511
"GPATCH8",-0.0396987232479104,0.586570453498245,0.776813037372511
"CEP128",-0.0397547096362197,0.586042336013531,0.776346053864996
"AGO3",-0.039758208785489,0.586009335937732,0.776346053864996
"SLC39A2",-0.0397617079347584,0.585976336717193,0.776346053864996
"IQCM",-0.039763457509393,0.585959837427664,0.776346053864996
"MUC2",-0.039773954957201,0.585860846181257,0.776346053864996
"HEATR5A",-0.0397879515542784,0.585728869829975,0.776346053864996
"CFHR5",-0.0398229430469717,0.585398988859214,0.776044258655216
"FUT5",-0.0398351900694144,0.585283550745551,0.775946304658474
"PCP2",-0.0398806790099157,0.584854872479614,0.775653287773702
"SLC13A3",-0.0398876773084544,0.584788934831108,0.775620918038901
"GALNT4",-0.039889426883089,0.584772450954734,0.775620918038901
"ARAP1",-0.039899924330897,0.584673552197325,0.775578042534074
"FNDC11",-0.0399121713533397,0.584558180066899,0.775535168780948
"DDTL",-0.0399506619953024,0.584195650347123,0.775219409256989
"FITM2",-0.0400678834958251,0.583092222531495,0.774360403043319
"PSMB8",-0.0400958766899797,0.582828860060384,0.774230869228802
"ACO1",-0.0401046245631531,0.582746570579432,0.774176622004657
"TMEM154",-0.0401816058470784,0.582022655148665,0.773732101238032
"NLRC5",-0.0401956024441558,0.581891078952007,0.773700540403509
"HMX3",-0.0402078494665984,0.581775961092096,0.77365763666733
"SUPT20HL1",-0.0402165973397718,0.581693740514712,0.77365763666733
"C9orf153",-0.0402200964890411,0.58166085379257,0.77365763666733
"SMPX",-0.0402620862802731,0.581266280397926,0.773365323980314
"MYMK",-0.0402708341534464,0.581184093244202,0.773311066217492
"A1CF",-0.0402708341534464,0.581184093244202,0.773311066217492
"OR10K2",-0.0403145735193131,0.580773238400082,0.773039769108398
"SDCBP2",-0.0403810573554305,0.580148997526153,0.772649410097584
"OR6T1",-0.0404125496988545,0.579853413407378,0.772310822193424
"FSCN3",-0.0404370437437398,0.579623563094465,0.772169888319583
"DNAH3",-0.0404580386393558,0.579426582294783,0.77210509077588
"TIGD6",-0.0405122754530305,0.578917859524561,0.771835375819582
"TRIM69",-0.0405437677964545,0.578622567643582,0.771496756858109
"KRTAP13-2",-0.0405490165203585,0.578573359157505,0.771486224162899
"RNF168",-0.0405542652442625,0.578524152622588,0.771475692565473
"TMED6",-0.0405752601398785,0.57832734599805,0.771323395976547
"TTF2",-0.0405805088637825,0.578278149221577,0.771312863509654
"SIRT3",-0.0405910063115905,0.578179761525456,0.771236713538278
"SCIMP",-0.0406032533340332,0.578064985751398,0.771160563107238
"ELMO1",-0.0406294969535532,0.577819073471594,0.771030938564982
"TCHH",-0.0406452431252652,0.577671549548587,0.770944251777148
"CEBPZ",-0.0406504918491692,0.577622378816117,0.770933720200801
"HDAC2",-0.0406592397223425,0.577540431938885,0.770879438742898
"ENO4",-0.0406714867447852,0.577425715433583,0.770825156773983
"CALB1",-0.0406784850433238,0.577360167924222,0.77080409580047
"SNCG",-0.0406784850433238,0.577360167924222,0.77080409580047
"C16orf54",-0.0407117269613825,0.577048864736915,0.770542397806221
"RGSL1",-0.0407414697301718,0.576770396829401,0.770347130886498
"NUDT1",-0.0408079535662892,0.576148166499945,0.769846401770979
"RIOX2",-0.0408814357009452,0.575460804087093,0.769258176016788
"CLRN3",-0.0409339229399852,0.574970066377767,0.768877342093024
"LY6G5B",-0.0409356725146199,0.574953711835596,0.768877342093024
"ZNF730",-0.0409724135819479,0.57461031687069,0.768616407239436
"FTHL17",-0.0410074050746412,0.574283363575191,0.768234087682134
"NR0B2",-0.0410109042239106,0.574250673051624,0.768234087682134
"GJD4",-0.0410126537985452,0.574234328117596,0.768234087682134
"ERN1",-0.0410266503956226,0.574103576512328,0.768213684527064
"LTB4R",-0.0410318991195266,0.574054548266467,0.768213684527064
"SUSD2",-0.0410476452912386,0.573907475333029,0.768138253236798
"TMTC4",-0.0411106299780866,0.573319360744703,0.767714374508359
"ALG10B",-0.0411351240229719,0.57309072610441,0.767540148638182
"WDR20",-0.0411403727468759,0.573041738550113,0.767540148638182
"TNFAIP1",-0.0411438718961452,0.573009081275473,0.767540148638182
"ZNF32",-0.0411631172171266,0.572829481924334,0.767540148638182
"SIRT4",-0.0411823625381079,0.572649909079889,0.767500148084387
"P4HB",-0.0411963591351853,0.572519327301264,0.767468486698134
"DBX1",-0.0412103557322626,0.57238875955049,0.767447384754411
"LBR",-0.0412348497771479,0.572160299751003,0.767317661794466
"MTFR2",-0.0412890865908226,0.571654577485723,0.76708010411865
"SH3PXD2A",-0.0413363251059586,0.571214281586708,0.766819862199062
"FOXL3",-0.0413450729791319,0.571132762881043,0.766819862199062
"SLCO1B3",-0.0413450729791319,0.571132762881043,0.766819862199062
"ZCCHC9",-0.0413730661732866,0.570871939941096,0.766690949974105
"OR52N4",-0.041402808942076,0.570594877230189,0.766373960960159
"NPR1",-0.0414080576659799,0.570545990407858,0.76636341461861
"TPGS1",-0.0414535466064813,0.570122387556389,0.766014799280801
"OR10G9",-0.0414797902260013,0.569878068976257,0.765851825300467
"IL5RA",-0.0414850389499053,0.569829211205408,0.765841274357527
"RRP15",-0.0415375261889453,0.569340742542038,0.765294926422564
"SEPSECS",-0.0415690185323693,0.569047756557202,0.764956157882552
"IL26",-0.0415987613011587,0.56877111318159,0.764694356761887
"LSP1",-0.04161800662214,0.568592142622219,0.764640747009941
"KCNH4",-0.04161800662214,0.568592142622219,0.764640747009941
"IYD",-0.0416407510923907,0.568380666393676,0.764640747009941
"MYCBPAP",-0.0416529981148333,0.568266810033369,0.764566741890584
"SLC34A1",-0.041654747689468,0.568250545722363,0.764566741890584
"ZNF57",-0.0416617459880067,0.568185490686897,0.764566741890584
"AARSD1",-0.0416722434358147,0.568087914760075,0.764546364204018
"XPNPEP3",-0.0417002366299693,0.567827751172898,0.764437694615077
"GOLGA8F",-0.041759722167548,0.567275091443865,0.763947909417769
"OR5B21",-0.0417719691899907,0.567161340296522,0.763849801065685
"ZNF331",-0.041780717063164,0.567080096115017,0.763795461924424
"KRT33B",-0.0418139589812227,0.566771418689097,0.763489830888458
"RNF227",-0.0418157085558574,0.566755174722634,0.763489830888458
"ABHD18",-0.0418472008992814,0.566462821196694,0.763338113169682
"TMIGD3",-0.0418559487724547,0.566381624621019,0.763295080200762
"ZC3H7A",-0.04190668643686,0.565910793742365,0.763045988299213
"MROH2A",-0.0419189334593027,0.565797172844904,0.763024848594112
"ZBTB22",-0.0419259317578414,0.565732251497216,0.763024848594112
"CYC1",-0.0419311804817454,0.565683562815577,0.763024848594112
"OR10A6",-0.0419364292056494,0.565634876130519,0.763024848594112
"TENT5C",-0.0419364292056494,0.565634876130519,0.763024848594112
"OPALIN",-0.0419416779295534,0.565586191442212,0.763024848594112
"NBPF6",-0.0419609232505347,0.565407698004462,0.763024848594112
"EPPIN",-0.0419609232505347,0.565407698004462,0.763024848594112
"ACAD8",-0.041990666019324,0.565131897336533,0.762932146498272
"TMEM170B",-0.0419976643178627,0.565067012386897,0.762932146498272
"ARSA",-0.0420326558105561,0.564742640945896,0.762725302573513
"FAM181A",-0.0420956404974041,0.564158996367984,0.762224800417309
"PEAK3",-0.0421113866691161,0.564013130254041,0.762170448028744
"PRDM14",-0.0421306319900974,0.563834873921924,0.762139591186786
"LCORL",-0.0421778705052334,0.563397449839133,0.761802112163021
"GPR25",-0.0422321073189081,0.562895422422363,0.761509229203915
"UBE2T",-0.0422513526398894,0.562717335145062,0.761378609807228
"ANKEF1",-0.0422723475355054,0.562523088887046,0.761170932332594
"CTNND1",-0.0423143373267374,0.562134692741931,0.760755617510746
"PRKCH",-0.0423195860506414,0.562086152261822,0.76074505251408
"CTPS2",-0.0423860698867588,0.561471480127407,0.760243700635066
"LIN7B",-0.0424175622301828,0.561180432244661,0.760014920420688
"FMNL3",-0.0424473049989721,0.560905620199828,0.759752927389904
"C9orf40",-0.0424560528721455,0.560824805428506,0.759698561411676
"SEMA4B",-0.0424648007453188,0.56074399624979,0.759698561411676
"BRINP1",-0.0424682998945881,0.560711674144406,0.759698561411676
"ASF1A",-0.0424752981931268,0.560647032618655,0.759698561411676
"NME6",-0.0424822964916655,0.560582394673256,0.759698561411676
"KRTAP10-10",-0.0425172879843588,0.560259258665307,0.759373097817932
"KRTAP5-4",-0.0426117650146308,0.55938723897403,0.75885204293448
"MPP4",-0.0426170137385348,0.559338812600158,0.75885204293448
"TSBP1",-0.0426257616117082,0.559258106462503,0.75884222582779
"TMEM258",-0.0426327599102468,0.559193545589738,0.758809754954149
"H3C1",-0.0426712505522095,0.558838524956775,0.758658740429798
"NRROS",-0.0426730001268442,0.558822390236061,0.758658740429798
"LHFPL2",-0.0426887462985562,0.558677187851295,0.758658740429798
"HBP1",-0.0427324856644228,0.558273943328453,0.758388432179385
"CTNND2",-0.0427552301346735,0.558064311664687,0.758213959308141
"MAGEC3",-0.0427587292839428,0.558032064010437,0.758213959308141
"MTFMT",-0.0427674771571162,0.557951448808289,0.758170929710681
"TEKT4",-0.0427797241795588,0.557838596966827,0.758160370123894
"CHD7",-0.0427849729034628,0.557790235264352,0.758160370123894
"BTNL9",-0.0427972199259055,0.55767739916214,0.758074321766659
"VSIG4",-0.0428077173737135,0.557580691274052,0.75799803393756
"SLCO2B1",-0.0428497071649455,0.557193940711351,0.757582559458735
"TRAPPC2B",-0.0428602046127535,0.557097273324658,0.757506274234533
"WIPF1",-0.0429004448293509,0.556726790097078,0.757057633016821
"CEACAM21",-0.0429231892996015,0.556517439239043,0.756993422813428
"CLEC4F",-0.0429756765386415,0.55603446723809,0.756710187555828
"PADI4",-0.0429774261132762,0.556018371666007,0.756710187555828
"HSPA1B",-0.0429931722849882,0.555873521666548,0.756710187555828
"FSHR",-0.0430001705835269,0.555809149753781,0.756710187555828
"SNRPG",-0.0430754022928176,0.555117379742127,0.756179193203417
"EIF2A",-0.0430963971884336,0.554924402159782,0.756093100951053
"SLC22A11",-0.0431068946362416,0.554827925568426,0.756038714930398
"XIRP1",-0.0431086442108762,0.554811846927396,0.756038714930398
"B2M",-0.0431838759201669,0.554120679216982,0.755571140262823
"LAMTOR1",-0.0431926237933402,0.554040338017707,0.755571140262823
"TRAPPC6A",-0.0431943733679749,0.554024270456626,0.755571140262823
"DHX37",-0.0432013716665136,0.553960002475078,0.755571140262823
"MS4A18",-0.0432013716665136,0.553960002475078,0.755571140262823
"ASTL",-0.0432241161367642,0.553751156542737,0.75554183223204
"OR4D10",-0.0432311144353029,0.553686903951967,0.755509360576236
"FOXE1",-0.0432381127338416,0.553622654983566,0.755498807289481
"CETN3",-0.0432433614577456,0.553574470634676,0.755498807289481
"MPZ",-0.0432643563533616,0.553381753620343,0.755357556978877
"IGKC",-0.0432731042265349,0.553301464490541,0.755357556978877
"INO80B",-0.0433115948684976,0.5529482596125,0.75524071163622
"CTF1",-0.0433168435924016,0.552900103809799,0.75524071163622
"CDC123",-0.0433255914655749,0.55281984867255,0.75524071163622
"HOXC6",-0.0433500855104603,0.552595164444647,0.755122235692315
"LRCH3",-0.0433605829582683,0.552498884811499,0.755102025081563
"LMCD1",-0.0433640821075376,0.552466793415118,0.755102025081563
"FGGY",-0.0433973240255963,0.552161970413533,0.754917786196423
"CTBS",-0.0434900514812336,0.551312107854468,0.754130925337604
"DR1",-0.043525042973927,0.550991570870841,0.753957194978072
"SELL",-0.043535540421735,0.550895427510959,0.753903642133411
"PRC1",-0.043551286593447,0.550751227823595,0.753761536775133
"OR4N4",-0.043572281489063,0.550558990238442,0.753553660805653
"USP40",-0.0435915268100443,0.550382801238482,0.753422941869815
"LRRC3C",-0.0436002746832176,0.550302724434054,0.753422941869815
"HOXC5",-0.043609022556391,0.550222653321069,0.753422941869815
"EXOSC5",-0.043630017452007,0.550030505875425,0.753422941869815
"DNAJC3",-0.0436632593700656,0.549726339498775,0.753131537300405
"MMP20",-0.043666758519335,0.549694326770032,0.753131537300405
"CYP11B1",-0.0437227449076443,0.549182247110638,0.75266218881913
"COPS2",-0.0437332423554523,0.549086258168893,0.752585862143127
"DPT",-0.0437524876764337,0.548910299771349,0.752498987882783
"PPP1R32",-0.0437892287437617,0.548574455866836,0.752215604828856
"TCP11X2",-0.043803225340839,0.548446541811218,0.752161203390392
"ADAMTS9",-0.0438277193857243,0.548222727380635,0.752009376170454
"FNTB",-0.043834717684263,0.548158788623105,0.752009376170454
"OR56A1",-0.0438644604530524,0.547887089686438,0.751825076192793
"LRRC17",-0.043866210027687,0.547871109452712,0.751825076192793
"DES",-0.043881956199399,0.547727297634887,0.751825076192793
"NUDT13",-0.0438942032218417,0.547615456800665,0.751783760012439
"SPATA19",-0.0438959527964764,0.547599480453185,0.751783760012439
"OR51E2",-0.0439047006696497,0.547519602145738,0.751762688551229
"CSF2RA",-0.0439099493935537,0.547471677905444,0.751752154735833
"ZFC3H1",-0.043913448542823,0.547439729555417,0.751752154735833
"CCDC140",-0.043971184505767,0.546912713897566,0.751260800584801
"NDUFA3",-0.043997428125287,0.546673243720027,0.751119519320087
"NXT1",-0.0440166734462684,0.546497665001793,0.751077370783242
"LTBP4",-0.044039417916519,0.546290198614255,0.751044901158602
"PIR",-0.044065661536039,0.546050862440392,0.750905375667238
"SELPLG",-0.0440779085584817,0.545939189874971,0.7508623838357
"EIF2AK3",-0.0440849068570204,0.545875382024145,0.7508623838357
"FCER2",-0.0440849068570204,0.545875382024145,0.7508623838357
"ACTL9",-0.0441391436706951,0.545380995597631,0.750315688676342
"WDCP",-0.0441653872902151,0.545141855515112,0.750152467845581
"TMEM68",-0.0441671368648497,0.545125914679179,0.750152467845581
"PSORS1C1",-0.0441898813351004,0.54491870470434,0.750011182036868
"WASHC4",-0.0441951300590044,0.544870892528686,0.750000647764279
"PPP1R11",-0.0442668626190258,0.544217666677072,0.749322408055219
"VAX1",-0.0443053532609884,0.543867314535341,0.749005675559475
"ZNF177",-0.0443245985819698,0.543692180209484,0.74887492865199
"TMEM211",-0.0443350960297778,0.543596664129225,0.748853824539161
"THOC1",-0.0443718370971058,0.543262423095483,0.748669496290676
"DMRT3",-0.0443840841195484,0.543151031978571,0.74862647034921
"MSC",-0.0444155764629724,0.542864649496111,0.748441308085133
"GLRX5",-0.0444453192317618,0.542594245690759,0.748300851611328
"GTF2IRD2B",-0.0445100534932444,0.542005950053265,0.74771037990802
"MCRIP1",-0.0445345475381298,0.541783434047043,0.7474586255642
"CFAP92",-0.0445660398815538,0.541497408505214,0.747395284993229
"PKMYT1",-0.0445712886054578,0.541449744853426,0.747384732807286
"ST6GAL1",-0.0445817860532658,0.54135442378426,0.747308390760207
"ZIC1",-0.0446535186132871,0.54070328571322,0.746519890883426
"DMC1",-0.0446920092552498,0.540354054727363,0.746258398734618
"CSTA",-0.0447217520240391,0.540084271090861,0.745940973738568
"SCARF2",-0.0447322494718472,0.539989069301338,0.745864644499059
"PPP4R2",-0.0447444964942898,0.539878011076833,0.745854062300896
"MAN2B1",-0.0447584930913672,0.539751101279718,0.745756570799734
"TP53AIP1",-0.0447602426660018,0.539735238596818,0.745756570799734
"CD40LG",-0.0447742392630792,0.539608345468699,0.745669660375391
"KRT19",-0.0447742392630792,0.539608345468699,0.745669660375391
"ATP2C1",-0.0447899854347912,0.539465608414227,0.745669660375391
"USP17L17",-0.0448022324572338,0.539354603675346,0.745669660375391
"AGRN",-0.0448057316065032,0.539322890120462,0.745669660375391
"FNBP1L",-0.0448477213977352,0.538942399754349,0.745300870626599
"HEPACAM2",-0.0448634675694472,0.538799750285367,0.745213962551249
"ERLIN2",-0.0448669667187165,0.538768052953605,0.745213962551249
"NUP107",-0.0449386992787379,0.538118462105868,0.744569284944361
"FAM229A",-0.0450401746075485,0.537200195154,0.74377276630559
"ESRP1",-0.0450419241821832,0.537184369818552,0.74377276630559
"CHTF18",-0.0450524216299912,0.537089422687114,0.74377276630559
"CFHR2",-0.0450646686524339,0.53697866161101,0.74377276630559
"EXOC5",-0.0450961609958579,0.536693899733469,0.743512741741879
"FGFBP2",-0.0451101575929352,0.536567363088078,0.743469653358946
"COQ10A",-0.0451276533392819,0.53640921322028,0.743469653358946
"PAX4",-0.0451503978095326,0.536203653182758,0.743385006817696
"UNC13B",-0.0451976363246686,0.535776846512904,0.742958745580265
"DRAXIN",-0.0452378765412659,0.535413404392737,0.742509893847089
"SERTAD2",-0.0452623705861512,0.535192239113013,0.742368557462465
"SPACA4",-0.0452973620788446,0.53487636798493,0.742095761718041
"RYR1",-0.0452991116534792,0.534860576877304,0.742095761718041
"CCNE2",-0.0453043603773832,0.534813204953995,0.742095761718041
"CASP12",-0.0453078595266526,0.534781624838154,0.742095761718041
"STX2",-0.0453078595266526,0.534781624838154,0.742095761718041
"CEACAM19",-0.0453376022954419,0.534513231533718,0.741977784459917
"FTH1",-0.0453568476164233,0.534339601216879,0.741847040761704
"SLC25A37",-0.0453638459149619,0.534276469922735,0.741814538121849
"WNT10B",-0.0453830912359433,0.534102878125776,0.741738946451294
"OR4K14",-0.0454093348554633,0.533866207578122,0.74152054832136
"PCOLCE",-0.0454460759227913,0.533534957120262,0.741225831970395
"BROX",-0.0454530742213299,0.533471873479738,0.741193327563428
"MMP14",-0.0454740691169459,0.533282644999547,0.740985542594416
"PLA2G2A",-0.0455160589081779,0.532904289057436,0.740680248748729
"MMP21",-0.0455650469979486,0.532463044112491,0.740287338036543
"ABHD1",-0.045621033386258,0.531958988923576,0.739696677621674
"GRM7",-0.045642028281874,0.531770030068603,0.739544052540118
"PRR15L",-0.0456455274311433,0.531738540206737,0.739544052540118
"GNG5",-0.0456560248789513,0.531644076245957,0.739522813741291
"TMEM82",-0.045668271901394,0.531533878956694,0.739435882562028
"GCC1",-0.0456857676477406,0.531376474184939,0.73932705295969
"COBLL1",-0.0457382548867806,0.530904400584127,0.738835364031979
"NUCKS1",-0.045757500207762,0.530731359836834,0.738726534962303
"DMRT2",-0.0457802446780127,0.530526893751362,0.738726534962303
"SLC16A5",-0.0458012395736287,0.530338191043797,0.738641564556726
"CLPB",-0.045841479790226,0.529976605389982,0.738522121527263
"TMPRSS13",-0.0458554763873033,0.529850865600725,0.738414653082541
"OR13D1",-0.0458607251112073,0.529803717057457,0.738404046251124
"NCKAP5L",-0.0458642242604767,0.529772285870458,0.738404046251124
"MBD3L1",-0.045867723409746,0.529740855623656,0.738404046251124
"LPCAT2",-0.0458747217082847,0.529677997950814,0.738404046251124
"DCLK3",-0.0458869687307273,0.529568006074203,0.738404046251124
"MALT1",-0.045893967029266,0.529505158745807,0.738404046251124
"FAM184A",-0.0459062140517087,0.529395184974299,0.738330555939065
"GBP5",-0.0459079636263433,0.529379475376191,0.738330555939065
"DMAC1",-0.0459219602234207,0.529253807058481,0.73824364034836
"TRAC",-0.0459447046936714,0.529049628152324,0.738069086081483
"ODC1",-0.0460059398058847,0.528500113399232,0.737412634878151
"MST1",-0.0460339330000394,0.528249002721726,0.73722749774555
"PTX4",-0.0460444304478474,0.528154851764721,0.737151185379114
"FSCN1",-0.046051428746386,0.528092089172226,0.737151185379114
"RETREG1",-0.046067174918098,0.527950887124246,0.737075553670282
"HNRNPU",-0.0460969176868874,0.527684224233941,0.736824715648081
"PRRG2",-0.046114413433234,0.527527395538256,0.736792204715041
"ZNHIT2",-0.046130159604946,0.527386269875471,0.736739170932329
"TRARG1",-0.0461424066273887,0.527276518680114,0.736696062158286
"BUB3",-0.046151154500562,0.527198132046553,0.736696062158286
"POU1F1",-0.0461669006722741,0.527057050971096,0.736576640617715
"OR51S1",-0.0461703998215434,0.527025702216781,0.736576640617715
"ELOVL4",-0.0461896451425247,0.526853300943506,0.736545568412376
"TRMT9B",-0.0461913947171594,0.526837629516756,0.736545568412376
"HCRT",-0.0462876213220661,0.525976064742294,0.735870026603273
"C12orf42",-0.0463366094118367,0.525537724549883,0.735422039839174
"EFNA2",-0.0463785992030687,0.52516215196781,0.73511680034109
"PIWIL1",-0.0463890966508768,0.525068280117663,0.735040491678096
"REC114",-0.0464503317630901,0.524520864180274,0.734384261146322
"RPE65",-0.0464538309123594,0.524489592031498,0.734384261146322
"POTED",-0.0464643283601674,0.524395781270437,0.734374295966308
"ZNF831",-0.0465010694274954,0.524067510778621,0.733969616145596
"C1QL2",-0.0465185651738421,0.523911228232438,0.733915848970073
"NOS2",-0.0466147917787488,0.52305209814776,0.732877258984738
"POLR2J3",-0.0466217900772875,0.522989643958907,0.732844732186115
"NCSTN",-0.0466270388011915,0.522942805809873,0.732834084287926
"SMYD1",-0.0467005209358475,0.522287296140358,0.732135220499686
"SLC35B2",-0.0467022705104821,0.522271693874814,0.732135220499686
"DNAH5",-0.0467057696597515,0.522240490056645,0.732135220499686
"ONECUT1",-0.0467337628539061,0.521990893736286,0.731906399356506
"METTL3",-0.0467862500929462,0.521523064689054,0.731448239421205
"DBX2",-0.0468229911602741,0.521195711739231,0.731208767461079
"SLC2A10",-0.0468684801007755,0.520790563036993,0.730991697063361
"TRIM35",-0.0468754783993142,0.520728246753616,0.730991697063361
"EFL1",-0.0469139690412768,0.520385575318795,0.730675964563102
"PRMT2",-0.0469192177651808,0.520338856330091,0.730665299309833
"ANKRD40",-0.0470679316091275,0.51901604341348,0.729213426990295
"MAP3K11",-0.0470906760793782,0.518813882848523,0.729104634995074
"CBY2",-0.0471239179974369,0.518518490009143,0.728876360033927
"OR51G1",-0.0471291667213409,0.518471856917629,0.728865668031136
"HBE1",-0.0471344154452449,0.518425225976451,0.728854977441749
"RS1",-0.0471729060872075,0.518083331459295,0.728648565278544
"CFAP43",-0.0471956505574582,0.51788135726288,0.728419357451539
"BNIP3L",-0.0472148958784396,0.517710487583795,0.728288721460903
"GMPPA",-0.0472866284384609,0.517073864713063,0.727831737818901
"CCPG1",-0.0472988754609036,0.516965213212055,0.72773364905015
"EBNA1BP2",-0.0473338669535969,0.516654845004899,0.727516088766606
"GALNT5",-0.0473373661028662,0.5166238134533,0.727516088766606
"HLA-G",-0.0473408652521356,0.51659278285989,0.727516088766606
"ZMAT2",-0.0473513626999436,0.516499696829199,0.727462167268637
"CTDSPL2",-0.0473583609984822,0.516437644267105,0.727429628503843
"PTAFR",-0.0473776063194636,0.516267019490107,0.727299000980405
"LPAR6",-0.0473881037672716,0.516173963652466,0.727222762912904
"CMTM3",-0.0474143473867916,0.515941361813156,0.727004743716802
"PLPP5",-0.0474143473867916,0.515941361813156,0.727004743716802
"ADORA3",-0.0474633354765623,0.515507316071249,0.726557590743841
"BRCA1",-0.0474668346258316,0.515476320000226,0.726557590743841
"DMRTA2",-0.0474703337751009,0.515445324888925,0.726557590743841
"COA4",-0.0474878295214476,0.515290363729688,0.726471112932411
"S1PR4",-0.0475210714395063,0.514996003649304,0.726264268262747
"NYAP1",-0.0475770578278156,0.514500435235417,0.725795329374021
"SOGA3",-0.047627795492221,0.514051538861591,0.725326876683218
"MCRIP2",-0.0476295450668556,0.514036063281633,0.725326876683218
"DOP1A",-0.047711775074685,0.513308982294408,0.7246076004029
"CGA",-0.0477415178434743,0.513046126440393,0.724291288638657
"SLC35G1",-0.047743267418109,0.513030666497727,0.724291288638657
"HDAC7",-0.047759013589821,0.512891537847759,0.724291288638657
"BANF2",-0.0477782589108023,0.512721518207152,0.724216236124396
"C8orf58",-0.0478149999781303,0.512397016186505,0.72386737324502
"PINX1",-0.047832495724477,0.512242528759438,0.723758622114636
"MAK",-0.0478342452991116,0.512227081342164,0.723758622114636
"PRKRA",-0.0478552401947277,0.512041731134965,0.723584395480978
"IFNA2",-0.047890231687421,0.511732891269467,0.723202684627209
"ACYP2",-0.047953216374269,0.51117722263924,0.722636122171709
"YOD1",-0.0479654633967117,0.511069212277503,0.722636122171709
"C9",-0.0480144514864823,0.510637289128685,0.722419666068276
"CARD6",-0.048021449785021,0.510575601277108,0.722387115867521
"FAM71D",-0.0480249489342904,0.510544758800607,0.722387115867521
"OR1M1",-0.048084434471869,0.510020584568681,0.721930001319137
"TBC1D13",-0.0480879336211384,0.509989759490788,0.721930001319137
"GOLGA6A",-0.048121175539197,0.509696969484281,0.721636009558671
"NCK1",-0.0481299234123704,0.509619933991499,0.721625273663382
"CLEC18C",-0.048136921710909,0.509558309950799,0.721603806236057
"ZNF830",-0.0481596661811597,0.509358058548414,0.721593434381166
"PLK1",-0.048184160226045,0.509142448920822,0.721507274910484
"SAP25",-0.0482121534201997,0.508896096003499,0.721322365586016
"CENPA",-0.0482226508680077,0.508803729637032,0.721246182520016
"DEPDC1B",-0.0482226508680077,0.508803729637032,0.721246182520016
"PADI6",-0.0482593919353357,0.508480516005535,0.721050559584665
"DHDH",-0.0482646406592397,0.508434351349017,0.721050559584665
"VPREB3",-0.0482751381070477,0.508342028576892,0.720974766532657
"RNF215",-0.0482768876816824,0.508326642296158,0.720974766532657
"VPS25",-0.0482786372563171,0.508311256257711,0.720974766532657
"WDR44",-0.0482978825772984,0.508142025827095,0.720910093766851
"RASAL3",-0.0483328740699917,0.507834409266986,0.720681547805457
"APOA1",-0.0483328740699917,0.507834409266986,0.720681547805457
"GNL3",-0.0483608672641464,0.507588385841426,0.720681547805457
"DENND1C",-0.0483748638612237,0.507465397409853,0.720681547805457
"SLC52A3",-0.0484221023763597,0.50705042608054,0.720456007112002
"CCDC106",-0.0484448468466104,0.506850688166162,0.720248829913358
"GPT",-0.0484553442944184,0.506758515273391,0.720248829913358
"LRCH2",-0.0484588434436877,0.506727792918106,0.720248829913358
"NUP50",-0.0484728400407651,0.506604913209552,0.720248829913358
"SERPINB3",-0.0484833374885731,0.506512763627465,0.720248829913358
"NUDCD2",-0.0485533204739598,0.50589865657628,0.71993675314712
"ZNF277",-0.0485638179217678,0.505806574054869,0.71993675314712
"PNMT",-0.0485725657949411,0.505729845305628,0.71993675314712
"SLC6A17",-0.0485778145188451,0.505683810973568,0.71993675314712
"KANK1",-0.0486390496310584,0.505146905490587,0.719579209052501
"SYTL1",-0.0486495470788664,0.505054894472491,0.719579209052501
"GNAI1",-0.0486827889969251,0.504763584047869,0.719439659953442
"ZNRF1",-0.0487002847432718,0.504610298068113,0.719342182025806
"NFATC1",-0.0487142813403491,0.504487686815149,0.719222293050361
"EIF4ENIF1",-0.0487562711315811,0.504119946580516,0.718807766249635
"STPG4",-0.0487580207062158,0.504104627115825,0.718807766249635
"AK9",-0.0487720173032931,0.503982080170086,0.718720932288983
"HNRNPA3",-0.0487807651764665,0.503905496248721,0.718666593962666
"MRPL33",-0.0488140070945251,0.503614532919353,0.718416209654891
"TAS2R9",-0.0488245045423331,0.503522668046591,0.718416209654891
"CCDC166",-0.0488664943335652,0.503155296346959,0.718090196742763
"NIFK",-0.0488699934828345,0.503124688380504,0.718090196742763
"KCNG2",-0.0488717430574691,0.503109384763218,0.718090196742763
"PLXND1",-0.0488804909306425,0.503032870336404,0.718080095268875
"FAM86B1",-0.0488839900799118,0.503002266273589,0.718080095268875
"DCT",-0.0488927379530852,0.502925760386673,0.718080095268875
"RAB33B",-0.0489189815726052,0.502696279332316,0.717873964888387
"CCDC169",-0.0489294790204132,0.502604502287922,0.717852683139281
"FAM50A",-0.0489347277443172,0.502558617061398,0.717842044530683
"C8orf89",-0.0489347277443172,0.502558617061398,0.717842044530683
"MAP3K6",-0.0489504739160292,0.502420974566099,0.717831986400494
"PIAS2",-0.0489942132818958,0.502038738092002,0.717560340077961
"PAQR8",-0.0490082098789732,0.501916454665431,0.717473532899471
"STX1B",-0.0490257056253198,0.501763622373811,0.717309967196363
"PPIC",-0.0490764432897252,0.501320546951643,0.717005861147869
"SP100",-0.0491079356331492,0.501045638052283,0.71671124528514
"DCSTAMP",-0.0491324296780345,0.500831874813819,0.71658132950455
"POLH",-0.0491376784019385,0.500786074644768,0.71658132950455
"NOS3",-0.0491569237229199,0.500618159534965,0.716495114374665
"GSG1",-0.0491604228721892,0.500587632696686,0.716495114374665
"CELSR1",-0.0491691707453625,0.500511319884535,0.716495114374665
"R3HCC1L",-0.0491884160663439,0.500343453240463,0.716321527996848
"MFSD3",-0.0491884160663439,0.500343453240463,0.716321527996848
"FRG2",-0.0491971639395172,0.5002671600139,0.716321527996848
"ZC3H10",-0.0492846426712505,0.499504564544537,0.71561424113484
"SPHK1",-0.0493458777834639,0.498971112282917,0.715014539476387
"ADAMTS14",-0.0493826188507919,0.498651185136819,0.714775465009995
"NTN4",-0.0493966154478692,0.498529336590398,0.71465565629124
"CCDC8",-0.0493966154478692,0.498529336590398,0.71465565629124
"LRCH1",-0.0494018641717732,0.498483647434751,0.71465565629124
"STX12",-0.0494053633210426,0.498453189224806,0.71465565629124
"IFNA5",-0.0494158607688506,0.498361820485723,0.71465565629124
"ENTHD1",-0.0494630992839866,0.49795077053176,0.714374603660405
"KHDC3L",-0.0494893429035066,0.497722486803945,0.714200488693242
"CD163",-0.0495260839708346,0.497402982452089,0.713917775920321
"SLC16A13",-0.0495925678069519,0.496825107259079,0.713362474296191
"MCM3AP",-0.0495995661054906,0.496764298946754,0.713330005161432
"GMPPB",-0.0496223105757413,0.496566699112943,0.713210223418111
"C7orf77",-0.0496555524937999,0.496277974152275,0.713180012716828
"BCL6B",-0.0496870448372239,0.496004527200052,0.713071425067581
"OR6C70",-0.0497272850538213,0.495655238851121,0.712723840528452
"LRRC47",-0.0497482799494373,0.495473053174175,0.712615260923799
"UGDH",-0.0497675252704186,0.495306080802763,0.712496061393545
"OR4C15",-0.0497902697406693,0.495108788260876,0.712376866684139
"RPS28",-0.0498007671884773,0.495017744213604,0.712300746662552
"METTL11B",-0.0498252612333626,0.494805342616811,0.712049975243609
"VPS8",-0.049907491241192,0.494092633657206,0.711747295909773
"SLFN12L",-0.049986222099752,0.493410763604731,0.711358609007408
"SPAG6",-0.0500002186968293,0.493289594615693,0.711238822592656
"PROCR",-0.0500404589134267,0.492941321852357,0.710901322541669
"TNFRSF11A",-0.0500474572119653,0.49288076602079,0.710890718546437
"NAAA",-0.050054455510504,0.492820214143968,0.710890718546437
"MAPKAPK3",-0.050070201682216,0.492683986882191,0.710859559565189
"INSM1",-0.0500841982792933,0.492562912794498,0.710859559565189
"TFCP2",-0.050138435092968,0.492093900200316,0.710557111500008
"TRABD2A",-0.0501454333915067,0.492033399762202,0.710524686767098
"SCAMP2",-0.0501874231827387,0.491670480280779,0.710275208054133
"PHKG1",-0.0501926719066427,0.491625125369752,0.710275208054133
"SPDYC",-0.0502154163768934,0.491428613169401,0.710200478182445
"CSTF2T",-0.0502364112725094,0.491247254434341,0.710070114776112
"ETF1",-0.0502469087203174,0.491156588440571,0.710070114776112
"AGA",-0.0503746276686481,0.490054200053103,0.709037204849066
"CDNF",-0.0503816259671867,0.489993833391022,0.709004790610578
"TCERG1L",-0.0503956225642641,0.489873111973692,0.70892870445684
"WDR1",-0.0504078695867067,0.489767493758147,0.70892870445684
"PDE7B",-0.0504393619301307,0.489495959892152,0.70869056116436
"KRTAP13-1",-0.0504446106540347,0.489450712065521,0.70869056116436
"CCDC74A",-0.0504603568257467,0.489314981989868,0.708626442590165
"CYP2B6",-0.0504831012959974,0.489118962938002,0.7084742770275
"FUZ",-0.0505005970423441,0.488968207607992,0.708365790805897
"FCMR",-0.0505058457662481,0.48892298585187,0.708365790805897
"ASB7",-0.0505215919379601,0.488787333996366,0.708356657850247
"POLR2C",-0.0505408372589414,0.488621564610418,0.708171375187348
"FAM53C",-0.0505653313038268,0.488410628874675,0.708074177265609
"TERB2",-0.0506108202443281,0.488019020325743,0.707682523767651
"RNF166",-0.0506860519536188,0.487371728943438,0.707128217040681
"RBMS2",-0.0506878015282534,0.487356681128664,0.707128217040681
"RPL27",-0.0507210434463121,0.487070819934422,0.706954967911697
"MAGEA11",-0.0507717811107175,0.486634678749144,0.706739507786349
"SPATA6",-0.0507752802599868,0.486604607766486,0.706739507786349
"CABP4",-0.0507752802599868,0.486604607766486,0.706739507786349
"SLC25A34",-0.0507805289838908,0.486559503160568,0.706739507786349
"MORN1",-0.0508260179243921,0.486168690495125,0.706557242958786
"NCAPD3",-0.0508522615439121,0.485943298275111,0.706482721359643
"POLR3K",-0.0508750060141628,0.485748003718093,0.706308760311359
"HNRNPA2B1",-0.0508925017605095,0.485597805808259,0.706244012089385
"EIF5B",-0.0509519872980881,0.485087319474286,0.705567817640324
"OR1F1",-0.0510044745371282,0.484637129896498,0.705077746977252
"GNB1L",-0.0510149719849362,0.484547118940482,0.705056641475063
"OR5H2",-0.0510167215595708,0.48453211798836,0.705056641475063
"BIVM",-0.0510394660298215,0.484337128334391,0.704970790177935
"ZNF415",-0.0510412156044562,0.484322130878366,0.704970790177935
"VEPH1",-0.0510587113508028,0.48417217005534,0.704895497969561
"MYBPC3",-0.0510832053956882,0.48396226687032,0.704875175579273
"TNFRSF13B",-0.0511356926347282,0.483512639254931,0.704539443764148
"H2AX",-0.0511391917839975,0.483482672079059,0.704539443764148
"OVCA2",-0.0511776824259602,0.483153099153035,0.704202201357701
"TEN1",-0.0511776824259602,0.483153099153035,0.704202201357701
"ALPL",-0.0512039260454802,0.482928459739787,0.704127715988779
"PDGFRB",-0.0512301696650002,0.482703876613997,0.703965141312119
"SLC24A1",-0.0512441662620775,0.482584121967364,0.703965141312119
"CD4",-0.0512896552025789,0.482195029995893,0.703607655301453
"TCP10L",-0.0513036517996562,0.48207534343769,0.703487975780771
"IGF2",-0.0513421424416189,0.481746288047158,0.703282551048912
"C3orf84",-0.0513543894640615,0.481641614029663,0.703206538450578
"IGHA1",-0.0513893809567549,0.481342613060445,0.702913022246999
"NODAL",-0.0514401186211602,0.480909239738638,0.702664759924801
"RP2",-0.0514488664943336,0.480834541511943,0.702610585813086
"IHH",-0.0514506160689682,0.48081960261893,0.702610585813086
"GRM1",-0.0514716109645842,0.480640355465259,0.702480410710296
"IL31",-0.0514751101138536,0.480610484451169,0.702480410710296
"PRDM13",-0.0516010794875496,0.479535796468919,0.701316408367543
"CFLAR",-0.0516623145997629,0.479013848894977,0.700882375584659
"TRAF1",-0.0517445446075923,0.478313432175742,0.699967219817753
"SLC35F6",-0.0517830352495549,0.477985768412469,0.699706331891093
"FOXB2",-0.0517952822719976,0.477881537296527,0.699706331891093
"ANPEP",-0.0518320233393256,0.477568917936115,0.699480598492266
"DAP",-0.0518442703617683,0.477464736150019,0.699382855869627
"SLC12A3",-0.0518582669588456,0.477345686357183,0.699350512805321
"PMVK",-0.0518810114290963,0.477152264814426,0.699199348581736
"KLF6",-0.0518845105783656,0.477122511431483,0.699199348581736
"SDF2L1",-0.051888009727635,0.477092759055966,0.699199348581736
"TPM1",-0.0518967576008083,0.477018382524882,0.699167737563546
"CR1L",-0.051898507175443,0.477003507974307,0.699167737563546
"ST8SIA6",-0.0519072550486163,0.476929138999874,0.699167737563546
"GABRQ",-0.0519125037725203,0.476884520638122,0.699167737563546
"SLC17A5",-0.0519387473920403,0.476661462841498,0.699028620339837
"EPB41L4A",-0.0519439961159443,0.476616858085406,0.699018096560629
"CCR4",-0.051950994414483,0.476557388605324,0.698985768443653
"CDC42EP3",-0.051992984205715,0.476200656412586,0.698736915396092
"IL6",-0.0519999825042536,0.476141215164298,0.698704591373335
"TEKT1",-0.0520104799520617,0.476052060856082,0.698628656965911
"LRRC75B",-0.052034973996947,0.475844069441338,0.698400099867817
"GAS2L1",-0.0520892108106217,0.475383692965013,0.698086637035272
"CARD18",-0.052155694646739,0.474819691359172,0.697532648141579
"SETMAR",-0.0521644425199123,0.474745507761888,0.697532648141579
"SVIL",-0.052197684437971,0.474463667674832,0.69740337726933
"BORCS8",-0.0522589195501844,0.473944727310192,0.697091554070682
"CPO",-0.0522676674233577,0.473870618244478,0.697070547127746
"SIK3",-0.0522694169979924,0.47385579718967,0.697070547127746
"BEND4",-0.0522729161472617,0.473826155838422,0.697070547127746
"PLK4",-0.0522834135950697,0.47373723785193,0.697070547127746
"OXSR1",-0.0523009093414164,0.473589061433957,0.696985761334955
"ABCG4",-0.0523044084906857,0.473559429184591,0.696985761334955
"FAM81A",-0.0523061580653204,0.473544613439214,0.696985761334955
"ITGB5",-0.0523254033863017,0.473381656930814,0.696955130062269
"HADH",-0.0523481478565524,0.473189111422639,0.696781506341497
"DTD2",-0.052360394878995,0.473085450779858,0.696683794256792
"CFAP53",-0.0523936367970537,0.472804148674588,0.696544157185976
"ADAM10",-0.0524111325434004,0.472656131630502,0.696490062985274
"C14orf28",-0.052444374461459,0.47237496898662,0.696296363125028
"UGT2A1",-0.0524531223346324,0.472300994008368,0.696296363125028
"CLCN5",-0.0524723676556137,0.472138271340898,0.696265839715865
"FUBP3",-0.0524758668048831,0.472108688693738,0.696265839715865
"C1QTNF7",-0.0525003608497684,0.471901638532924,0.696093120704595
"IPO13",-0.0525231053200191,0.471709422130042,0.695941328726613
"NINJ2",-0.0525475993649044,0.471502467741514,0.695834064602174
"UBR7",-0.0526928140595818,0.470276544515328,0.694683599253996
"CALHM4",-0.0527138089551978,0.470099447209643,0.694531862675998
"PROP1",-0.0527383030000831,0.469892879886159,0.694477797892533
"WNT10A",-0.0527995381122964,0.469376679321159,0.694231075631094
"TTC5",-0.0528240321571818,0.469170286222132,0.694147529548011
"SLC9A9",-0.0528362791796244,0.469067108348293,0.694147529548011
"G2E3",-0.0528572740752405,0.468890260964612,0.694118144719015
"SLC16A12",-0.0528817681201258,0.468683985277846,0.693977809327602
"GALNT13",-0.0529744955757631,0.467903535951536,0.693316918234758
"SENP8",-0.0529814938743018,0.467844663115351,0.693284688434681
"STARD5",-0.0529867425982058,0.467800511160094,0.693284688434681
"CASP8AP2",-0.0529884921728405,0.467785794350627,0.693284688434681
"PGM3",-0.0529919913221098,0.467756361495144,0.693284688434681
"IGDCC3",-0.0530007391952831,0.467682783810095,0.693284688434681
"CHRNB1",-0.0530794700538432,0.467020871030038,0.692723515793581
"FAM126A",-0.0530794700538432,0.467020871030038,0.692723515793581
"PSG5",-0.0531284581436138,0.466609274461592,0.692376559621766
"NECTIN1",-0.0531319572928832,0.466579882349817,0.692376559621766
"RNF217",-0.0531634496363072,0.466315399214114,0.692105463402771
"STRA6",-0.0531721975094805,0.466241946331346,0.692105463402771
"OR10H2",-0.0532089385768085,0.465933513818828,0.691978595120755
"ANKRD23",-0.0532351821963285,0.465713273726429,0.69177293407419
"OR14J1",-0.0532404309202325,0.465669232593866,0.691762534833204
"PHF7",-0.0532561770919445,0.465537122969953,0.691708521958623
"OTULIN",-0.0533016660324459,0.465155589025154,0.691604631847287
"ZXDB",-0.0533051651817152,0.465126247404922,0.691604631847287
"RILP",-0.0533086643309845,0.465096906805529,0.691604631847287
"ZNF687",-0.0533191617787925,0.465008891132698,0.691551684248629
"TSPAN18",-0.0533436558236779,0.464803556964721,0.691301364169238
"IFT52",-0.0534643764734699,0.463792284103039,0.69012705743832
"NFE2L2",-0.0534783730705472,0.463675113766593,0.690007683243417
"PMM2",-0.0534976183915285,0.463514031264835,0.689932896142668
"SERINC5",-0.0534976183915285,0.463514031264835,0.689932896142668
"RTCA",-0.0535081158393366,0.463426181119656,0.689932896142668
"OR10H4",-0.0535308603095872,0.463235870714743,0.689782338726737
"POMZP3",-0.0535623526530112,0.462972435348137,0.689566409008837
"OXNAD1",-0.0536113407427819,0.462562811738225,0.689121176772742
"ATP4A",-0.0536498313847446,0.462241105357615,0.688696839541988
"ILDR1",-0.0536988194745153,0.461831840070009,0.688471539363625
"KLC3",-0.0537198143701313,0.461656502119334,0.688471539363625
"XAB2",-0.0537268126686699,0.461598064332048,0.688452759101207
"CA2",-0.0537827990569793,0.461130709602573,0.687975485903311
"HTR1D",-0.0538125418257686,0.460882534136748,0.687770052539985
"KRTAP4-1",-0.0538265384228459,0.460765771316087,0.687760673361512
"SESTD1",-0.0538405350199233,0.460649024903818,0.687750289799985
"DUSP23",-0.0538527820423659,0.460546885254652,0.687653791894458
"RAB34",-0.0538632794901739,0.460459346985018,0.687578057431215
"GLTP",-0.05393676162483,0.459846837658539,0.686993003768568
"RPL29",-0.0539455094980033,0.45977395002939,0.68693906325991
"OR4C5",-0.053947259072638,0.459759373273476,0.68693906325991
"APOA2",-0.053957756520446,0.459671918127736,0.686896522879949
"TOB1",-0.053973502692158,0.459540752734676,0.686799026169808
"TINAGL1",-0.0539927480131393,0.459380467714391,0.686757522283038
"ANGPTL7",-0.054010243759486,0.459234781017983,0.686757522283038
"ZSCAN5A",-0.0540399865282753,0.458987172568607,0.686587459742996
"CCDC102A",-0.0540487344014486,0.458914360680077,0.686533530924473
"C1QTNF1",-0.0540539831253526,0.458870676629378,0.686533530924473
"EIF4G1",-0.0541484601556247,0.458084759158656,0.685786850665094
"TMEM239",-0.054188700372222,0.45775024414926,0.685646880442398
"OR2S2",-0.0541956986707607,0.457692081512099,0.685646880442398
"NUGGC",-0.0541956986707607,0.457692081512099,0.685646880442398
"FAM78A",-0.0542166935663767,0.457517618291965,0.685542284918224
"CYP26B1",-0.0542971739995713,0.456849185826306,0.684760465047519
"ZNF574",-0.0543059218727447,0.456776562936866,0.684706564684879
"BARX2",-0.054325167193726,0.456616815234624,0.684576996172581
"HROB",-0.05435665953715,0.456355477106122,0.684404953861233
"RAPGEF6",-0.0543601586864194,0.456326444686681,0.684404953861233
"MADCAM1",-0.0544003989030167,0.455992645915516,0.684135496073118
"SPACA5B",-0.0544476374181527,0.455600969090359,0.683755108220378
"OR7A10",-0.0544791297615767,0.455339955585129,0.683705500121231
"CYP4F22",-0.0545403648737901,0.454832668456615,0.683108557788158
"RIPK1",-0.0545456135976941,0.454789201402683,0.683098208572986
"OR51F2",-0.0545578606201367,0.454687787305081,0.683000813617766
"CASQ2",-0.0545858538142914,0.454456031122108,0.682817444669066
"MTDH",-0.0546418402026007,0.453992716938772,0.682439327196511
"PLD1",-0.0546453393518701,0.45396376857813,0.682439327196511
"ATL3",-0.0546645846728514,0.453804571053603,0.682277746658919
"LECT2",-0.0546680838221207,0.453775629405568,0.682277746658919
"SYNGR4",-0.0546698333967554,0.453761158968856,0.682277746658919
"TMEM199",-0.0546820804191981,0.453659873141924,0.682224961011239
"CDH24",-0.0546855795684674,0.453630936658285,0.682224961011239
"TNFSF9",-0.0546943274416407,0.453558599968489,0.682224961011239
"OR6K2",-0.0547328180836034,0.453240395242994,0.682033488160354
"PTGFRN",-0.0547975523450861,0.45270551475039,0.681558097015581
"COX4I2",-0.0548220463899714,0.452503219803626,0.681363390554908
"SPANXN3",-0.0548325438377794,0.452416537480494,0.681287796644551
"GBX1",-0.0548622866065688,0.452170988114456,0.681082778774544
"SMCP",-0.0548640361812034,0.452156546361452,0.681082778774544
"KISS1R",-0.0548885302260888,0.451954388975932,0.68098653780799
"GPR87",-0.0548937789499928,0.451911076131898,0.68098653780799
"PAN3",-0.0549445166143981,0.451492505348486,0.680839861148055
"EEF1AKMT1",-0.0549865064056301,0.451146266525569,0.680472272139519
"KIR2DS2",-0.0549900055548995,0.451117420020342,0.680472272139519
"ZNF69",-0.0549970038534381,0.451059730116489,0.680451657484293
"IVNS1ABP",-0.0550372440700355,0.450728093563493,0.680006290927522
"ENTPD8",-0.0550932304583448,0.45026691409645,0.679716615627304
"NRAP",-0.0551597142944622,0.449719608085175,0.679362889314788
"SLC5A12",-0.0552017040856942,0.449374133986892,0.67911566000479
"LCN1",-0.0552261981305795,0.449172676405118,0.678976034361957
"GC",-0.0552681879218115,0.448827438828331,0.678726520330553
"PSMD1",-0.0552769357949848,0.44875553314201,0.678726520330553
"RGS19",-0.0552839340935235,0.448698013263444,0.678726520330553
"CAPN14",-0.0553224247354862,0.448381728150826,0.678516091505207
"SPOPL",-0.0553469187803715,0.448180521214641,0.678409743410977
"RASL11B",-0.0553556666535448,0.448108673925822,0.678409743410977
"LINS1",-0.0553731623998915,0.447964998821157,0.678380168960298
"GBX2",-0.0553819102730649,0.447893171006202,0.678359651424202
"ARHGAP6",-0.0553836598476995,0.447878806222259,0.678359651424202
"C17orf75",-0.0554081538925849,0.447677726516191,0.678198346886469
"USP44",-0.0554256496389315,0.447534129323007,0.678090816099016
"RALY",-0.0554641402808942,0.447218306944161,0.677887273799947
"CCDC110",-0.0554886343257795,0.447017394547554,0.677702989602044
"CXCL12",-0.0555113787960302,0.446830878649299,0.677574982920941
"TEX49",-0.0555148779452995,0.446802187794771,0.677574982920941
"TAS2R39",-0.0555796122067822,0.446271594574433,0.677253758676969
"ABL1",-0.0556023566770329,0.446085254448602,0.677104048446203
"PTTG1",-0.0556058558263022,0.446056590638734,0.677104048446203
"DYSF",-0.0556093549755716,0.446027927869427,0.677104048446203
"PRMT9",-0.0556111045502062,0.446013596874991,0.677104048446203
"SYPL1",-0.0556128541248409,0.445999266140707,0.677104048446203
"ANXA9",-0.0556163532741102,0.445970605452602,0.677104048446203
"CRX",-0.0556303498711876,0.445855973106902,0.677086205378476
"KCNJ2",-0.0556513447668036,0.445684055811596,0.676880168035892
"MAST2",-0.0556530943414382,0.445669731061739,0.676880168035892
"PPARGC1A",-0.0557108303043822,0.445197160329027,0.676382456268938
"CCR2",-0.0557213277521902,0.4451112688349,0.676340253580717
"DUSP29",-0.0558053073346543,0.444424474385946,0.675559998404939
"PGLYRP1",-0.0558193039317316,0.444310066994606,0.675559998404939
"SCRT2",-0.0558560449990596,0.444009826939227,0.675546030787536
"RNF212B",-0.0558892869171183,0.443738280216656,0.67535295585741
"C4orf46",-0.0559207792605423,0.443481112241034,0.675236691033226
"MOB1A",-0.0559312767083503,0.443395408356692,0.675161243087613
"C11orf42",-0.0559557707532356,0.443195469138061,0.675132021339513
"TNXB",-0.0559767656488516,0.443024133354925,0.675024635095383
"PAXX",-0.0559890126712943,0.442924204829352,0.675024635095383
"VHLL",-0.0560292528878916,0.442595958262425,0.674824240061152
"ZNF608",-0.056053746932777,0.442396223595381,0.674740046702111
"NUAK2",-0.0560572460820463,0.442367694247742,0.674740046702111
"HENMT1",-0.056079990552297,0.442182278940174,0.674600766436563
"PTPRH",-0.0561867146050117,0.441312842644637,0.673582759826025
"PAQR7",-0.0561937129035503,0.441255864387413,0.673550839664841
"KCNA5",-0.0562339531201477,0.440928320548795,0.673160902032967
"IZUMO4",-0.0562357026947823,0.440914082648574,0.673160902032967
"LKAAEAR1",-0.0562462001425903,0.440828660736385,0.673160902032967
"TPP2",-0.0563091848294383,0.440316326908685,0.672721508618013
"RARG",-0.056363421643113,0.43987542214336,0.672102870322293
"CLEC14A",-0.0563914148372677,0.43964795675925,0.67194195685387
"CARD19",-0.056400162710441,0.43957688756435,0.671921587178899
"DUSP4",-0.056410660158249,0.439491613166549,0.671901225237268
"PGK2",-0.0565173842109637,0.438625191735681,0.671071031445529
"SHB",-0.0565488765543877,0.438369712588006,0.67075682324409
"ASPHD2",-0.0565786193231771,0.438128504665581,0.670574273220073
"EPOP",-0.0566031133680624,0.437929919708695,0.670391736104884
"ENDOD1",-0.0566223586890437,0.437773924707322,0.670207870959418
"TMEM191B",-0.0566241082636784,0.437759744916221,0.670207870959418
"FAM107B",-0.0566258578383131,0.437745565387244,0.670207870959418
"IGFLR1",-0.0566311065622171,0.437703028373092,0.670207870959418
"SLC12A6",-0.0566870929505264,0.437249447037037,0.669789261225698
"PTPRK",-0.0566958408236997,0.437178599208021,0.669789261225698
"HINFP",-0.0567623246598171,0.436640370003099,0.669240504733515
"WNT7B",-0.0568095631749531,0.43625817422077,0.668874284684927
"FBXO43",-0.0568393059437424,0.43601763059261,0.668725077518895
"NME4",-0.0568498033915504,0.435932750955115,0.668649807558946
"AFF1",-0.0568568016900891,0.435876169781031,0.668617934031255
"MYO5B",-0.0568655495632624,0.435805449221068,0.668617934031255
"PPP2R3A",-0.0568690487125318,0.4357771628351,0.668617934031255
"FAM229B",-0.0569040402052251,0.435494356748105,0.668251795795548
"CLCNKB",-0.0569180368023024,0.4353812637285,0.66817653929901
"OR6F1",-0.0569495291457264,0.435126865902778,0.667929091622679
"DDX10",-0.0569827710637851,0.434858427215537,0.667659979174397
"KRTAP22-2",-0.0570195121311131,0.434561842198949,0.667478983872652
"LRRC15",-0.0570510044745371,0.434307718733964,0.667198400516205
"BPNT1",-0.0570719993701531,0.434138350415125,0.667047950008464
"ANKRD37",-0.0570859959672305,0.434025459238931,0.666984240660436
"BCL7C",-0.0570929942657691,0.43396901996236,0.666952387822337
"MPDZ",-0.0570964934150385,0.433940801902046,0.666952387822337
"IER3",-0.0571052412882118,0.433870261353884,0.66691037045639
"FAM91A1",-0.0571087404374811,0.433842046975736,0.66691037045639
"BRD9",-0.0571227370345585,0.43372919998445,0.66691037045639
"CASP4",-0.0571454815048091,0.433545859530923,0.666740980945284
"FAT3",-0.0571507302287131,0.433503556509483,0.666740980945284
"HCN3",-0.0571769738482331,0.433292076922926,0.666570249473853
"PF4V1",-0.0571874712960411,0.433207501666216,0.666570249473853
"MROH9",-0.0572539551321585,0.432672078412424,0.666275044230742
"PM20D1",-0.0572906961994865,0.43237634971199,0.665929466206591
"DMKN",-0.0572976944980252,0.432320033602709,0.665897645159933
"NIPA1",-0.0572976944980252,0.432320033602709,0.665897645159933
"ZNF394",-0.0572994440726598,0.432305955233807,0.665897645159933
"C2orf81",-0.0573221885429105,0.432122960406237,0.665897645159933
"KRTAP20-3",-0.0573326859907185,0.432038516269274,0.665848434547364
"AGO2",-0.0573536808863345,0.431869656446879,0.665698060729771
"KCNK17",-0.0573711766326812,0.43172896890987,0.665591070113978
"ALDH16A1",-0.0573816740804892,0.431644569035617,0.665515889648245
"PRSS27",-0.0574149159985479,0.431377365356902,0.665213745801792
"CA5A",-0.0574166655731825,0.431363304641021,0.665213745801792
"PSMD4",-0.0574219142970865,0.431321124074903,0.665213745801792
"PIDD1",-0.0574726519614919,0.430913500922905,0.664827802002163
"SFR1",-0.0574796502600305,0.43085729444139,0.664827802002163
"APOBR",-0.0574883981332039,0.430787042272726,0.664797455088863
"H1-4",-0.0575181409019932,0.430548234216064,0.664733868627386
"C20orf202",-0.0575811255888412,0.430042774689643,0.66421793812286
"FRYL",-0.0575811255888412,0.430042774689643,0.66421793812286
"SMIM19",-0.0576511085742279,0.429481554095968,0.663770068213862
"OR14K1",-0.0576563572981319,0.42943947957718,0.663759970254358
"LILRB2",-0.0576738530444786,0.429299248342494,0.663696425321073
"CCRL2",-0.0576895992161906,0.429173062806897,0.663644473444459
"ZNF425",-0.0576930983654599,0.429145024481467,0.663644473444459
"GSTT4",-0.0576948479400946,0.429131005714867,0.663644473444459
"NRL",-0.0577630813508466,0.428584479830654,0.663096988262555
"RCC1L",-0.0578015719928092,0.428276360444879,0.662795083525087
"RFC4",-0.0578505600825799,0.42788439349127,0.662364716797183
"N6AMT1",-0.0578558088064839,0.42784240932322,0.662364716797183
"EBF4",-0.0578908002991773,0.427562575676996,0.662284039424697
"LITAF",-0.0579957747772573,0.426723709453043,0.661313749709155
"OLR1",-0.0580500115909319,0.42629066842287,0.660993386101174
"PLAT",-0.0580657577626439,0.426164994475431,0.660886609384966
"POTEE",-0.0581112467031453,0.425802056863519,0.660598040703031
"TRAPPC10",-0.0581304920241266,0.425648560220164,0.660546164963379
"TUBB3",-0.0581462381958386,0.42552299589266,0.660546164963379
"ZNF595",-0.05816548351682,0.425369557516632,0.660475711355223
"SELENOW",-0.0581847288378013,0.42521615119325,0.660402231990448
"OVOL1",-0.058228468203668,0.424867619683406,0.6601323156898
"PEX12",-0.0582302177783026,0.424853681867772,0.6601323156898
"MAGEA9B",-0.0582564613978227,0.424644646435924,0.660106856311812
"OR52D1",-0.0582949520397853,0.424338169015247,0.659915102111438
"POU4F1",-0.0583036999129587,0.424268532950349,0.659915102111438
"PDE3A",-0.0583036999129587,0.424268532950349,0.659915102111438
"DNASE1L3",-0.0583316931071133,0.424045742086858,0.659915102111438
"COIL",-0.0584051752417693,0.423461239091122,0.659321559088436
"CPB1",-0.0584244205627507,0.423308232300524,0.659159938250755
"SHCBP1",-0.0584366675851933,0.423210881058833,0.659096598953866
"CRYBB3",-0.05850665057058,0.422654837715267,0.658505193056672
"C3orf52",-0.0585084001452147,0.422640942073123,0.658505193056672
"PPP4C",-0.0585241463169267,0.422515893240652,0.658505193056672
"ZNF318",-0.0585363933393694,0.422418647905708,0.658505193056672
"NEK4",-0.058543391637908,0.422363084984347,0.658505193056672
"ROBO2",-0.0585468907871774,0.422335305116868,0.658505193056672
"TNFAIP3",-0.0585731344066974,0.422126989968923,0.658451821987772
"TRIM55",-0.0585766335559667,0.422099219130596,0.658451821987772
"CUL5",-0.0585923797276787,0.421974263505212,0.658323560706986
"FOXD4L5",-0.0586308703696414,0.421668907000651,0.658055385005103
"SOHLH2",-0.0586606131384307,0.42143303777328,0.658028878308985
"ANXA2",-0.0586711105862387,0.421349808145321,0.657953931180771
"FLNC",-0.0587445927208947,0.420767468657872,0.657417679436936
"TAF1D",-0.0587585893179721,0.420656600017894,0.657417679436936
"PAQR4",-0.0587795842135881,0.420490328965347,0.657381331303935
"NCF4",-0.0588110765570121,0.420240994188028,0.657156560952493
"SNRPB",-0.0588215740048201,0.42015790174513,0.657156560952493
"TMEM30B",-0.0588705620945908,0.419770263634925,0.656750393201463
"BNIP1",-0.0588775603931294,0.419714903789336,0.656750393201463
"FAM47C",-0.0588828091170334,0.419673386699033,0.656750393201463
"SLC51B",-0.0589003048633801,0.419535013694582,0.656657384827356
"WWP2",-0.0589055535872841,0.419493506982509,0.656647450876317
"CFAP94",-0.0589335467814388,0.419272178305264,0.65635601022876
"PIWIL2",-0.0589615399755934,0.419050917769223,0.656346073099486
"OR6P1",-0.0589702878487668,0.418981787827814,0.656346073099486
"KHSRP",-0.0589790357219401,0.418912664542306,0.656343366022828
"METTL21C",-0.0589790357219401,0.418912664542306,0.656343366022828
"ALG8",-0.0590052793414601,0.41870533462472,0.656183672858208
"CSTF2",-0.0590612657297694,0.418263231064496,0.655600847953044
"APOL1",-0.0590927580731935,0.418014667678113,0.655287878931217
"VAT1",-0.0591050050956361,0.417918027450957,0.655287878931217
"FUS",-0.0591190016927135,0.41780759746428,0.655271640094297
"CYB5RL",-0.0591504940361375,0.417559192351597,0.654958693890661
"FGF18",-0.0592082299990815,0.417104007271134,0.654639490774323
"SPI1",-0.0592082299990815,0.417104007271134,0.654639490774323
"NCBP2AS2",-0.0592239761707935,0.416979916272003,0.654578205959143
"ZNF653",-0.0592274753200628,0.416952343427411,0.654578205959143
"EPM2A",-0.0592344736186015,0.416897200938023,0.654558396361372
"PRPF38B",-0.0592484702156788,0.41678692875905,0.654495306609267
"BMP6",-0.0592624668127561,0.416676673647663,0.654420476645995
"PHTF1",-0.0592694651112948,0.416621552492758,0.654420476645995
"GHRH",-0.0593114549025268,0.41629091518551,0.654321589968404
"FCHSD2",-0.0593814378879135,0.415740194504644,0.653676029008986
"TLE4",-0.0594006832088948,0.415588821172762,0.65362474136367
"DNAH10",-0.0594041823581642,0.415561302218646,0.65362474136367
"GPR174",-0.0594356747015882,0.415313679680948,0.653555635466918
"CXCR2",-0.0594776644928202,0.414983650855725,0.653091317382785
"ZNF347",-0.0595021585377055,0.414791205071479,0.653063610345216
"FRAT2",-0.0595074072616095,0.414749973499402,0.653063610345216
"KCNS3",-0.0595301517318602,0.414571331131742,0.652882551666786
"PRKCQ",-0.0596368757845749,0.413733689169029,0.651838230042246
"H2BU1",-0.0596456236577482,0.413665074085861,0.65182835491174
"AQP2",-0.0596631194040949,0.41352786396742,0.651700499418346
"ORMDL1",-0.0596928621728842,0.413294668119209,0.651519540794049
"INAVA",-0.0597278536655775,0.413020418991595,0.651263875809441
"MAGT1",-0.0598853153826976,0.411787621987871,0.649878532599356
"CASR",-0.0598958128305056,0.411705512587393,0.649878532599356
"OSTM1",-0.0599220564500256,0.411500281247327,0.649744610464582
"ZCCHC18",-0.0599290547485643,0.41144556306302,0.649713142450745
"CARD16",-0.0599535487934496,0.411254083153271,0.649465690594495
"BMP1",-0.0599570479427189,0.411226733164581,0.649465690594495
"EXOC3L4",-0.0599622966666229,0.411185710189857,0.649465690594495
"CD300LF",-0.0600025368832203,0.410871280788973,0.649188665056937
"DIP2C-AS1",-0.0600112847563936,0.410802945319239,0.649188665056937
"THOC6",-0.0600322796520096,0.410638967513732,0.648988182896374
"OR3A3",-0.0600427770998176,0.410556993076571,0.648913541189747
"AADAC",-0.0600445266744523,0.41054333160802,0.648913541189747
"YIPF4",-0.0600637719954336,0.410393073136256,0.648883967539518
"MOB2",-0.0600952643388576,0.410147265569242,0.648616877920383
"CARD11",-0.0601442524286283,0.409765070827697,0.648210440689317
"SNX4",-0.0601914909437643,0.409396724927038,0.647847249172798
"SLC35A1",-0.060214235414015,0.409219442905874,0.647829431495324
"AAMDC",-0.060229981585727,0.409096735746043,0.647701817293413
"EXOSC2",-0.060271971376959,0.408769622857294,0.647458356075212
"CDK7",-0.0602912166979403,0.408619747750874,0.647385681115993
"C7orf57",-0.0603646988325963,0.408047795957541,0.646918560042702
"DNHD1",-0.060408438198463,0.407707573214602,0.646653642238293
"EMILIN3",-0.060497666504831,0.407014039097908,0.645827883958584
"KRTAP7-1",-0.060502915228735,0.406973264724192,0.645818055228908
"ZC3H8",-0.060613138430719,0.406117561350548,0.644831982208233
"UNC93B1",-0.0606376324756044,0.405927549870941,0.6447612622376
"SERPINC1",-0.060655128221951,0.405791859637381,0.644710231440896
"TMEM45B",-0.060697118013183,0.405466312749434,0.644302633958005
"ZNF10",-0.0607111146102604,0.405357831531655,0.644261432517523
"ANKRD39",-0.0607216120580684,0.405276481910923,0.644220237992034
"SGCD",-0.0607618522746657,0.404964731376931,0.643855827818362
"MCM4",-0.0608248369615137,0.404477059650013,0.643211526753609
"OR2AJ1",-0.0608528301556684,0.40426042857128,0.642988227218296
"ARFGEF3",-0.0608860720737271,0.404003268632665,0.642798180693786
"BBX",-0.0609805491039991,0.403272923506735,0.641886236174288
"KRTDAP",-0.0609822986786338,0.403259406000192,0.641886236174288
"ZNF100",-0.0610435337908471,0.402786462917427,0.641396925597039
"CD3G",-0.0610995201791564,0.402354346539662,0.640927421141561
"ARHGAP17",-0.0611572561421004,0.401909015472086,0.640557498972237
"MRM3",-0.0612219904035831,0.401410053878077,0.640199331018529
"FAM166A",-0.0612289887021218,0.40135613418759,0.640168004277687
"MUC20",-0.0612604810455458,0.401113548961404,0.640054395113055
"GORAB",-0.0612884742397005,0.40089799098887,0.639819764117941
"ELAC1",-0.0612937229636045,0.400857581554334,0.639809947278757
"KRT76",-0.0613444606280098,0.400467082160265,0.639459920179986
"SALL4",-0.0613567076504525,0.400372857671611,0.639364129104318
"C2orf78",-0.0613847008446071,0.400157537049332,0.639129578545569
"BAG4",-0.0613864504192418,0.400144081803636,0.639129578545569
"TMED4",-0.0614074453148578,0.39998263990049,0.639014181589526
"RCE1",-0.0614249410612045,0.399848134662312,0.63890860394878
"AGPAT4",-0.0614511846807245,0.39964642740324,0.638640941061256
"CD8A",-0.0614704300017058,0.399498547340135,0.638459256385792
"CDRT15L2",-0.0614756787256098,0.39945822208189,0.638459256385792
"E2F1",-0.0615316651139192,0.399028237162005,0.638089849921878
"OTUD3",-0.0615614078827085,0.398799920121262,0.63794323838841
"JAK1",-0.0615631574573432,0.398786492137295,0.63794323838841
"TFAM",-0.0615894010768632,0.398585104783404,0.637818131859726
"SNX22",-0.0615911506514978,0.398571681120291,0.637818131859726
"OTOP3",-0.0616208934202872,0.398343520170388,0.63770283733715
"HIPK4",-0.0616663823607885,0.397994719125746,0.637419550158
"PDF",-0.0616733806593272,0.397941073635846,0.637419550158
"WEE1",-0.0616751302339619,0.397927662938817,0.637419550158
"TTC4",-0.0616786293832312,0.397900842355308,0.637419550158
"CA1",-0.0616873772564045,0.397833795624853,0.637419550158
"ASNSD1",-0.0616926259803085,0.397793570828947,0.637419550158
"PRMT1",-0.0616996242788472,0.397739941550626,0.637419550158
"TSSK4",-0.0617066225773859,0.397686316595738,0.637419550158
"KRT80",-0.0617416140700792,0.397418256677901,0.63726138591195
"NOC3L",-0.0617696072642339,0.397203886580262,0.636972332626907
"SAPCD2",-0.0617696072642339,0.397203886580262,0.636972332626907
"PRR19",-0.0617853534359459,0.397083333809094,0.636972332626907
"OAS3",-0.0617888525852152,0.397056547277914,0.636972332626907
"SAMSN1",-0.0619323177052579,0.395959230723236,0.635631304193499
"DDX18",-0.0619655596233166,0.395705233961543,0.635387408603368
"SMOC2",-0.0619725579218552,0.395651773404159,0.635356192613592
"HAUS1",-0.0619813057950286,0.395584953795163,0.635303516818167
"MAPKAPK5",-0.0619918032428366,0.39550477919341,0.635229382199529
"FOXP4",-0.0620057998399139,0.395397894877504,0.635166960668524
"TPSD1",-0.0620127981384526,0.395344459214055,0.635166960668524
"MMP26",-0.0620442904818766,0.395104052312575,0.634968013164929
"USP6",-0.0620460400565113,0.395090698944716,0.634968013164929
"PSG2",-0.0620985272955513,0.394690223774866,0.634466742917834
"BORCS5",-0.0620985272955513,0.394690223774866,0.634466742917834
"ECI2",-0.0621002768701859,0.394676878798432,0.634466742917834
"UCP2",-0.0621405170867833,0.394370019065341,0.634224961341971
"LDLRAP1",-0.0621457658106873,0.394330004442485,0.634215222439533
"CCDC71L",-0.0621720094302073,0.394129967885118,0.633948090622897
"PTPN6",-0.0621825068780153,0.394049970323163,0.633895455543079
"C4orf47",-0.0621930043258233,0.393969982511054,0.633854530787082
"TDG",-0.0622244966692473,0.393730077578494,0.633632307527442
"EEF1AKMT4",-0.0622297453931513,0.393690101955483,0.633632307527442
"CCDC134",-0.0622507402887673,0.393530223843916,0.633474440657557
"RPLP1",-0.0622857317814606,0.39326384701886,0.633263977144699
"PDZD7",-0.0623084762517113,0.393090760201745,0.633246532709042
"EMC8",-0.062357464341482,0.392718113377922,0.632930918661208
"MON1B",-0.062362713065386,0.392678199535275,0.632921209503823
"SV2C",-0.062388956684906,0.392478666915143,0.632654201908097
"ZNF117",-0.0624186994536953,0.392252603680768,0.632506148696164
"SLC2A6",-0.0624501917971193,0.392013328012034,0.632340724991601
"VBP1",-0.062493931162986,0.391681146444479,0.631914054163536
"ANXA1",-0.062520174782506,0.391481918865149,0.631701772656431
"P3H4",-0.06257791074545,0.391043833024902,0.631158467338438
"PHC2",-0.0625866586186234,0.390977482155236,0.631105916744269
"CD14",-0.0626181509620473,0.390738675190115,0.630829486328716
"ITGAX",-0.0626181509620473,0.390738675190115,0.630829486328716
"RSPH6A",-0.0626443945815674,0.390539736547019,0.630726402607414
"NKX2-8",-0.0626758869249914,0.390301090779251,0.630450023472868
"SLC5A9",-0.0627913588508794,0.38942680879097,0.629492777785186
"ZNF319",-0.06284034694065,0.389056258626713,0.629146652187418
"BMP4",-0.0628683401348047,0.388844611284121,0.628913307382198
"CDCP1",-0.0628893350304207,0.388685921414876,0.628765549445147
"C11orf52",-0.0628893350304207,0.388685921414876,0.628765549445147
"PPP2R2D",-0.0628910846050554,0.388672699024978,0.628765549445147
"GGA1",-0.0628980829035941,0.388619812182228,0.628765549445147
"TMEM186",-0.0629470709933647,0.388249726007528,0.628549920502478
"ZSCAN9",-0.0630223027026554,0.387681794219507,0.62795508525214
"GOLGA6L6",-0.0630660420685221,0.387351832368007,0.627683124581686
"OXSM",-0.0631657678226981,0.38660015478921,0.62691191202946
"TENT2",-0.0632095071885648,0.386270750416296,0.626486542316522
"GJA10",-0.0632514969797968,0.385954682181469,0.626137043469521
"H2BC18",-0.0633232295398181,0.385415094860488,0.625914114053432
"SNRPC",-0.0633232295398181,0.385415094860488,0.625914114053432
"LDHAL6A",-0.0633967116744741,0.384862821274039,0.625397898730875
"SLC26A1",-0.0635034357271888,0.384061564966686,0.624748174141436
"FANCL",-0.0635139331749968,0.383982807610835,0.624728888835261
"TMEM104",-0.0635296793467088,0.383864689963157,0.624666902208417
"TAL2",-0.0635559229662288,0.383667876250059,0.62454294925879
"TINAG",-0.0635926640335568,0.383392440031886,0.624312251289171
"MAFK",-0.0635961631828262,0.38336621427765,0.624312251289171
"EMC2",-0.0636084102052688,0.383274432720861,0.624271651385496
"PAH",-0.0636119093545382,0.38324821187128,0.624271651385496
"SMIM4",-0.0636259059516155,0.383143339372755,0.624178733960709
"KRT8",-0.0636521495711355,0.382946750446124,0.624021770467832
"CHCHD2",-0.0636958889370022,0.382619238505526,0.623923591926063
"PPARG",-0.0637518753253115,0.38220027181997,0.623458142764412
"EIF3F",-0.0637676214970235,0.382082487739364,0.623396255412469
"PMP22",-0.0637956146911782,0.381873148350796,0.623381455450297
"CCDC68",-0.0637991138404475,0.381846985835452,0.623381455450297
"SLC24A4",-0.0638043625643515,0.381807744107628,0.623381455450297
"PHB2",-0.0638585993780262,0.38140238997398,0.622994154714163
"TMEM262",-0.0638760951243729,0.381271686488053,0.622922755388932
"KRTAP19-3",-0.0638900917214502,0.381167143338874,0.622860930002346
"SSX2",-0.0639723217292796,0.380553304946223,0.622293452690277
"ERCC4",-0.0639793200278182,0.380501091211325,0.622262555119326
"NUFIP1",-0.0639968157741649,0.380370575975994,0.622158072948648
"FCF1",-0.0640213098190502,0.380187900493967,0.622074943974221
"SOAT2",-0.0640370559907622,0.380070494502881,0.622048598311787
"SMIM23",-0.0640388055653969,0.380057450757439,0.622048598311787
"CLRN1",-0.0640493030132049,0.379979194016645,0.622048598311787
"MTMR14",-0.0640720474834556,0.379809671455176,0.621894215684453
"HEXA",-0.0640755466327249,0.379783595155656,0.621894215684453
"RAP1B",-0.0640807953566289,0.379744482753732,0.621894215684453
"PLA2G3",-0.0641297834463996,0.379379552151414,0.621647293898619
"NCBP3",-0.0641997664317863,0.378858594058106,0.621032945365408
"LCE3D",-0.0642067647303249,0.378806522280333,0.621032945365408
"RNF138",-0.0642365074991143,0.378585265977075,0.620964064962308
"EDAR",-0.0642749981410769,0.378299051470725,0.620726856902763
"KBTBD8",-0.0643729743206183,0.377571102130149,0.619856838482862
"FCN3",-0.064416713686485,0.377246401424949,0.619598433999855
"C1orf112",-0.0644289607089276,0.377155515838689,0.619503642374966
"PINLYP",-0.0644517051791783,0.376986763855579,0.619280921960313
"MINPP1",-0.0644674513508903,0.376869962621916,0.619280921960313
"MAP2K7",-0.0644814479479676,0.376766157892547,0.619245337041381
"TCP10L2",-0.064537434336277,0.376351113952501,0.618781002216473
"NPFFR1",-0.064568926679701,0.376117774782131,0.618506257095279
"RPS5",-0.0645759249782397,0.376065933665668,0.6184754647006
"HASPIN",-0.064595170299221,0.375923393157889,0.618295490146785
"LTA4H",-0.0646704020085117,0.375366506908656,0.617488318772664
"SLC29A3",-0.0646756507324157,0.375327673254568,0.617488318772664
"NHLH2",-0.064820865427093,0.374254252047756,0.616581899368727
"ALPG",-0.064852357770517,0.374021710681231,0.616361904939792
"NCOA4",-0.0648646047929597,0.373931301879758,0.616321683338307
"RAB1B",-0.0649118433080957,0.373582707876279,0.616018952171762
"BARD1",-0.0649328382037117,0.373427841275572,0.615926729988748
"MFSD13A",-0.0649345877783464,0.373414937505308,0.615926729988748
"OR1S2",-0.0649380869276157,0.373389130786248,0.615926729988748
"FBXO48",-0.0649450852261544,0.373337520634045,0.615926729988748
"SRP54",-0.0649695792710397,0.373156919604841,0.615860607152705
"TMEM40",-0.0650395622564264,0.372641212442469,0.615390156828681
"PDE7A",-0.0650693050252157,0.372422169606376,0.615191618571438
"ACOT11",-0.0651357888613331,0.371932830729253,0.614600738515266
"OTOP2",-0.0651445367345064,0.371868473488794,0.614548766558421
"SLC22A31",-0.0651812778018344,0.371598247887332,0.614307790898694
"CCL26",-0.0652005231228158,0.371456749375316,0.614194444562496
"WDR38",-0.0652040222720851,0.371431025935926,0.614194444562496
"PCF11",-0.0652040222720851,0.371431025935926,0.614194444562496
"SLC7A3",-0.0653212437726078,0.370569924305587,0.613237973262782
"NCF2",-0.0653282420711464,0.37051855418107,0.613237973262782
"P2RX7",-0.0653299916457811,0.370505712335387,0.613237973262782
"FERMT3",-0.0653334907950505,0.370480029466568,0.613237973262782
"CNP",-0.0653439882428584,0.370402987440594,0.613212143731987
"KCNJ12",-0.0653544856906664,0.370325955285606,0.613212143731987
"H2AC13",-0.0653684822877438,0.370223261101066,0.613212143731987
"DIPK2B",-0.0653719814370131,0.370197590297057,0.613212143731987
"SLC13A1",-0.0653912267579945,0.370056420481981,0.613191331573798
"ASPRV1",-0.0654279678253225,0.36978700661631,0.612898663078294
"RSL24D1",-0.0654349661238611,0.369735703402481,0.612868021367244
"ARHGEF40",-0.0654367156984958,0.369722878284705,0.612868021367244
"SPDYE2",-0.0654454635716691,0.369658756809991,0.612849262510732
"SLC27A2",-0.0654682080419198,0.369492073067358,0.612766732319371
"AIMP1",-0.0654734567658238,0.369453614171442,0.612766732319371
"FOXQ1",-0.0654769559150931,0.369427976279034,0.612766732319371
"RPL13",-0.0655154465570558,0.369146031883268,0.612651852079615
"CENPK",-0.0655434397512105,0.368941064813327,0.612408616276519
"SCARB1",-0.0655434397512105,0.368941064813327,0.612408616276519
"GFM2",-0.0655959269902505,0.36855694087622,0.612000482600186
"FOS",-0.0656029252887892,0.368505743010507,0.61196987875371
"ABT1",-0.0656431655053865,0.368211440492855,0.611644299799392
"ADORA2A",-0.0656764074234452,0.367968430528052,0.611434366940934
"CNDP2",-0.0657183972146772,0.367661612206557,0.611002693501483
"WTIP",-0.0657761331776212,0.367239995202479,0.610410657743102
"COLEC10",-0.0657813819015252,0.367201681209705,0.610401299356694
"SLC2A1",-0.0657901297746985,0.367137830046513,0.610349484951814
"XCL1",-0.0658006272225065,0.367061217711767,0.610330778310626
"IRF1",-0.0658058759464105,0.367022915251293,0.610330778310626
"STK38",-0.0658356187151999,0.366805914656897,0.610123553805861
"CPAMD8",-0.0658951042527785,0.366372151567042,0.609619235804176
"KRTAP2-3",-0.0658968538274132,0.366359398635463,0.609619235804176
"UTP3",-0.0659003529766825,0.366333893596305,0.609619235804176
"C6orf223",-0.0659056017005865,0.366295638097591,0.609619235804176
"IL13",-0.0659091008498559,0.366270135805147,0.609619235804176
"C10orf82",-0.0659300957454719,0.366117145123704,0.609619235804176
"IL1RAPL1",-0.0659545897903572,0.36593870598977,0.609547114914808
"VIPR2",-0.0660105761786666,0.36553104730777,0.609087958558165
"RBPMS",-0.0660455676713599,0.365276403503362,0.608977737411998
"DEFB105A",-0.0660613138430719,0.365161849650474,0.608977737411998
"LPXN",-0.0660875574625919,0.364970976026874,0.608915307153645
"ARHGAP31",-0.0661015540596692,0.364869202044212,0.608799894342688
"FANCE",-0.0661470430001706,0.364538558080239,0.608465645786625
"GPR17",-0.0661732866196906,0.364347886467762,0.608310488795988
"MMP9",-0.0662100276870186,0.364081050119622,0.608028050794426
"SPINK6",-0.0662940072694826,0.363471593752529,0.607281757463073
"SCD",-0.0663045047172906,0.363395456251028,0.607208870085371
"IL1R1",-0.0663657398295039,0.362951518142243,0.606844485721035
"CRYBB1",-0.066402480896832,0.36268531699681,0.606673621158301
"CHAT",-0.0664094791953706,0.362634625769763,0.606643162923333
"ZNF274",-0.066418227068544,0.362571267925121,0.606591507638588
"FLRT1",-0.0664322236656213,0.362469909677942,0.606530600586439
"TDO2",-0.066528450270528,0.361773548359978,0.605820775523424
"PKLR",-0.0665721896363946,0.361457295638952,0.605541483077957
"ODAPH",-0.0665826870842026,0.361381420578439,0.60552300473021
"EXOC2",-0.066638673472512,0.360976920920341,0.605192187751134
"HCFC2",-0.06664917092032,0.360901108611243,0.605152550226574
"GPRIN2",-0.066654419644224,0.360863206172607,0.605152550226574
"NFKBID",-0.06670165815936,0.360522195708526,0.60495170952852
"SAXO2",-0.066722653054976,0.360370699919258,0.604860536684826
"CHD1",-0.0667663924208427,0.360055211024164,0.604569517414992
"REG1B",-0.0667821385925547,0.359941677147905,0.604466393527046
"MEN1",-0.0667926360403627,0.359866000287821,0.60439365300138
"KIF13B",-0.0668101317867093,0.359739894216534,0.60439365300138
"TYMP",-0.066811881361344,0.359727285123928,0.60439365300138
"CRYGD",-0.06683287625696,0.359575997492106,0.60439365300138
"ZNF581",-0.066853871152576,0.359424749516155,0.604359108847007
"SLC16A6",-0.066927353287232,0.358895693921569,0.604143409428882
"STPG3",-0.066927353287232,0.358895693921569,0.604143409428882
"CGREF1",-0.06693785073504,0.358820154214345,0.604143409428882
"B3GAT1",-0.0669518473321174,0.35871945003068,0.604097786183316
"DGKA",-0.066953596906752,0.358706863247336,0.604097786183316
"WDR83",-0.0670148320189654,0.358266499387689,0.603552691914529
"ICOS",-0.0670218303175041,0.358216193578778,0.603522384418336
"ARTN",-0.0670393260638507,0.358090448343201,0.603364959694841
"RPL34",-0.0670813158550827,0.357788772198016,0.603074287867341
"CELA2A",-0.0671215560716801,0.357499814833873,0.60296816958705
"DEPDC4",-0.0671355526687574,0.357399342097129,0.602907606630474
"LPCAT1",-0.0671547979897387,0.357261220884481,0.602792593820224
"IL21R",-0.0672020365048747,0.356922337482867,0.602644248958267
"MRC1",-0.0672037860795094,0.356909790104668,0.602644248958267
"LCN6",-0.0672265305497601,0.356746699272377,0.60255651081377
"OR4A16",-0.0672772682141654,0.35638304914409,0.602172245165568
"HSPB3",-0.0672860160873388,0.356320374279512,0.602120820669939
"OR4D6",-0.0673140092814934,0.356119861031575,0.601912084623985
"OR14C36",-0.0673175084307628,0.356094801838463,0.601912084623985
"LYPLA1",-0.0673175084307628,0.356094801838463,0.601912084623985
"CEP250",-0.0673227571546668,0.356057215116724,0.601912084623985
"LDLRAD2",-0.0673280058785708,0.356019630876525,0.601912084623985
"SLAMF8",-0.0673350041771094,0.35596952241649,0.601912084623985
"TBX5",-0.0673367537517441,0.355956995990816,0.601912084623985
"OTOF",-0.0673437520502828,0.355906893045492,0.601912084623985
"DNMBP",-0.0673559990727254,0.355819223507238,0.601912084623985
"GIMAP2",-0.0674102358864001,0.35543113511648,0.601488934345358
"ZNF439",-0.0674329803566508,0.355268467244373,0.601310486627391
"LCMT2",-0.0674662222747095,0.35503080573654,0.601029308188508
"CYP4F3",-0.0674679718493441,0.35501829999427,0.601029308188508
"LIMD1",-0.0675082120659415,0.354730744051261,0.600630224469751
"TMEM141",-0.0675117112152108,0.354705746082658,0.600630224469751
"VWDE",-0.0675152103644801,0.354680749217457,0.600630224469751
"ZNF749",-0.0675624488796161,0.354343399537221,0.600137601320136
"KRTAP23-1",-0.0675781950513281,0.354230994335756,0.600001637059185
"C6",-0.0675851933498668,0.354181043641606,0.600001637059185
"APBA3",-0.0675869429245015,0.35416855665781,0.600001637059185
"SLC48A1",-0.0675921916484055,0.354131097361815,0.600001637059185
"GSTA3",-0.0676726720816002,0.353557032449168,0.599512542039283
"KLK3",-0.0676796703801388,0.353507141354831,0.599482372826917
"HLA-DOA",-0.0676849191040428,0.353469725931623,0.599473356474663
"SSRP1",-0.0677094131489282,0.353295153463061,0.599273997236776
"FOXB1",-0.0677164114474668,0.353245285549888,0.599273997236776
"OR10S1",-0.0677216601713708,0.353207887512793,0.599273997236776
"GPR84",-0.0677251593206402,0.353182956867976,0.599273997236776
"FBLN2",-0.0677374063430828,0.353095708304712,0.599273997236776
"CROCC2",-0.0677496533655255,0.353008473265097,0.599273997236776
"PVALEF",-0.0677531525147948,0.352983551452052,0.599273997236776
"RUBCN",-0.0677741474104108,0.352834043758302,0.599273997236776
"ST13",-0.0678126380523735,0.3525600495509,0.598909540241278
"IL32",-0.0678721235899522,0.352136866750906,0.598483983091525
"EIF4E1B",-0.0678983672094722,0.351950269911963,0.598363517603625
"PGM1",-0.0679018663587415,0.351925395026907,0.598363517603625
"BIRC8",-0.0679281099782615,0.351738868591442,0.598276421658813
"SEMA4C",-0.0679561031724162,0.351539975535357,0.598110489734007
"ATP8B1",-0.0680015921129175,0.351216925085649,0.597933208103882
"DEFB130A",-0.0680610776504962,0.350794756175869,0.59754130484682
"VWA1",-0.0680785733968429,0.350670649608879,0.597481168917984
"ADAM28",-0.0681380589344216,0.350248893882936,0.596883688489616
"KEL",-0.0681678017032109,0.350038135764017,0.596633405451199
"VEGFD",-0.0681870470241922,0.34990180540557,0.59658549900666
"MRPS10",-0.0682167897929816,0.349691178783761,0.596532010866416
"BCL3",-0.0682377846885976,0.349542549240243,0.596441904943881
"MAP4K2",-0.0682500317110403,0.349455867046278,0.596402976602055
"SCFD2",-0.0682622787334829,0.349369198390796,0.596364057137968
"SPATA16",-0.0682762753305602,0.349270165076982,0.596249506670723
"LMF2",-0.0683077676739843,0.349047404778269,0.596087173705098
"GLUD2",-0.0683375104427736,0.348837102259142,0.595988265287696
"HLA-DOB",-0.0683427591666776,0.34879999834008,0.595988265287696
"KIF4B",-0.0683812498086403,0.348527978930786,0.595875082393534
"IGHG1",-0.0684057438535256,0.348354945314518,0.595830841532553
"TGM1",-0.0684249891745069,0.348219028332673,0.59565291932048
"PIEZO2",-0.0684337370476803,0.348157258941995,0.595601810753933
"HOXA1",-0.0684494832193923,0.348046091451865,0.595575298145045
"PAM16",-0.0685317132272216,0.347465913879904,0.595018650983045
"GLP1R",-0.0685894491901656,0.347058920066861,0.594648843226486
"ZMAT5",-0.068603445787243,0.346960300241542,0.594588967453757
"NMRK2",-0.0686331885560323,0.346750791866905,0.594393555659139
"HNRNPF",-0.068634938130667,0.346738470333351,0.594393555659139
"GIMAP1",-0.068661181750187,0.34655368051101,0.594219292804226
"SCN11A",-0.0687014219667843,0.346270456955953,0.594006342804205
"FUBP1",-0.0687066706906883,0.346233525537877,0.593997549416258
"KCTD18",-0.0687434117580163,0.345975075301007,0.593826900682071
"SP2",-0.0687521596311897,0.345913557506393,0.593818120131165
"AGMAT",-0.0687591579297283,0.345864348248851,0.593800567006393
"POLG2",-0.068850135810731,0.345225030603864,0.593190151001858
"ST3GAL4",-0.0688833777287897,0.344991620341225,0.592901766954331
"ZNF280A",-0.0688938751765977,0.344917932584184,0.592871895741471
"IL1R2",-0.068907871773675,0.34481969773305,0.592824512092649
"NOTO",-0.068986602632235,0.344267456603322,0.592353494428661
"CDC42EP2",-0.068986602632235,0.344267456603322,0.592353494428661
"AGPAT3",-0.0690093471024857,0.344108024581933,0.59220065122486
"GPBP1L1",-0.0691073232820271,0.343421775079877,0.591573480877893
"FAM71C",-0.0691090728566617,0.343409528511069,0.591573480877893
"USP29",-0.0691108224312964,0.343397282219,0.591573480877893
"GOLGA4",-0.0691458139239897,0.343152414493899,0.59148264818533
"MARCHF3",-0.0691650592449711,0.34301778443147,0.591414341030478
"AKR7L",-0.0692087986108377,0.342711931562491,0.590996125010256
"FAM169B",-0.0692910286186671,0.342137396497917,0.59033241103059
"HEG1",-0.0693102739396484,0.342003019147604,0.590155075820074
"GNG14",-0.0693225209620911,0.341917523728558,0.590155075820074
"ZSCAN1",-0.0693487645816111,0.341734364937416,0.590018581822241
"EZH2",-0.0694187475669978,0.341246246033583,0.589393775170924
"B4GALT5",-0.0694519894850564,0.34101454474144,0.589211549411706
"EZHIP",-0.0694554886343258,0.340990160946393,0.589211549411706
"EGFLAM",-0.0694799826792111,0.340819505393532,0.588983536849228
"OR1C1",-0.0695097254480005,0.34061235375817,0.588734504283904
"PFN1",-0.0695569639631365,0.340283512709945,0.588275005403214
"LDB3",-0.0695622126870405,0.340246987277605,0.588275005403214
"ENDOU",-0.0695709605602138,0.340186117095836,0.588275005403214
"NKX1-2",-0.0695849571572911,0.340088739206081,0.588265008188643
"HOMER3",-0.0695919554558298,0.340040056907954,0.588235281846327
"PCDH11X",-0.0695937050304645,0.3400278870258,0.588235281846327
"MC4R",-0.0696024529036378,0.339967041769331,0.588217942568467
"FGF5",-0.0697231735534298,0.339128084338363,0.587310469501415
"SIDT2",-0.0697424188744112,0.338994459377912,0.587133499336167
"S1PR5",-0.0697511667475845,0.338933731839997,0.587133499336167
"KLF13",-0.0697704120685658,0.338800155634172,0.587035761097173
"OR56A4",-0.0697704120685658,0.338800155634172,0.587035761097173
"GPR68",-0.0697879078149125,0.338678751807314,0.587009817644507
"ANKRA2",-0.0698019044119898,0.338581648692045,0.586908378594081
"PAMR1",-0.0698526420763952,0.338229798531989,0.586407326158878
"LY75",-0.0698596403749338,0.33818128576079,0.586407326158878
"PARP12",-0.0698876335690885,0.33798727900591,0.586258978611905
"MSX1",-0.0699138771886085,0.337805462091952,0.586106912860396
"SLC39A4",-0.0700101037935152,0.337139333470345,0.585168605194439
"PPP1R15A",-0.0700555927340165,0.336824728100577,0.584823883449079
"FKBP1B",-0.0700923338013445,0.336570760528095,0.584562031398001
"SBK3",-0.0701168278462299,0.336401516713622,0.584452136162559
"H1-6",-0.0701570680628272,0.336123591234502,0.584111304540389
"RCC1",-0.0701605672120966,0.336099430730668,0.584111304540389
"GALC",-0.0701728142345392,0.336014877698163,0.584111304540389
"ESS2",-0.0702690408394459,0.335351005043283,0.583386797450051
"PLET1",-0.0703162793545819,0.335025410785601,0.583016639194175
"PALMD",-0.0703250272277552,0.334965137730335,0.582966071405436
"GGT1",-0.0704282521312006,0.334254439104101,0.58221748784818
"DCAF13",-0.0704772402209713,0.333917496097963,0.581847654144949
"C2orf92",-0.0704824889448753,0.333881407954792,0.581847654144949
"ACADL",-0.0704912368180486,0.333821266595104,0.581842834804494
"KRTAP12-4",-0.0705017342658566,0.3337491061138,0.581842834804494
"CCDC116",-0.0705052334151259,0.333725054838312,0.581842834804494
"CLEC18A",-0.0705157308629339,0.333652907666746,0.581842834804494
"SNRPD3",-0.0705699676766086,0.333280306308823,0.581496917098615
"SLC44A2",-0.0705857138483206,0.333172181635595,0.58140450055075
"PHLDA2",-0.0705909625722246,0.333136145069448,0.58140450055075
"NEK2",-0.070594461721494,0.333112122078584,0.58140450055075
"ZBTB46",-0.070599710445398,0.33307608967215,0.58140450055075
"RBM3",-0.0706014600200326,0.333064079424637,0.58140450055075
"PPP1R26",-0.0706032095946673,0.333052069454441,0.58140450055075
"KCNE3",-0.070610207893206,0.333004032346835,0.58140450055075
"KRTAP20-1",-0.0706382010873606,0.332811928287877,0.581331422811859
"LSM2",-0.0706451993858993,0.332763913366175,0.581301921805882
"MROH8",-0.070652197684438,0.332715902881755,0.581272423032709
"UBXN4",-0.0706644447068806,0.332631895211333,0.581180023853201
"HHLA3",-0.0706644447068806,0.332631895211333,0.581180023853201
"RWDD2B",-0.0706854396024966,0.33248791367844,0.581091547432019
"UNC93A",-0.0706854396024966,0.33248791367844,0.581091547432019
"PPY",-0.0707011857742086,0.332379953737564,0.581065994196645
"PERM1",-0.070730928542998,0.332176090698779,0.580981519937291
"ELP5",-0.070778167058134,0.331852472975721,0.580524239911443
"LLGL2",-0.0707921636552113,0.331756625074239,0.580465311025528
"BNIP5",-0.0708551483420593,0.331325529201066,0.580213229318762
"LYPD2",-0.070867395364502,0.331241746750186,0.580162324140155
"TSSK1B",-0.070888390260118,0.331098151314632,0.580019611101404
"SH3BP4",-0.070893638984022,0.331062258697224,0.580019611101404
"CRB3",-0.0709321296259847,0.330799122455974,0.579713278688915
"PNLIPRP3",-0.0710021126113713,0.330321036921565,0.579255932915225
"CSF2RB",-0.0710441024026034,0.330034398666302,0.578970733561135
"RPS9",-0.071077344320662,0.329807590049122,0.578735934582111
"CSH2",-0.0710843426192007,0.3297598536292,0.578706542602795
"NOXRED1",-0.0711158349626247,0.329545094675611,0.578438363549034
"MUCL3",-0.0711438281567794,0.329354273297226,0.578320835661809
"MARVELD2",-0.0711700717762994,0.329175442766219,0.578169902106829
"H4C15",-0.0712155607168007,0.328865617740452,0.577734387820589
"PRPF18",-0.0712155607168007,0.328865617740452,0.577734387820589
"REELD1",-0.0712418043363207,0.328686957859564,0.577583517593641
"CAPN5",-0.0713012898738994,0.328282226615683,0.577143826063683
"CXorf51A",-0.0713187856202461,0.328163249065087,0.577093559322429
"LAMTOR4",-0.0713555266875741,0.32791348653876,0.576821350155212
"ANKRD66",-0.0714692490388274,0.327141187731974,0.576059666423
"TSNARE1",-0.0714989918076168,0.326939395333655,0.575867221281838
"PLGRKT",-0.0715077396807901,0.326880059893418,0.575867221281838
"KRTAP2-1",-0.0715619764944648,0.326512335039478,0.575494938580342
"OR1J1",-0.0715689747930034,0.326464906100398,0.575465652320059
"GGT5",-0.0715899696886194,0.326322645929414,0.575323490548262
"PTPN22",-0.0715952184125234,0.326287087131936,0.575323490548262
"LIM2",-0.0716004671364274,0.326251530832583,0.575323490548262
"FSTL3",-0.0716144637335048,0.326156726247444,0.575248183907571
"WFDC10B",-0.0717509305550088,0.32523331255044,0.573944755286027
"KRTAP5-2",-0.0717789237491635,0.325044103105999,0.573719276968872
"KCNJ11",-0.0717981690701448,0.324914062837179,0.573598169727495
"ESYT1",-0.0718506563091848,0.324559578288897,0.573189095425384
"FAAP24",-0.0718629033316275,0.324476901178805,0.573151480792146
"BBIP1",-0.0718856478018782,0.324323394064989,0.572934516416737
"LRRC42",-0.0719258880184755,0.324051919492527,0.572725811341197
"HUS1B",-0.0720291129219209,0.323356199794244,0.571712618324084
"SPRR3",-0.0720536069668062,0.323191255639665,0.571475089029197
"LSM14A",-0.0720693531385182,0.323085248848537,0.571395843512809
"CTRC",-0.0721340874000009,0.322649679436665,0.570841740541792
"GPALPP1",-0.0721830754897715,0.32232031201365,0.570583331485017
"DUX1",-0.0722075695346569,0.322155709936721,0.57050825325035
"OR5K1",-0.0722180669824649,0.322085182849817,0.570479080965844
"COX19",-0.0722478097512542,0.321885410389144,0.570191778851148
"ZNF682",-0.0723037961395636,0.321509585811146,0.569904425266605
"ORC2",-0.0723107944381022,0.321462627732127,0.56987527627197
"PTRH1",-0.0723212918859102,0.321392198944206,0.569858606995347
"ELP2",-0.0723212918859102,0.321392198944206,0.569858606995347
"DTX2",-0.0723597825278729,0.321134045583443,0.569617193970593
"EIF4A1",-0.0723685304010462,0.321075393109269,0.569567253201816
"TAS2R7",-0.0724035218937396,0.320840852636301,0.569313421742096
"TAF7",-0.0724350142371636,0.320629861183292,0.569047162164702
"TP53I11",-0.0724840023269342,0.320301831096635,0.568901592621228
"CLDN19",-0.0725119955210889,0.320114483085428,0.568726986881987
"ZFHX4",-0.0725207433942623,0.320055951411665,0.568726986881987
"WDR97",-0.0725487365884169,0.319868696711167,0.568560748051562
"ARRDC1",-0.0725749802079369,0.31969320999789,0.568398601409701
"CCN5",-0.0725942255289183,0.319564559454899,0.56825727046343
"ACADS",-0.0726099717006303,0.319459324914358,0.568157542338877
"ASB18",-0.0726939512830943,0.318898453955011,0.567538357734304
"ELF4",-0.0726974504323636,0.318875098217955,0.567538357734304
"SH2D3C",-0.072706198305537,0.318816713735552,0.567521827398984
"CALB2",-0.072753436820673,0.318501557509712,0.56710221070182
"TACR3",-0.0728601608733876,0.317790283325903,0.566321691926962
"NUP37",-0.072863660022657,0.317766980358339,0.566321691926962
"KCNK9",-0.072900401089985,0.317522366273416,0.566006272074287
"CALHM3",-0.0729546379036597,0.317161493151969,0.565578921618082
"CWC15",-0.0729703840753717,0.317056773530248,0.565500172137419
"PRR29",-0.0729703840753717,0.317056773530248,0.565500172137419
"NDUFS6",-0.072984380672449,0.316963708308856,0.565483685812549
"ALPI",-0.0729913789709877,0.316917182364106,0.565467211028189
"ADAM18",-0.0730141234412383,0.316766003734894,0.565305483588426
"LMF1",-0.0730351183368543,0.316626495893432,0.565164526168951
"QKI",-0.0730771081280863,0.316347600198928,0.564774666027643
"KCNQ4",-0.0731068508968757,0.316150145878718,0.564476111322269
"ARRDC4",-0.0731295953671264,0.315999205560562,0.564368476910114
"ACSM6",-0.0731558389866464,0.315825101983542,0.564152934040695
"STK26",-0.0732153245242251,0.315430698580007,0.563730500160787
"SPRR2F",-0.0732223228227637,0.315384319289158,0.563701554889876
"PTPRE",-0.0732345698452064,0.315303166223864,0.563701554889876
"ZNF729",-0.0732678117632651,0.315082962224498,0.563486488796775
"GOLGA7",-0.0732940553827851,0.314909187790507,0.563337547047462
"S1PR3",-0.0733028032559584,0.314851276867179,0.563287905620408
"ITLN2",-0.0733150502784011,0.314770213240459,0.563217547870524
"STK32A",-0.0733150502784011,0.314770213240459,0.563217547870524
"SLC35A3",-0.0733202990023051,0.31473547585256,0.563217547870524
"LANCL1",-0.0733447930471904,0.314573401095912,0.563168408633747
"GID4",-0.0733692870920757,0.31441138078047,0.56293231209434
"DVL3",-0.0734042785847691,0.314180017625969,0.562667370758005
"ZNF660",-0.0734427692267317,0.313925646482139,0.562386126973662
"CPQ",-0.0734532666745397,0.313856295865869,0.562315827090462
"ALOXE3",-0.0734777607194251,0.313694516648013,0.56217524060848
"NOTCH2NLA",-0.0735162513613878,0.313440402156875,0.561948060927503
"HMGXB3",-0.0735424949809078,0.313267219355748,0.561853316881586
"PLAAT5",-0.0735564915779851,0.31317488074933,0.561849574723774
"OR5H15",-0.0735564915779851,0.31317488074933,0.561849574723774
"GAL3ST4",-0.0735669890257931,0.313105638460555,0.561849574723774
"FUOM",-0.0735757368989664,0.313047944191718,0.561849574723774
"TFDP1",-0.0735897334960438,0.312955647805241,0.561780053672691
"ADPRH",-0.0736912088248545,0.312287030640421,0.560957255385255
"FAM47A",-0.0737436960638945,0.311941560821182,0.560614411549955
"PPP1R15B",-0.0738626671390518,0.311159421392986,0.559793213942337
"POLR2G",-0.0738714150122251,0.311101961831756,0.559793213942337
"SOX4",-0.0738749141614945,0.311078979951561,0.559793213942337
"SPIN4",-0.0738906603332065,0.310975575239618,0.559786008980733
"CDC42BPB",-0.0738924099078411,0.31096408721596,0.559786008980733
"SZRD1",-0.0739361492737078,0.310676976894959,0.559572111147676
"HIC1",-0.0739378988483425,0.310665496092929,0.559572111147676
"LCE2C",-0.0740148801322678,0.310160615778872,0.559127380336507
"CAVIN3",-0.0740673673713078,0.309816687504384,0.558831027219613
"ALB",-0.0740743656698465,0.309770849288006,0.558802316362678
"EMC6",-0.0742055837674465,0.30891220554938,0.557725625873419
"APOBEC3D",-0.0742213299391585,0.308809273286974,0.557606302611188
"ALDH1B1",-0.0742213299391585,0.308809273286974,0.557606302611188
"TRAFD1",-0.0742300778123319,0.308752098417572,0.557606302611188
"TRIML2",-0.0742633197303905,0.308534897237746,0.557488171518203
"LATS2",-0.0742703180289292,0.308489183449391,0.557459505573374
"PDE1C",-0.0742983112230839,0.308306372733324,0.557344866631261
"SLC39A8",-0.0743123078201612,0.30821499403758,0.557233613615279
"ADAMTS15",-0.0743403010143159,0.308032289970306,0.557106371406439
"FCRL6",-0.0743857899548172,0.307735547500398,0.556851960577214
"KLHL42",-0.0744137831489719,0.307553030065262,0.556629556109975
"RRBP1",-0.0744260301714146,0.307473201044042,0.556592953639481
"IL25",-0.0744365276192226,0.307404786999822,0.556564335158183
"IKZF2",-0.0744382771938572,0.307393385631139,0.556564335158183
"ACOT6",-0.0745170080524172,0.306880611477663,0.556221108303265
"IL1F10",-0.0745257559255906,0.306823671286001,0.556171880514156
"LMOD3",-0.0745275055002252,0.306812284080802,0.556171880514156
"FAM162B",-0.0745362533733986,0.306755352220467,0.556171880514156
"OR10D3",-0.0746447270007479,0.306049973948419,0.555362350705467
"ACR",-0.0746622227470946,0.305936303231891,0.555263984369174
"FMO1",-0.0746744697695373,0.305856750253245,0.55522751435941
"APTX",-0.0746849672173453,0.305788572815925,0.555157712249461
"MDC1",-0.0746972142397879,0.305709045107426,0.555121256823168
"CRTC3",-0.0747514510534626,0.30535701452927,0.554792958728713
"SMARCC1",-0.0747532006280973,0.305345663147166,0.554792958728713
"TMCO3",-0.0747636980759053,0.305277560685914,0.554792958728713
"TEPSIN",-0.074770696374444,0.305232164598754,0.554792958728713
"OPN1SW",-0.07479169127006,0.305096002994757,0.554709204821854
"DMRTB1",-0.0748354306359266,0.304812461412963,0.55424764184096
"GJA5",-0.0748669229793506,0.304608418934195,0.553984500147535
"MELTF",-0.074880919576428,0.30451776226583,0.553927508335117
"MRPS18B",-0.0749404051140067,0.30413266967869,0.553658420793372
"CAPN9",-0.0749631495842573,0.30398551322089,0.553444476985118
"ZNF628",-0.075006888950124,0.303702651919007,0.553091245952158
"CIART",-0.0750208855472013,0.303612172952355,0.553034325763989
"NUP188",-0.075069873636972,0.303295636502502,0.55269395717942
"LEMD3",-0.0751153625774734,0.303001904702371,0.552407611501512
"SLC35G4",-0.0751346078984547,0.302877690054676,0.552342909819464
"GOLGA8J",-0.075153853219436,0.302753509000139,0.552170364656894
"RFNG",-0.0751993421599374,0.302460123681463,0.551763620433243
"VPS26C",-0.0752080900331107,0.302403724943468,0.551763620433243
"FAM174C",-0.0752133387570147,0.302369889032078,0.551763620433243
"PLRG1",-0.0752553285482467,0.30209929168789,0.55146186800538
"TMEM174",-0.0752675755706894,0.302020397583243,0.55142564720546
"ALAS2",-0.075311314936556,0.301738743965672,0.551126922474611
"OR10K1",-0.0754460321834254,0.300872340931429,0.549974732234058
"POPDC2",-0.0754582792058681,0.300793658628053,0.549938557859768
"NDUFA4L2",-0.0755597545346788,0.300142242752612,0.549123875945119
"ECE2",-0.0755650032585827,0.300108574224466,0.549123875945119
"METTL18",-0.0755859981541988,0.299973925091205,0.549123875945119
"WFDC13",-0.0756297375200654,0.299693534427267,0.548881668545851
"MYH14",-0.0756612298634894,0.299491760555777,0.548686297835952
"ZNF317",-0.0756717273112974,0.299424522580783,0.548657994878181
"SH3TC2",-0.0756717273112974,0.299424522580783,0.548657994878181
"TNFRSF10B",-0.0757224649757028,0.29909967987809,0.548344519623363
"PYDC2",-0.0758151924313401,0.298506604868589,0.547620770123064
"STK17B",-0.0758239403045135,0.298450694633545,0.547584750267816
"BTNL3",-0.0758484343493988,0.298294182881674,0.547405144885344
"ANKRD60",-0.0758519334986681,0.298271828499782,0.547405144885344
"PYGL",-0.0758764275435535,0.298115378904698,0.547345931618574
"NECTIN4",-0.0758974224391695,0.297981322538599,0.547174101624244
"LDHD",-0.0759149181855161,0.297869639422395,0.547130403414752
"ZSCAN20",-0.0759184173347855,0.297847306128809,0.547130403414752
"SEC14L4",-0.0759394122304015,0.297713329674594,0.547091817869007
"PIK3AP1",-0.0759586575513828,0.297590553024127,0.546973838035489
"GABRA6",-0.0759709045738255,0.297512439908353,0.546884087374843
"LRIT1",-0.0759814020216335,0.297445496629922,0.546814853337968
"DHX34",-0.0760023969172495,0.297311640037967,0.546622582137141
"CCNJ",-0.0760513850070202,0.296999463359887,0.546284235730117
"PATZ1",-0.0760566337309242,0.296966028759612,0.546284235730117
"HOXD4",-0.0760583833055588,0.296954884447723,0.546284235730117
"SHPRH",-0.0760671311787322,0.296899167049784,0.546284235730117
"SIX6",-0.0760846269250788,0.296787753061244,0.546197090675187
"IL27",-0.0761703560821775,0.296242225530088,0.54562325483234
"CLNK",-0.0761983492763322,0.29606423834447,0.545477304134195
"LRP10",-0.0762245928958522,0.295897439852831,0.545472370614102
"KMT2E",-0.0762473373661029,0.295752931645117,0.545259797769417
"ZNF616",-0.0762700818363535,0.295608470315256,0.545047269385697
"GNRH1",-0.0762805792841615,0.2955418116659,0.545031981304665
"S100A11",-0.0763750563144335,0.294942333155608,0.544215590545276
"TMEM134",-0.0763820546129722,0.294897959513328,0.544215590545276
"D2HGDH",-0.0764117973817616,0.294709421039437,0.543967518720928
"LILRA4",-0.0765132727105722,0.294066775321032,0.543116208059296
"GOSR1",-0.0765255197330149,0.293989277720197,0.543088122878628
"HSD17B1",-0.0765395163300922,0.293900725671698,0.543024332473747
"TBXT",-0.0765780069720549,0.293657299046097,0.542789362330256
"WTAP",-0.0765885044198629,0.293590933258732,0.542720406764336
"CLC",-0.0766199967632869,0.293391895789445,0.542567288421
"KATNAL2",-0.0766497395320763,0.293203998446371,0.542327213527229
"GDF1",-0.0766584874052496,0.293148749771608,0.542278729272439
"SLC12A4",-0.0767004771964816,0.292883652618601,0.541949380392845
"ASL",-0.0767109746442896,0.292817403283002,0.54188048193751
"AQP8",-0.0767197225174629,0.292762203127579,0.541872882501074
"BMS1",-0.0767372182638096,0.292651823609821,0.541842515885498
"PSKH2",-0.0767652114579643,0.292475274046358,0.541784191439176
"UPF2",-0.0767739593311376,0.292420116862321,0.54173575067163
"ARMS2",-0.0767897055028496,0.292320851396147,0.541700184361182
"GLMN",-0.076814199547735,0.292166483080916,0.541534461891543
"MARVELD3",-0.0768229474209083,0.292111364707375,0.541486039431756
"ATP1A4",-0.0768491910404283,0.291946051167701,0.541394543899114
"GUCY2D",-0.076856189338967,0.291901978090782,0.541366568304215
"ZNF736",-0.0769104261526416,0.291560562121221,0.541050382942237
"NTN3",-0.0769261723243536,0.291461491248821,0.541027792322178
"FAM83G",-0.076940168921431,0.291373447098932,0.540977283827383
"AQP6",-0.077013651056087,0.290911506331733,0.540334489532715
"MRGPRE",-0.077034645951703,0.290779613051677,0.540196961439681
"MANSC4",-0.077181610221015,0.289857477441011,0.53907371526472
"RPS7",-0.077192107668823,0.289791685428404,0.539058716838733
"NAT8",-0.0772043546912657,0.289714940687426,0.538969641625498
"BECN2",-0.077213102564439,0.289660131327532,0.538921360098922
"CFTR",-0.0772375966093244,0.289506701969975,0.538689565207855
"TMEM169",-0.0772515932064017,0.289419052432906,0.538580133841865
"LAMA5",-0.077255092355671,0.289397142819216,0.538580133841865
"OR2Z1",-0.077323325766423,0.288970126851251,0.538281078104325
"UBE2J2",-0.0773303240649617,0.288926354166894,0.538273611703095
"NLRP8",-0.077365315557655,0.288707557230609,0.538241824941995
"OR4D11",-0.0774650413118311,0.288084593848865,0.537328260733187
"EVI2B",-0.0776644928201831,0.28684136662028,0.535758512151251
"FLI1",-0.0776977347382417,0.286634511965286,0.535532827677439
"MRC2",-0.0777922117685138,0.286047154973502,0.534937385378001
"FADD",-0.0777974604924178,0.286014547700345,0.534937385378001
"MYLK2",-0.0778411998582844,0.28574291731503,0.534508686275592
"ARF6",-0.0778499477314578,0.285688611999701,0.534460634849886
"SLC38A1",-0.0778586956046311,0.285634313604729,0.534412586744331
"MAT1A",-0.0778691930524391,0.2855691646655,0.534344225958609
"OCA2",-0.0778814400748818,0.285493170164391,0.534255555710438
"AURKA",-0.0778919375226898,0.285428042815816,0.534187205895198
"NPC1L1",-0.077906842983051,0.285335584780431,0.534121216934883
"PECR",-0.0779584213588071,0.285015801002774,0.533683085976319
"WDR55",-0.0779846649783271,0.284853183988423,0.533432073013917
"SLC35E4",-0.0779969120007698,0.284777317358687,0.533343479642082
"PGAP2",-0.0780109085978471,0.284690629243945,0.533341578068002
"APOA5",-0.0780633958368872,0.28436570655401,0.532946707034892
"RPGR",-0.0780931386056765,0.284181694247201,0.532708754567974
"STARD6",-0.0781211317998312,0.284008579244179,0.532437685802479
"PPP1R17",-0.0781263805237352,0.283976128066966,0.532430294928086
"CAPN13",-0.0781543737178898,0.28380309717829,0.532286460579599
"CETN1",-0.0781858660613138,0.283608522091768,0.532168467656571
"NASP",-0.0782471011735272,0.283230438246536,0.531801685432417
"GPLD1",-0.0782575986213352,0.283165657900083,0.531801685432417
"LIME1",-0.0782698456437779,0.283090093415851,0.531801685432417
"GRHL2",-0.0783415782037992,0.282647773625201,0.53138009062052
"SLC25A15",-0.0783783192711272,0.282421399649438,0.53106142366622
"OR52J3",-0.0783835679950312,0.282389070466807,0.531054101302797
"OR1L4",-0.0784115611891859,0.282216690197391,0.530884674565421
"DNAI3",-0.0784255577862632,0.282130526612232,0.53080193873502
"CLDN9",-0.0784378048087059,0.282055147994038,0.530746795358857
"KLF4",-0.0784640484282259,0.281893668012791,0.530710296754726
"EGFL8",-0.0784937911970152,0.281710732583322,0.530419360996686
"GLRA2",-0.0785270331150739,0.281506369906584,0.53024273191603
"OR12D2",-0.0785375305628819,0.281441855062131,0.530180359606654
"SLC6A18",-0.0785427792867859,0.281409601372577,0.530173077295899
"SPAAR",-0.0786127622721726,0.280979789951198,0.529630455907204
"HHIPL2",-0.0786372563170579,0.280829460456769,0.529453967644923
"ZNF789",-0.0787124880263486,0.280368072922743,0.528978120406529
"DOCK5",-0.0787614761161193,0.280067909278929,0.528658608620708
"GLIPR2",-0.0788069650566206,0.279789379913849,0.5282930400638
"FCGR3A",-0.0788594522956606,0.279468232014518,0.527953540471691
"OR8A1",-0.0788979429376233,0.27923288161572,0.527615671494858
"OR4F6",-0.0789224369825086,0.279083182810101,0.527426576611651
"SIRPD",-0.0789661763483753,0.278815998205921,0.527147963402893
"ATF2",-0.0789714250722793,0.278783947657062,0.527140731643545
"CYP19A1",-0.0790606533786473,0.278239468725794,0.526451177692032
"HOXA9",-0.0791393842372073,0.277759642775969,0.525896095750608
"KCTD12",-0.079146382535746,0.2777170186469,0.525868705287388
"FAT2",-0.0791638782820927,0.277610477656082,0.525868705287388
"DDX59",-0.079193621050882,0.277429421350236,0.52569144350296
"DCAF17",-0.0792758510587113,0.276929269223412,0.525122452230323
"IGFBP7",-0.079277600633346,0.276918634315524,0.525122452230323
"MXD3",-0.0793598306411754,0.27641910506518,0.524634472174523
"VSIG10",-0.0794315632011967,0.275983843504268,0.524234566851679
"CXADR",-0.0794578068207167,0.275824717397014,0.524038903571376
"MESP2",-0.0794595563953514,0.275814111197846,0.524038903571376
"SUCLG2",-0.079471803417794,0.275739875531387,0.523984321878732
"MASP2",-0.079524290656834,0.275421875842284,0.523539842567989
"KIF12",-0.0795435359778154,0.275305338185326,0.523531462778653
"TTC12",-0.0797307404637247,0.274173486424831,0.522229886024492
"CD53",-0.0797377387622634,0.274131235451683,0.522229886024492
"OR5H14",-0.0797727302549568,0.273920046782543,0.522066618400936
"RHBDF1",-0.0798199687700928,0.273635117074843,0.521630034346205
"TFPI",-0.0799336911213461,0.27294999970921,0.520908869259065
"ARHGEF1",-0.0799599347408661,0.272792061134491,0.52073396788233
"TMEM161B",-0.0799949262335595,0.272581572857739,0.520631361698827
"SNX33",-0.0800544117711381,0.272223995842023,0.520254580120473
"ITPKC",-0.0800719075174848,0.272118886771196,0.520173216923117
"SLC16A8",-0.0800771562413888,0.272087359424484,0.520173216923117
"LTB",-0.0801068990101781,0.271908751312804,0.519984419364932
"PRRT1B",-0.0801296434804288,0.271772222379905,0.519923204720203
"RCSD1",-0.0801453896521408,0.271677729631735,0.519862016250234
"GMFG",-0.0801541375253142,0.271625243305428,0.519814842091626
"SCGB2A2",-0.0801821307194688,0.271457333354843,0.519599995668243
"DDIT3",-0.0802013760404502,0.271341936182235,0.519538855868303
"KIF26A",-0.0802136230628928,0.271268518976359,0.519471621251986
"MPIG6B",-0.0802153726375275,0.271258031906189,0.519471621251986
"PRCC",-0.0802696094512022,0.270933069383719,0.519288382985461
"GIMAP4",-0.0803920796756288,0.27020025682973,0.518415861573048
"PACSIN2",-0.0804270711683222,0.269991129695013,0.518121078728325
"OR4F17",-0.0804323198922262,0.269959770125639,0.518121078728325
"FZD2",-0.0804655618102849,0.269761217071907,0.517912788954844
"GP2",-0.0804848071312662,0.269646310737827,0.517871941715668
"C10orf105",-0.0804970541537089,0.269573205871781,0.517858098668739
"LRRC74B",-0.0805372943703062,0.26933309915643,0.517709444199824
"RTP4",-0.0805687867137302,0.26914529114121,0.51756213501747
"PDLIM5",-0.0805792841615382,0.269082708290178,0.51756213501747
"ECH1",-0.0806317714005782,0.268769942678566,0.517212514112818
"RPS2",-0.0806930065127916,0.268405362547143,0.516937047636428
"C21orf62",-0.0806982552366956,0.268374128508525,0.516930200497649
"OR5P2",-0.0807035039605996,0.268342896946639,0.516923356717425
"PRR32",-0.0807297475801196,0.268186776287045,0.516729210145142
"SOX8",-0.0807699877967169,0.267947511523684,0.516414836784481
"PRTN3",-0.0807769860952556,0.267905915118577,0.516401163252611
"MAP2K6",-0.0807787356698903,0.267895516705146,0.516401163252611
"MAMDC2",-0.0808207254611223,0.26764603732065,0.516273227948818
"OR5AK2",-0.0808434699313729,0.267510968818091,0.516172626681132
"OR8D4",-0.0808837101479703,0.267272115352745,0.51581833484839
"BTBD7",-0.0809012058943169,0.267168311405891,0.515744622734014
"CD84",-0.0809099537674903,0.267116419746843,0.515731030206973
"XG",-0.0809484444094529,0.266888178132295,0.515517103354525
"SECISBP2L",-0.0809764376036076,0.266722267835784,0.515396282886819
"LEUTX",-0.0810831616563223,0.266090380607497,0.514654509965369
"SLC12A9",-0.0810989078280343,0.265997237949633,0.514527645359643
"PI3",-0.081126901022189,0.265831705982435,0.514260714825768
"KRTAP5-10",-0.0811338993207276,0.265790333986158,0.5142339456672
"SPPL2C",-0.081179388261229,0.265521523208922,0.513980096128714
"DCST2",-0.081195134432941,0.265428516613555,0.513906590946999
"EPHX3",-0.0811968840075756,0.26541818392158,0.513906590946999
"HTR3C",-0.0812178789031917,0.265294213054306,0.513859647687432
"GLRA1",-0.081310606358829,0.264747148394954,0.513172573266649
"KLHL31",-0.081326352530541,0.264654327281879,0.513099160834255
"KANSL2",-0.081436575732525,0.264005202530364,0.51237256182657
"NEURL3",-0.0814400748817944,0.263984613249334,0.51237256182657
"OR51G2",-0.0814400748817944,0.263984613249334,0.51237256182657
"LILRA5",-0.081457570628141,0.263881683322727,0.512292548621127
"ATOH7",-0.0815013099940077,0.263624478654953,0.511899642686619
"OR5AP2",-0.0815607955315864,0.263274955725074,0.511573385142683
"CLK3",-0.081588788725741,0.263110584170491,0.511540003119725
"SYT8",-0.0817462504428611,0.262187303523569,0.510276165131947
"LRP2",-0.0817462504428611,0.262187303523569,0.510276165131947
"RPL18",-0.0818004872565358,0.261869799333327,0.509870764423397
"PRAM1",-0.0818792181150958,0.261409375302243,0.509292874310942
"ITIH3",-0.0818949642868078,0.26131735715476,0.509166714890172
"NR4A1",-0.0819631976975598,0.260918868567405,0.508708715874814
"TRIP10",-0.0820191840858691,0.26059221510218,0.508231016003375
"TAC3",-0.0820226832351384,0.260571808583365,0.508231016003375
"CLN3",-0.0820506764292931,0.260408595914031,0.508138223517964
"GK2",-0.0820629234517358,0.260337212441307,0.50805201458243
"TIRAP",-0.0820716713249091,0.260286232470986,0.50805201458243
"SELE",-0.0820821687727171,0.260225065553244,0.508045507450595
"MATN2",-0.0821014140936985,0.260112951835211,0.507919512787931
"CDCP2",-0.0821958911239705,0.259563056439087,0.507018056903711
"OTX1",-0.0822326321912985,0.259349424046824,0.506706752118264
"ZNHIT1",-0.0822361313405678,0.259329084407074,0.506706752118264
"MED11",-0.0822483783630105,0.259257904298995,0.506686963236503
"NOG",-0.0823236100723012,0.258820949587613,0.506150791046938
"OR2T35",-0.0823795964606105,0.258496102710728,0.506031908960125
"FFAR1",-0.0823813460352452,0.258485955765135,0.506031908960125
"DPF2",-0.0823953426323225,0.258404790059961,0.506031908960125
"GPAA1",-0.0823988417815918,0.258384501372383,0.506031908960125
"IFNLR1",-0.0824093392293998,0.258323641882377,0.506031908960125
"MTNR1A",-0.0824513290206318,0.258080302507483,0.5059208281337
"GAS1",-0.0825143137074799,0.257715589164749,0.505650326603346
"SMCHD1",-0.0825388077523652,0.257573852020137,0.505511691921824
"MIF4GD",-0.0826472813797146,0.256946803836366,0.504811540968649
"RHBDD1",-0.0826612779767919,0.256865971023019,0.504758930432019
"COL11A2",-0.0826875215963119,0.256714456699868,0.504553974298732
"TMEM198",-0.0827050173426586,0.256613481353238,0.504528200626705
"SGCG",-0.0827050173426586,0.256613481353238,0.504528200626705
"CAMK2N2",-0.0827225130890052,0.256512533366514,0.504489055723781
"ZNF430",-0.0827295113875439,0.256472161832252,0.504462779818761
"ITGA8",-0.0827452575592559,0.256381341884288,0.504390386709256
"MBTPS1",-0.0827959952236612,0.25608885055747,0.503921122432969
"MMP3",-0.0828047430968346,0.256038444268477,0.503921122432969
"PALM2AKAP2",-0.0828239884178159,0.255927574501337,0.503763003940448
"OR4C3",-0.0828397345895279,0.255836887488164,0.503690671592763
"CPZ",-0.0829709526871279,0.255082023728766,0.50273447395087
"CNGB3",-0.0829744518363973,0.255061915080266,0.50273447395087
"SF3B4",-0.0829831997095706,0.255011648242745,0.50273447395087
"FBLIM1",-0.0829989458812826,0.254921185156105,0.50273447395087
"TLE7",-0.083075927165208,0.254479239864345,0.502394744577855
"SPDYE5",-0.0831144178071706,0.254258465617426,0.502171225028665
"TP53TG3F",-0.0831371622774213,0.254128070268742,0.502105449913426
"PDE9A",-0.0832106444120773,0.253707108526456,0.501506557878926
"CBR3",-0.0832211418598853,0.253647010469774,0.501460635122113
"TMEM235",-0.0832403871808666,0.253536856236687,0.501460635122113
"GHRL",-0.083259632501848,0.253426735050286,0.501460635122113
"PREB",-0.08327537867356,0.253336660476439,0.501460635122113
"OR51B2",-0.0832771282481947,0.253326653555881,0.501460635122113
"MYOG",-0.0833208676140613,0.253076569288276,0.501161913691851
"ARMCX6",-0.083348860808216,0.252916604915047,0.50100450926956
"ADGRE5",-0.083359358256024,0.252856636294212,0.50100450926956
"NCR3",-0.083396099323352,0.252646823514934,0.500735654883254
"LPCAT3",-0.083516819973144,0.251958286149028,0.499868190243402
"HCST",-0.0835868029585307,0.251559728906019,0.499322935173644
"POP1",-0.0835973004063387,0.251499982966563,0.49925740666279
"ADAM21",-0.0836252936004934,0.251340708468788,0.499014026396878
"FGFR1OP2",-0.0837617604219974,0.250565245058751,0.498143125049738
"MAP3K14",-0.0837687587205361,0.250525522420262,0.498117178401023
"ID3",-0.0838702340493467,0.249950034257507,0.49755442507004
"RASSF7",-0.0838737331986161,0.249930206190586,0.49755442507004
"HDC",-0.0838842306464241,0.24987072852991,0.497543280802916
"PSMB7",-0.0838964776688668,0.249801350324306,0.49751121724428
"PITX2",-0.0839489649079068,0.24950416637834,0.497144970797171
"UCMA",-0.0839839564006001,0.249306179966279,0.496962559189905
"C21orf58",-0.0840556889606214,0.248900648438212,0.496366098262898
"CSF2",-0.0840574385352561,0.248890763144646,0.496366098262898
"PTPRO",-0.0840661864084294,0.24884134076163,0.496353826771782
"FREM3",-0.0841256719460081,0.24850544909032,0.49593510109291
"PRSS21",-0.0841309206699121,0.248475826701051,0.49593510109291
"TIMM8A",-0.0841834079089521,0.248179737563906,0.49566942345669
"PLA2R1",-0.0842044028045681,0.248061370505183,0.495592014928841
"SPDYE3",-0.0842183994016455,0.247982480906889,0.495487409159844
"P2RX3",-0.0844703381490375,0.246565445778478,0.493890999972753
"KIF2C",-0.0844878338953842,0.246467249987943,0.493890999972753
"ZW10",-0.0845123279402695,0.246329821557285,0.493789743901177
"H2AC16",-0.0845385715597895,0.246182635939232,0.493633982048647
"PABPN1L",-0.0846347981646962,0.245643478567614,0.492923348633154
"TBX2",-0.0846645409334855,0.245476996238657,0.492807068118338
"MYL12A",-0.0846855358291015,0.245359526576729,0.492724141757741
"BEST3",-0.0847065307247176,0.245242096036266,0.492647239493741
"TRPV4",-0.0847152785978909,0.245193178189914,0.492601957387567
"CD300LG",-0.0847467709413149,0.245017130171981,0.492354198740254
"OR2G2",-0.0847712649862002,0.24488026477746,0.492238061025062
"CGRRF1",-0.0847800128593736,0.244831397180018,0.492192806645212
"ADCY6",-0.0849182292555122,0.244060190079236,0.491329967653315
"GNE",-0.0849287267033203,0.244001686614044,0.491265146529094
"METTL22",-0.0849619686213789,0.243816490100671,0.491057015608205
"SH2D2A",-0.0850249533082269,0.243465860101073,0.490662393789537
"OR4C46",-0.0850669430994589,0.243232302119256,0.490350439807775
"TACR1",-0.0850739413979976,0.243193390980671,0.490324923885892
"KNSTRN",-0.0850756909726323,0.243183663874181,0.490324923885892
"EDN2",-0.0850809396965363,0.243154484182252,0.490324923885892
"RPL28",-0.0850984354428829,0.243057236173632,0.490209173086257
"PIM1",-0.0851439243833843,0.242804518283816,0.489805269331233
"ABCC6",-0.0851754167268083,0.242629667135591,0.489611200802192
"GJA4",-0.0852681441824456,0.242115337769112,0.488996003912182
"TMEM63A",-0.0854938393103177,0.240866660746902,0.487685003488705
"TMEM87B",-0.085502587183491,0.240818353156436,0.487685003488705
"PRY",-0.085586566765955,0.240354944691875,0.487126310045085
"MYOT",-0.085612810385475,0.240210257458614,0.486938757006087
"HMGN2",-0.0856215582586484,0.24016204191427,0.486893866130147
"TMEM117",-0.085749277206979,0.239458865383761,0.485943037043042
"PATE2",-0.0857527763562484,0.239439620564841,0.485943037043042
"C5AR1",-0.0857772704011337,0.23930493712774,0.485847600604543
"SDF2",-0.0858734970060404,0.238776336797138,0.485124071062024
"NRARP",-0.0859627253124084,0.238286910925881,0.484670697936371
"SEMA3F",-0.0859802210587551,0.238191027506482,0.484528442403992
"OR2T27",-0.0859977168051018,0.238095171111029,0.484528442403992
"LILRB4",-0.0860239604246218,0.237951437183289,0.48435760663053
"S100Z",-0.0860257099992564,0.237941857083024,0.48435760663053
"COPS7B",-0.0861096895817204,0.237482329971829,0.483824587602692
"KRTAP2-2",-0.0861114391563551,0.237472763108291,0.483824587602692
"PDILT",-0.0861271853280671,0.237386673490073,0.483788030783566
"INCA1",-0.0861586776714911,0.237214559878537,0.483701181383509
"PRSS37",-0.0861954187388191,0.237013871241687,0.483397516578545
"TIMP4",-0.0861989178880884,0.23699476424818,0.483397516578545
"ELL2",-0.0862356589554164,0.236794206014073,0.483055007265846
"RNH1",-0.0862601530003018,0.236660566661012,0.482887877522239
"SLC6A19",-0.0862968940676298,0.236460206821701,0.482584506895649
"NKG7",-0.0862986436422645,0.236450668845658,0.482584506895649
"KRTAP9-1",-0.0863196385378805,0.236336234181992,0.48254241932687
"ZNF723",-0.0863318855603231,0.236269498572752,0.482458906116851
"ALDH3A1",-0.0863966198218058,0.235916972830183,0.481897121795526
"VPS18",-0.0864036181203445,0.235878884060288,0.481897121795526
"CENPVL1",-0.0864683523818272,0.235526767518455,0.481415991044616
"CSRP2",-0.0865260883447712,0.235213029091995,0.480985276614704
"CHMP1A",-0.0865488328150218,0.235089515778581,0.480863060727428
"IQCF3",-0.0865838243077152,0.234899584250989,0.480607431581012
"CCT8L2",-0.0865908226062538,0.234861610883065,0.480601811652976
"SLC31A1",-0.0868357630551072,0.233535258726096,0.478602490065683
"C15orf61",-0.0869232417868406,0.233062840597892,0.47804582558638
"SERPINA3",-0.0869319896600139,0.233015635791529,0.47804582558638
"C1QL1",-0.0869494854063606,0.232921246360617,0.477921028019213
"YTHDC1",-0.0869704803019766,0.232808014560935,0.477793679114288
"IKZF3",-0.0869739794512459,0.232789146361076,0.477793679114288
"ITGB3",-0.0869792281751499,0.232760846079099,0.477793679114288
"ZNF587",-0.0869949743468619,0.232675959760863,0.477785181362714
"ARL14EPL",-0.0870177188171126,0.232553384658969,0.477691048382193
"HBA1",-0.0870422128619979,0.232421431541629,0.477491876391913
"SLC22A18AS",-0.0870544598844406,0.232355474751685,0.477442055942619
"KIF18B",-0.0870912009517686,0.232157683447743,0.477265024573219
"GPN3",-0.0871139454220193,0.232035300639231,0.477118469848559
"PDZD3",-0.0871296915937313,0.231950600697639,0.477029998747837
"ITGAM",-0.0871384394669046,0.231903554584296,0.476985769318977
"THBS3",-0.0871856779820406,0.231649621702609,0.47669280696032
"BOLL",-0.0871874275566753,0.231640220544209,0.47669280696032
"IZUMO3",-0.0872206694747339,0.231461649599298,0.47654919721271
"AANAT",-0.0872381652210806,0.231367703858656,0.476460826691395
"IL27RA",-0.0872416643703499,0.231348917935125,0.476460826691395
"ZBTB8B",-0.0872801550123126,0.231142343710807,0.476226113755489
"OTOR",-0.087288902885486,0.231095413158682,0.476226113755489
"OR4E1",-0.08734663884843,0.23078583994282,0.475787211256443
"MNDA",-0.0874113731099126,0.230439090498632,0.475387214641826
"IL5",-0.0874113731099126,0.230439090498632,0.475387214641826
"ZNF503",-0.0874708586474913,0.230120779944423,0.474992891936566
"GRM3",-0.087488354393838,0.23002721824817,0.474890876483864
"HYAL4",-0.087493603117742,0.229999154973027,0.474890876483864
"PZP",-0.0875023509909153,0.229952388215448,0.474855241299393
"MINDY1",-0.0875075997148193,0.229924331381399,0.474849807904347
"TACC3",-0.087509349289454,0.229914979640118,0.474849807904347
"RXRG",-0.0876003271704567,0.229429058846652,0.47403663049232
"CLDN4",-0.087745541865134,0.228654957224097,0.472789542776096
"LGALS7B",-0.087756039312942,0.228599069657749,0.472740142279716
"CER1",-0.0878330205968674,0.228189522321221,0.472363945784873
"LRAT",-0.0878767599627341,0.227957056084553,0.47214439164191
"SLC6A8",-0.0879344959256781,0.227650457012954,0.471613969514579
"C1orf174",-0.0880044789110647,0.227279212768797,0.471040063862259
"RSPO1",-0.0880184755081421,0.227205015326371,0.471040063862259
"PLP2",-0.0880587157247394,0.22699179310973,0.47071937909364
"OR1B1",-0.0880587157247394,0.22699179310973,0.47071937909364
"DENND3",-0.0880604652993741,0.226982525790515,0.47071937909364
"PLEKHB1",-0.0881147021130488,0.226695371634001,0.470418084515179
"SLC16A1",-0.0882844108526115,0.22579851777126,0.469130394693075
"CAMK4",-0.0883001570243235,0.225715432081559,0.469009947658566
"UFL1",-0.0883928844799608,0.225226588838432,0.468358954809772
"CES1",-0.0884541195921741,0.224904179332097,0.467844782045693
"AWAT2",-0.0884943598087715,0.224692488398292,0.467560658866462
"GSTM4",-0.0885853376897742,0.224214403526042,0.466982067609273
"ZNF648",-0.0886273274810062,0.223993992432995,0.46673120636825
"MAOA",-0.0886640685483342,0.223801258826344,0.466485748866161
"ZIC4",-0.0887095574888355,0.223562799293237,0.466196833363164
"TGFBI",-0.0887323019590862,0.223443637153519,0.466156542390428
"CYB5R2",-0.0887323019590862,0.223443637153519,0.466156542390428
"TTC16",-0.0887742917503182,0.223223763935411,0.465853951866995
"ERN2",-0.0887865387727609,0.223159663182249,0.465824284071944
"SOX18",-0.0888197806908195,0.222985741285168,0.465584417607306
"INSYN2B",-0.0888722679298596,0.222711323714734,0.46525242524568
"SMIM2",-0.0888880141015715,0.222629045223708,0.465184610494291
"PLIN1",-0.0889335030420729,0.222391473062883,0.464972636175332
"WASHC5",-0.0889387517659769,0.222364072481902,0.464972636175332
"FOXH1",-0.0891312049757902,0.221361039914119,0.46366253647684
"ZNF784",-0.0891399528489636,0.221315524074147,0.46366253647684
"GALNT17",-0.0891766939162916,0.22112443020442,0.463440675400938
"ACKR4",-0.0892204332821583,0.22089709051272,0.463068140354198
"RAC3",-0.0892571743494863,0.220706253673607,0.462771976379059
"EDN1",-0.0892991641407183,0.220488298064296,0.462626609892011
"THYN1",-0.0893096615885263,0.220433833097386,0.462564299654695
"C1D",-0.0893656479768356,0.220143514939536,0.462162801822255
"SELP",-0.0894023890441636,0.219953141593012,0.462074788795398
"TEX30",-0.0894408796861263,0.219753828565624,0.461811916540069
"KIF1C",-0.0894723720295503,0.219590849934918,0.461625249142787
"SIDT1",-0.0895073635222436,0.219409863527457,0.461348638959558
"GJC3",-0.0895493533134757,0.219192820092239,0.460944162599106
"CBY1",-0.0895563516120143,0.219156661059503,0.46092002274181
"SLC10A6",-0.0895983414032463,0.218939796087152,0.460567653944992
"CDC42EP1",-0.089631583321305,0.218768219777442,0.460362284232507
"TMEM86B",-0.0896438303437477,0.218705031610204,0.460362284232507
"ERBB2",-0.0896543277915557,0.218650880676111,0.46032283254504
"BAZ1A",-0.0897068150305957,0.218380269322884,0.460031389871251
"TLCD2",-0.0897645509935397,0.218082872659096,0.459800827475873
"RAB19",-0.0897645509935397,0.218082872659096,0.459800827475873
"CTNS",-0.0897663005681744,0.218073865148899,0.459800827475873
"F2RL3",-0.0897663005681744,0.218073865148899,0.459800827475873
"ZFY",-0.089783796314521,0.217983804635769,0.459800827475873
"COL16A1",-0.089794293762329,0.217929781059279,0.459800827475873
"MPDU1",-0.0897960433369637,0.217920778058144,0.459800827475873
"OR4L1",-0.089815288657945,0.217821762549342,0.459800827475873
"DHH",-0.0899482563301797,0.217138531924249,0.45879389322517
"DTNBP1",-0.0900287367633744,0.216725741238829,0.458129025849053
"PLAC8",-0.0900514812336251,0.216609184591442,0.45802422406489
"CLCN2",-0.0901302120921851,0.216206064852937,0.457444711362123
"SULT1A4",-0.0901407095399931,0.216152356062188,0.457420772396056
"MPC2",-0.0901792001819558,0.215955505354868,0.457277212926021
"BMP2",-0.0902159412492838,0.215767721896591,0.457053978315795
"ERF",-0.0902649293390544,0.215517525459901,0.456750134923156
"CDK19",-0.0903051695556518,0.215312162102591,0.456550950363045
"SH2B3",-0.0903121678541904,0.215276461017886,0.456550950363045
"TAS2R4",-0.0903681542424998,0.214991004649501,0.456165871714846
"MOB3B",-0.0903751525410385,0.214955341639582,0.456142024822274
"LYPD3",-0.0903926482873851,0.214866202619305,0.456004681831608
"DRD3",-0.0904118936083665,0.21476818022692,0.45590026527824
"MZT2B",-0.0904328885039825,0.214661283181251,0.455725147742758
"TCTA",-0.0904381372278865,0.214634564866051,0.455720228903862
"ZFP90",-0.0905098697879078,0.214269652891045,0.455152415536072
"PRR13",-0.0905693553254865,0.213967379762036,0.454792744186167
"RPS6KA1",-0.0905920997957372,0.213851885418594,0.454697598297029
"HECTD3",-0.0906375887362385,0.213621030587476,0.454394802648257
"SPSB1",-0.0906410878855078,0.213603279914952,0.454394802648257
"IL2",-0.0907285666172412,0.21315985618407,0.453827345427916
"ZNF66",-0.0907688068338385,0.212956102763604,0.453652124468242
"RHOBTB1",-0.0908125461997052,0.212734789907285,0.453425251870727
"ITPR3",-0.0908317915206865,0.212637464463483,0.453425251870727
"GDF6",-0.0908597847148412,0.212495957131119,0.453292346702544
"HAUS5",-0.0909542617451132,0.212018868055016,0.45274003885153
"NOD1",-0.0909542617451132,0.212018868055016,0.45274003885153
"INHBC",-0.0909840045139026,0.211868832370478,0.452626665906092
"TEP1",-0.0909892532378066,0.211842363388083,0.452621894364014
"ZNF80",-0.0909997506856146,0.211789432535459,0.452598276264974
"CYP4A22",-0.0910802311188092,0.211383944314998,0.452093849087557
"RCAN1",-0.0911029755890599,0.211269450795274,0.451966582251149
"GTF3C1",-0.0911642107012732,0.210961420115584,0.451514494852011
"GOLPH3",-0.0912254458134866,0.210653711786813,0.451269639978265
"CD72",-0.0913041766720466,0.210258560261995,0.450822713075476
"SGF29",-0.0913584134857213,0.209986654506635,0.450465370800004
"HP",-0.091454640090628,0.209504862630258,0.449892240368254
"HOXB1",-0.0914581392398973,0.209487357901567,0.449892240368254
"CARNS1",-0.091465137538436,0.20945235159633,0.449882934837615
"GNB3",-0.0915088769043026,0.209233657399273,0.449620042065219
"LGI2",-0.0915211239267453,0.209172452437178,0.449591980862785
"COL8A1",-0.09152287350138,0.209163709921509,0.449591980862785
"RGPD2",-0.0915718615911506,0.20891902607923,0.449202363695108
"FHOD1",-0.0916453437258067,0.208552386171476,0.448714475180523
"ACP5",-0.0916925822409427,0.208316933510302,0.448372369510015
"NBEAL2",-0.0917048292633853,0.208255921444527,0.448344390651066
"TEAD2",-0.091717076285828,0.208194922230833,0.448264741478329
"ABHD11",-0.0917398207560787,0.2080816720709,0.448232190623536
"FAM3D",-0.0917888088458493,0.207837899162146,0.448012535174543
"YES1",-0.0918150524653693,0.207707391080556,0.447782896897203
"SRRD",-0.0918150524653693,0.207707391080556,0.447782896897203
"PLEKHA4",-0.091822050763908,0.207672598886046,0.447782896897203
"RHCE",-0.0918517935326973,0.207524778841855,0.447595885165779
"IL3",-0.091911279070276,0.207229365937781,0.447113636582023
"KCTD6",-0.0919130286449107,0.207220681907709,0.447113636582023
"MGAM",-0.0919707646078547,0.206934255853502,0.44709673326238
"EPB41L2",-0.0920354988693374,0.206613450591529,0.446661975141497
"LIF",-0.0920914852576467,0.206336286372907,0.446321112381332
"WWOX",-0.0921002331308201,0.206293003669874,0.446321112381332
"HBQ1",-0.0921037322800894,0.206275692420216,0.446321112381332
"SEC61G",-0.0921124801532627,0.206232418874759,0.446321112381332
"KAZALD1",-0.0921439724966867,0.206076688265539,0.446158723796894
"ESPN",-0.0921492212205907,0.206050741404113,0.446158723796894
"TBPL2",-0.0922349503776894,0.205627275849127,0.445509861224861
"VIL1",-0.0922839384674601,0.205385577372528,0.445037828403449
"ACVRL1",-0.0923171803855188,0.205221684387312,0.444978208847206
"TTLL9",-0.0923294274079614,0.20516132653984,0.444964920968302
"CXCL9",-0.0923574206021161,0.205023413818122,0.444769110984697
"MOV10L1",-0.0923924120948094,0.204851116955997,0.44449860117
"IL19",-0.0923976608187134,0.204825281437552,0.44449860117
"NKX2-6",-0.0925026352967935,0.204309064556638,0.44378647239588
"BTBD8",-0.0925061344460628,0.204291873511878,0.44378647239588
"ARHGDIB",-0.0925183814685055,0.204231713075941,0.443740340487188
"CIAO3",-0.0926373525436628,0.203647962709284,0.443019141099334
"ACY1",-0.0926530987153748,0.203570792005179,0.443019141099334
"MYO5C",-0.0926705944617215,0.203485071548178,0.442975544496302
"MTHFD2",-0.0927440765963775,0.203125330285999,0.442398678533098
"NUMA1",-0.0927650714919935,0.203022631506736,0.442381363437148
"CCL3L3",-0.0927878159622442,0.202911416834785,0.44219062086423
"SMIM28",-0.0928350544773802,0.202680573184116,0.441790661156228
"IDNK",-0.0928455519251882,0.202629300379749,0.44173045568953
"OR10AC1",-0.0928490510744575,0.202612211528296,0.44173045568953
"RAPGEF3",-0.0930485025828095,0.201639868078769,0.440344501431139
"SYNGR2",-0.0931132368442922,0.201325009642148,0.43975975205576
"WDR86",-0.0931149864189269,0.201316504894591,0.43975975205576
"OR4K5",-0.0932514532404309,0.200653935277415,0.438937024605071
"SOS2",-0.0932532028150656,0.200645451057285,0.438937024605071
"C17orf97",-0.0932619506882389,0.200603033852396,0.438937024605071
"HNF4G",-0.0932637002628736,0.200594551190549,0.438937024605071
"NCAM1",-0.0932846951584896,0.200492779504397,0.438814385330379
"OR2T12",-0.0933109387780096,0.20036561747876,0.438675988675976
"CHRM2",-0.0933406815467989,0.200221571133145,0.438580584386889
"IFNA4",-0.0933406815467989,0.200221571133145,0.438580584386889
"SPINK5",-0.0933441806960683,0.200204629436392,0.438580584386889
"S100PBP",-0.0933511789946069,0.200170749157649,0.438580584386889
"VPS13B",-0.0934019166590123,0.199925241321098,0.438365535013417
"SLC7A9",-0.0934456560248789,0.199713771776835,0.438191961758154
"OR2V1",-0.0934579030473216,0.199654589358251,0.438160882591621
"NOX3",-0.093587371570287,0.199029723776683,0.437251984619849
"ABCA8",-0.093671351152751,0.198625164417894,0.436517247666345
"GSDMA",-0.0936731007273856,0.198616742444593,0.436517247666345
"CFAP126",-0.0936748503020203,0.198608320730288,0.436517247666345
"CYP11B2",-0.0936993443469056,0.198490443923026,0.436517247666345
"TNMD",-0.093760579459119,0.198195973937548,0.436157070372229
"MED30",-0.0937745760561963,0.198128711038335,0.436093318485791
"KCNV2",-0.0938095675488897,0.197960626256604,0.436031684864763
"LANCL2",-0.0939057941537964,0.197498926724296,0.435322784787318
"AGAP9",-0.0939145420269697,0.197456992835832,0.435281727833097
"ELSPBP1",-0.0939267890494124,0.197398296252068,0.435203704498124
"OFD1",-0.0939425352211243,0.197322847831539,0.435088725631857
"BPTF",-0.0939530326689324,0.197272560518344,0.435029205365521
"SLC25A47",-0.0939740275645484,0.197172013810143,0.434961555624644
"APOC1",-0.0941524841772844,0.196318869003225,0.433745557494881
"PDSS2",-0.0941822269460737,0.196176939415589,0.433534554552779
"TTN",-0.0942119697148631,0.196035084419838,0.433323616596627
"IRX2",-0.0942609578046337,0.195801603462172,0.433063802257167
"HMGB2",-0.0942907005734231,0.195659945841908,0.432857031572776
"TRIM49D2",-0.0943151946183084,0.195543342592534,0.432767269070672
"DOLK",-0.0943204433422124,0.195518362757857,0.432767269070672
"NDUFAF3",-0.0943239424914817,0.195501710824034,0.432767269070672
"ATOH8",-0.0943484365363671,0.195385176165252,0.43275777396374
"TSR3",-0.0943519356856364,0.195368532481982,0.43275777396374
"FAM90A1",-0.0943589339841751,0.195335248209035,0.43275777396374
"LCK",-0.0943676818573484,0.195293648668085,0.43275777396374
"ASCC3",-0.0944499118651778,0.194902927929035,0.432099606125671
"IFT43",-0.0945023991042178,0.194653829291843,0.431957570800197
"TSPYL6",-0.0945181452759298,0.194579144901508,0.431879980193871
"TMEM256",-0.0945951265598551,0.194214321422764,0.431238457602133
"HYI",-0.0946248693286445,0.194073500355849,0.431116321276345
"SAXO1",-0.0946406155003565,0.193998978132849,0.431067806735168
"PRR23D2",-0.0946476137988951,0.193965863834373,0.431063907237384
"GPR108",-0.0947368421052631,0.193544017282717,0.430415344935941
"EIF3B",-0.0947455899784365,0.193502695779894,0.430374698866893
"SEZ6",-0.0947963276428418,0.19326315779865,0.430098038018064
"IL17F",-0.0948943038223832,0.19280121329534,0.429274613674746
"BOLA3",-0.0949415423375192,0.192578777859305,0.428983928351667
"USP10",-0.0949642868077698,0.192471746071992,0.42879665151384
"HEBP2",-0.0949887808526552,0.192356529585876,0.428591093598881
"LONP2",-0.0951007536292739,0.191830466121585,0.427827297024924
"SPACA3",-0.0951060023531779,0.191805832676263,0.427823448114402
"TRIB2",-0.0951164998009859,0.19175657270937,0.42778297537083
"CXCR3",-0.0951427434205059,0.191633463176638,0.427643273782636
"TATDN1",-0.0951707366146606,0.191502209921471,0.427452524500227
"KRTAP10-7",-0.0953316974810499,0.190748776695361,0.426433343735046
"LAT",-0.0953754368469166,0.19054441394503,0.426096753426764
"SHISA3",-0.0954104283396099,0.190381038921281,0.425917139781247
"PSMB6",-0.0954349223844952,0.190266737305087,0.425865482491587
"SELENBP1",-0.0954384215337646,0.190250412596298,0.425865482491587
"PPP1R14B",-0.0954996566459779,0.189964895816611,0.425444824831638
"KRT85",-0.0955293994147673,0.189826329271322,0.425309501214479
"GEMIN2",-0.0955871353777113,0.189557558056673,0.424838228041093
"DUOXA2",-0.0956518696391939,0.18925653944397,0.424301866045081
"CELSR3",-0.0956658662362713,0.189191500321389,0.424239677889138
"TMEM59",-0.0956903602811566,0.189077721187881,0.424170032541124
"SRPK2",-0.0957026073035993,0.189020850390422,0.424093392826949
"EOMES",-0.095956295625626,0.187845624562337,0.422369959586588
"KAT7",-0.096050772655898,0.187409324140589,0.421541194465812
"CBLC",-0.096056021379802,0.187385107008153,0.421537491987986
"ZNF221",-0.0961312530890927,0.187038246600868,0.421028907318595
"MPPE1",-0.0961417505369007,0.186989884895727,0.421028907318595
"CCM2L",-0.096150498410074,0.186949590473747,0.421014174808598
"ACAT1",-0.0961539975593434,0.186933474486411,0.421014174808598
"MAP2K3",-0.0961819907534981,0.186804583231139,0.420807237860542
"SERGEF",-0.0962204813954607,0.186627464104327,0.420542292424277
"MKI67",-0.0962204813954607,0.186627464104327,0.420542292424277
"CAV3",-0.0962432258657114,0.186522860670694,0.420509529923452
"PPP2R5A",-0.0963464507691567,0.186048662064979,0.419744480880109
"U2AF1",-0.0965004133370074,0.18534302620996,0.418405216668345
"RAD18",-0.0965773946209328,0.184990945525979,0.417711389027105
"NAT16",-0.0966333810092421,0.184735195331472,0.417285257379121
"FLAD1",-0.0967488529351301,0.18420853046688,0.416365411034561
"UBA3",-0.0967698478307461,0.184112891812226,0.416282368944931
"MUC21",-0.0968678240102875,0.183667060285449,0.415525865280562
"TGFA",-0.0969238103985968,0.183412655834942,0.415352826527632
"FAM83F",-0.0969238103985968,0.183412655834942,0.415352826527632
"PACS2",-0.0969360574210395,0.1833570394004,0.415352826527632
"AGGF1",-0.0970515293469275,0.18283326514421,0.414845591037938
"STK19",-0.0970532789215622,0.182825337640429,0.414845591037938
"CTBP2",-0.0971320097801222,0.182468861517141,0.414371164602885
"GAD2",-0.0972387338328369,0.181986454919664,0.4135450281218
"ZNF776",-0.0973297117138396,0.181575964616088,0.412996311675808
"GNGT2",-0.0973419587362822,0.181520758398117,0.412996311675808
"PLVAP",-0.0973752006543409,0.181370975235965,0.412882049427948
"PLAAT3",-0.0974101921470343,0.181213407076178,0.412674258084953
"FBXW12",-0.0974294374680156,0.181126787564901,0.412563167141752
"FOSL2",-0.0974311870426502,0.181118914576028,0.412563167141752
"PCDH15",-0.0975011700280369,0.180804201632799,0.412212660818218
"WDR19",-0.0975641547148849,0.180521304551174,0.411919677730546
"MMP23B",-0.0976708787675996,0.1800426958717,0.411398357754989
"SLC22A18",-0.0976848753646769,0.179979996961022,0.41131992452815
"RAB6C",-0.0976883745139463,0.179964324748498,0.41131992452815
"WNT6",-0.0977023711110236,0.179901645958147,0.4112918521134
"TTC39A",-0.0977023711110236,0.179901645958147,0.4112918521134
"SSNA1",-0.0977093694095623,0.17987031259843,0.4112918521134
"PARP16",-0.0977198668573703,0.17982332010255,0.4112918521134
"VENTX",-0.0977303643051783,0.179776336658435,0.411257087632646
"OMP",-0.097753108775429,0.179674570245183,0.411175379720505
"NUTM2G",-0.097789849842757,0.179510268083228,0.41105122201108
"SLC44A4",-0.0977985977159303,0.179471164856465,0.41105122201108
"CCDC197",-0.0978668311266823,0.1791663752528,0.410533319866537
"LYSMD3",-0.0978860764476636,0.179080478028078,0.410469686751643
"SLC34A3",-0.0979245670896263,0.178908774725496,0.410227167191327
"ZNRF4",-0.097931565388165,0.178877568997812,0.41020597723516
"MIER1",-0.0979753047540317,0.17868262418384,0.409909923751062
"ETV4",-0.097984052627205,0.17864365404235,0.409909923751062
"SPZ1",-0.0980085466720903,0.178534571015778,0.409721264228395
"OPRL1",-0.098031291142341,0.178433323660203,0.409589571371431
"SLC22A2",-0.0980610339111304,0.178300987228752,0.409490383483327
"MYO1E",-0.098078529657477,0.178223176122124,0.409490383483327
"CATSPERG",-0.0981747562623837,0.17779566310308,0.408980392180457
"PKN1",-0.0982114973297117,0.177632630811119,0.408824640332826
"DUSP5",-0.0982989760614451,0.177244903178767,0.408266627006247
"CDH1",-0.0983217205316957,0.177144196499826,0.408135333559185
"CD1A",-0.0983864547931784,0.176857801233692,0.407739705663518
"OR13G1",-0.0984179471366024,0.176718597616361,0.407642993372244
"RASGRP3",-0.0984949284205277,0.176378663111181,0.406991858000334
"OTOA",-0.0985264207639518,0.176239738444053,0.406875515112349
"MAP4K1",-0.0985771584283571,0.176016085607841,0.40653925486174
"CHD1L",-0.0985999028986078,0.175915895615767,0.406358103465684
"PKN3",-0.0986261465181278,0.175800344207498,0.406259720983856
"RP1L1",-0.0986506405630131,0.175692546897407,0.406093317556433
"CXorf38",-0.0986558892869171,0.175669453837915,0.406090199266852
"H2BW1",-0.0986768841825331,0.175577104058357,0.405926961549131
"ABCC2",-0.0986821329064371,0.175554022227588,0.405923847854702
"TSPAN4",-0.0987486167425545,0.175261846695192,0.405499287522226
"ST14",-0.0987906065337865,0.175077500315367,0.405223372895005
"ZFP91",-0.0988518416459998,0.17480891920518,0.404802402365275
"NFASC",-0.0989113271835785,0.174548304091636,0.40444964357511
"EVX1",-0.0989130767582131,0.174540643299858,0.40444964357511
"ANKRD30BL",-0.0989620648479838,0.174326242219387,0.404286216278315
"SOX17",-0.0991142778411998,0.17366131230003,0.403445536573623
"H2AC11",-0.0992332489163572,0.173142907231503,0.402641879648306
"NGF",-0.0992437463641652,0.173097220760088,0.402641879648306
"CCDC9B",-0.0992734891329545,0.172967824304993,0.402485308587099
"NID1",-0.0992752387075892,0.172960214983461,0.402485308587099
"TULP2",-0.0994222029769012,0.172321917943902,0.401432473433993
"WDR59",-0.0994554448949599,0.172177783943865,0.401246854621366
"PLA2G2C",-0.0994659423427679,0.172132286537224,0.401240961478932
"ZNF816",-0.0994886868130186,0.172033739434201,0.401149656287409
"TIGD1",-0.0995709168208479,0.17167780313062,0.400581540638114
"OR4A5",-0.0995814142686559,0.171632403838542,0.400578619500888
"GJB7",-0.0996531468286773,0.171322413895022,0.400052188285
"MCHR1",-0.0996548964033119,0.171314858362836,0.400052188285
"MFSD11",-0.0997143819408906,0.171058117493846,0.399534942760764
"HNF1A",-0.0997336272618719,0.170975115498367,0.399440987871841
"SPOCK3",-0.099833353016048,0.170545493431192,0.39867195394427
"TMEM218",-0.0998403513145866,0.170515374668637,0.39867195394427
"CCDC28B",-0.099891088978992,0.170297131856803,0.398405265508913
"XPO1",-0.0998998368521653,0.17025952478165,0.398367186773002
"KCNQ1",-0.0999470753673013,0.170056553251691,0.397992003575009
"KNG1",-0.0999628215390133,0.169988936070296,0.397951073548914
"VCAM1",-0.0999820668599947,0.169906319999485,0.397839823509326
"ANKRD10",-0.0999873155838987,0.169883793526566,0.397839823509326
"CCR9",-0.0999890651585333,0.169876285195818,0.397839823509326
"EDDM3A",-0.100174520069808,0.169081800851155,0.396839808015454
"LCP2",-0.100207761987867,0.168939685983669,0.396620688300566
"PGC",-0.100272496249349,0.16866319113126,0.396270443774993
"CDKN2C",-0.100326733063024,0.168431792753806,0.395826369884242
"GSX2",-0.100407213496219,0.168088863149835,0.395353968634013
"TTC24",-0.100454452011355,0.167887820723292,0.394980595621343
"TCFL5",-0.100489443504048,0.16773901592889,0.394744690207655
"PTGS2",-0.100526184571376,0.167582876671006,0.394476658017106
"NCBP2L",-0.100676647989957,0.166944578993594,0.393519747227612
"ZNF704",-0.100687145437765,0.166900114329238,0.393464596719623
"NRM",-0.100730884803632,0.166714939931879,0.393276268557252
"DNPEP",-0.100804366938288,0.166404191893078,0.392741651433733
"S100A10",-0.100856854177328,0.166182493655755,0.392317564342673
"PDE8A",-0.100935585035888,0.165850359562587,0.391769103835907
"ACTRT2",-0.100935585035888,0.165850359562587,0.391769103835907
"NET1",-0.10118752378328,0.164790859247825,0.390332425147287
"SLC9A3R2",-0.101220765701339,0.164651442452606,0.390168020866871
"ELF5",-0.101224264850608,0.164636772127552,0.390168020866871
"CEP72",-0.101229513574512,0.164614768470839,0.390168020866871
"CD300C",-0.101231263149147,0.164607434406818,0.390168020866871
"OPRPN",-0.101257506768667,0.164497452736582,0.390065315808584
"DUSP22",-0.10139747273944,0.163911810883086,0.389269707534653
"MOGAT3",-0.101404471037979,0.163882569754761,0.389249761253963
"DLL3",-0.101435963381403,0.163751032930919,0.38898680882954
"NEU4",-0.101439462530672,0.163736422601759,0.38898680882954
"CPT1C",-0.101441212105307,0.163729117802651,0.38898680882954
"POFUT1",-0.101446460829211,0.163707204867166,0.38898680882954
"MSTO1",-0.101467455724827,0.163619575050978,0.388921876498927
"ABCB9",-0.101488450620443,0.163531980311021,0.388812637083212
"RNF144B",-0.10150594636679,0.163459011483946,0.388738125362813
"LY6G6D",-0.10150594636679,0.163459011483946,0.388738125362813
"SH3GL1",-0.10153218998631,0.163349603898463,0.388725433538187
"CCDC62",-0.101572430202907,0.163181951980734,0.388375957078142
"FER1L6",-0.101635414889755,0.162919798707964,0.3881155714868
"LYVE1",-0.10166340808391,0.162803387330685,0.388068418862525
"C10orf95",-0.10171239617368,0.162599817193791,0.387897548333751
"TGFBR2",-0.101771881711259,0.162352881046969,0.387605518616527
"HPSE",-0.101782379159067,0.162309333233962,0.387605518616527
"NAGK",-0.101792876606875,0.162265794165044,0.387605518616527
"OVOL3",-0.101808622778587,0.162200501955009,0.387605518616527
"GPR37",-0.101824368950299,0.162135229414477,0.38759866995387
"ZDHHC24",-0.101845363845915,0.162048229952562,0.387455222454751
"GATA2",-0.101871607465435,0.161939529781683,0.387443333103088
"EIF5AL1",-0.10187335704007,0.16193228504532,0.387443333103088
"MAGEB6",-0.10189960065959,0.161823643120532,0.387314924890306
"GPAT3",-0.101908348532763,0.161787441277848,0.387312571386448
"RIN2",-0.101917096405936,0.161751245500478,0.387290546277811
"ZP1",-0.101934592152283,0.161678872139744,0.387216544765563
"PAX1",-0.10200457513767,0.161389621212404,0.386821427844309
"DIPK2A",-0.102134043660635,0.160855529250239,0.385887972289975
"SLC5A11",-0.102366737087046,0.159898938933687,0.384333665833402
"SPATA13",-0.102392980706566,0.159791321145141,0.38422334411055
"H3-3B",-0.102413975602182,0.159705266043246,0.384065870283758
"FGF8",-0.102459464542683,0.159518932607382,0.38373609348987
"CDK2",-0.102489207311472,0.159397187437068,0.383670817447438
"FAM120C",-0.102492706460742,0.15938286906125,0.383670817447438
"BLOC1S5",-0.102494456035376,0.159375710235307,0.383670817447438
"ZNF157",-0.102583684341744,0.159010929996103,0.38293850787972
"H4C2",-0.102669413498843,0.158661045577276,0.382342411251769
"OR1A1",-0.102706154566171,0.15851127220923,0.382129407484132
"CYP27A1",-0.102767389678384,0.158261885923461,0.381725297882804
"RBM47",-0.102807629894982,0.158098164058377,0.381576804336294
"COL27A1",-0.10281812734279,0.158055474940754,0.381523077419352
"CECR2",-0.102853118835483,0.157913240427016,0.381426238775859
"FRZB",-0.102872364156464,0.157835052451229,0.381336020644134
"SPAG9",-0.102898607775984,0.157728479371652,0.381177158481492
"KRT86",-0.102952844589659,0.157508399726458,0.38079312275616
"VMAC",-0.102954594164294,0.157501304228039,0.38079312275616
"CLDN2",-0.102961592462832,0.157472924636996,0.38079312275616
"SELENOH",-0.102987836082352,0.15736653540434,0.380745875788503
"TMEM120B",-0.102991335231622,0.157352354256874,0.380745875788503
"PPM1A",-0.10315579524728,0.156686923486496,0.379593330267712
"FGD2",-0.103201284187782,0.156503242411771,0.379295945403873
"ZGRF1",-0.103215280784859,0.156446757761376,0.379295945403873
"OTUD7A",-0.103241524404379,0.156340890384187,0.379148483159989
"TP53INP1",-0.103241524404379,0.156340890384187,0.379148483159989
"DUSP2",-0.103309757815131,0.156065887484487,0.379014092567305
"RPL37",-0.103329003136113,0.155988388425625,0.378969563235431
"LRATD2",-0.103463720382982,0.155446705854871,0.37805999199708
"ZNF302",-0.103489964002502,0.155341348317271,0.377985580699109
"C9orf47",-0.10363167954791,0.154773346686419,0.376996426216493
"CCDC141",-0.103696413809393,0.15451441041,0.376626354583288
"CD2",-0.103733154876721,0.154367591881539,0.376626354583288
"UHRF1",-0.103804887436742,0.154081249267928,0.376110496840651
"NEK3",-0.103836379780166,0.153955664442666,0.375902208018201
"ARHGAP40",-0.103866122548955,0.153837127432108,0.375809312220019
"TBX6",-0.10392035936263,0.15362114890036,0.375446038573232
"TMCO6",-0.104039330437787,0.153148190671409,0.374567261521639
"COL6A3",-0.104049827885595,0.153106511869045,0.374514370093817
"GP9",-0.104084819378289,0.152967644339781,0.37427272706534
"SMIM5",-0.104102315124635,0.152898246228588,0.374151945304654
"ADAMTS12",-0.104123310020251,0.152814999862689,0.373997239868377
"OR9Q2",-0.104186294707099,0.15256546601194,0.373599320602658
"CXXC1",-0.104252778543217,0.152302403007151,0.373182849457039
"ZNF3",-0.104272023864198,0.152226317148442,0.373045361378336
"BCKDHA",-0.104291269185179,0.152150259995932,0.372956852038854
"P2RX2",-0.104307015356891,0.152088052764539,0.372870247129139
"POLA1",-0.104326260677873,0.152012047791236,0.372764837782184
"SERPING1",-0.104328010252507,0.15200513967098,0.372764837782184
"H2BC21",-0.104333258976411,0.151984416732863,0.372764837782184
"DNAAF3",-0.104401492387163,0.151715212681169,0.372527910569675
"EMCN",-0.104404991536433,0.151701417061777,0.372527910569675
"TIGD4",-0.104415488984241,0.151660035889827,0.372527910569675
"FLG",-0.104438233454491,0.151570405940785,0.372527910569675
"RPL39",-0.104439983029126,0.151563512987413,0.372527910569675
"CRISPLD2",-0.10447147537255,0.151439480324094,0.372436625563969
"KRT75",-0.104473224947185,0.151432591870172,0.372436625563969
"ZIC5",-0.104488971118897,0.151370606439139,0.372365311625049
"HSPB6",-0.104515214738417,0.151267339998346,0.372209333571688
"C22orf15",-0.104516964313051,0.151260457462506,0.372209333571688
"AHCY",-0.104530960910129,0.15120540569557,0.372155002210129
"ACTG2",-0.104571201126726,0.151047216219574,0.371995598238538
"TFIP11",-0.104572950701361,0.15104034125515,0.371995598238538
"SH2D1B",-0.104658679858459,0.150703757678634,0.371507837698807
"SHISA7",-0.104767153485809,0.150278689597982,0.370691190514634
"FLYWCH2",-0.104833637321926,0.15001861262218,0.37025870349304
"LAGE3",-0.104833637321926,0.15001861262218,0.37025870349304
"SLC1A6",-0.104845884344369,0.149970740870908,0.370238407998026
"C1QTNF6",-0.104950858822449,0.149560885585142,0.369421914983218
"GCLC",-0.104998097337585,0.149376727532961,0.369196032688445
"AIF1L",-0.105071579472241,0.149090600720195,0.368699160361541
"SPDYE11",-0.105192300122033,0.148621436438264,0.368026245945508
"RFPL4A",-0.105227291614726,0.148485656074327,0.367772393216079
"PUF60",-0.105409247376732,0.147781112707106,0.36677210111866
"GPR32",-0.105463484190406,0.147571595631988,0.366349477605079
"ACOT4",-0.105575456967025,0.147139756805343,0.365926494840082
"KCTD5",-0.105587703989468,0.147092582645126,0.365889860612731
"KCNJ5",-0.10560345016118,0.147031947011513,0.365836483131764
"MAML3",-0.1056296937807,0.146930929759637,0.365731313366784
"OR51T1",-0.105790654647089,0.146312508713132,0.364726696840157
"PRAC1",-0.105801152094897,0.146272245636597,0.36467500460674
"APOBEC3B",-0.105804651244166,0.146258826480198,0.36467500460674
"FPR3",-0.105855388908572,0.146064353709945,0.364483544015373
"THNSL2",-0.105906126572977,0.145870077316277,0.364207160957057
"OR6C4",-0.105913124871516,0.145843295977851,0.364188981906985
"CCNL1",-0.105942867640305,0.145729516942023,0.364050890637938
"POLD4",-0.105942867640305,0.145729516942023,0.364050890637938
"HSD17B14",-0.105974359983729,0.145609118508942,0.364042288791567
"NTN5",-0.105977859132998,0.145595745570086,0.364042288791567
"ESPL1",-0.10599360530471,0.145535578888655,0.363955874574789
"IL7R",-0.106005852327153,0.145488795638689,0.3638876051089
"ZNF578",-0.106035595095942,0.145375226732812,0.363700969117481
"SCIN",-0.106047842118385,0.145328482644881,0.363681460790005
"MOCOS",-0.106056589991558,0.145295101001997,0.363681460790005
"CALCRL",-0.106116075529137,0.145068260296523,0.36330703869972
"GPRIN3",-0.10612482340231,0.145034924078845,0.363287586118094
"PRDM12",-0.106179060215985,0.144828369443238,0.362867537928886
"RRH",-0.10618080979062,0.144821710114779,0.362867537928886
"MUC8",-0.106187808089158,0.144795075128125,0.362867537928886
"TCP10L3",-0.106191307238428,0.144781759031049,0.362867537928886
"CPOX",-0.106198305536966,0.144755129629231,0.362867537928886
"FOXR2",-0.106205303835505,0.1447285039503,0.362867537928886
"SLCO3A1",-0.106224549156486,0.144655302527178,0.362774597824301
"OR51H1",-0.106289283417969,0.144409286090175,0.36244964749632
"ZNF217",-0.106315527037489,0.144309640368746,0.362296927480402
"EME1",-0.106326024485297,0.144269796722044,0.36224559338275
"ADARB2",-0.106385510022876,0.144044174043994,0.361858335177882
"LAX1",-0.10639075874678,0.144024279051772,0.361858335177882
"F2RL2",-0.106485235777052,0.143666526462171,0.361233126379997
"OR5AN1",-0.106602457277574,0.143223588538076,0.360588263620532
"EML2",-0.106621702598556,0.143150966821397,0.360551241585489
"ANKRD65",-0.106621702598556,0.143150966821397,0.360551241585489
"SNAP29",-0.106630450471729,0.14311796621682,0.360551241585489
"OR7D2",-0.106658443665884,0.143012403194464,0.360445295824537
"URI1",-0.106658443665884,0.143012403194464,0.360445295824537
"ACTA2",-0.106737174524444,0.142715824965454,0.359843492244474
"C20orf173",-0.10675467027079,0.142649982334739,0.359726042409341
"PIGH",-0.10678091389031,0.142551261762621,0.359574198362874
"NPAP1L",-0.106871891771313,0.142209433228759,0.359002889291742
"FAM236C",-0.106887637943025,0.142150334037815,0.358935363399103
"ADAMTS20",-0.106908632838641,0.142071564223463,0.358848868465971
"SEMG2",-0.10691213198791,0.142058439154714,0.358848868465971
"TYW1",-0.106913881562545,0.14205187696677,0.358848868465971
"PNPLA3",-0.10691563113718,0.142045315009773,0.358848868465971
"FAM177A1",-0.106948873055238,0.1419206817012,0.358758886227884
"CD82",-0.106962869652316,0.141868229453459,0.35867484137983
"OR2G6",-0.106966368801585,0.141855118699891,0.35867484137983
"MAS1L",-0.107113333070897,0.141305300349344,0.35778440744636
"SLC30A4",-0.107165820309937,0.141109330872511,0.357433590583888
"FAM83B",-0.107185065630918,0.141037527343805,0.357300171008261
"OXER1",-0.107186815205553,0.141031001132086,0.357300171008261
"WDR62",-0.107216557974342,0.140920090762412,0.357148000417806
"OR5L1",-0.107249799892401,0.140796210844314,0.357027838931217
"EPAS1",-0.107251549467036,0.140789693150154,0.357027838931217
"NFKB2",-0.107293539258268,0.140633337517335,0.356808614518916
"ALDH1L2",-0.10733202990023,0.140490127912191,0.356607115483741
"TAX1BP3",-0.107381017990001,0.140308022084026,0.356323161553775
"ATP8B4",-0.107395014587079,0.140256024943536,0.356286931698242
"PRRG3",-0.107526232684679,0.13976926661592,0.355534026602958
"CST4",-0.107603213968604,0.139484302544002,0.355196186843712
"ZNF519",-0.107629457588124,0.139387257167073,0.355094313852441
"MYO1C",-0.107636455886663,0.139361387109899,0.355076843883285
"PRAP1",-0.107646953334471,0.139322588899384,0.355026425199195
"CD68",-0.107753677387185,0.138928608536089,0.354167443764672
"APOB",-0.107757176536455,0.138915705572465,0.354167443764672
"PIGP",-0.107802665476956,0.138748050345147,0.353884929915
"SPN",-0.107895392932593,0.138406770456569,0.353319415670706
"ZNF330",-0.108007365709212,0.13799551448251,0.352510494935761
"MCM8",-0.108016113582385,0.137963424499366,0.352476732688119
"KRTAP22-1",-0.108040607627271,0.137873602900753,0.352295445036866
"SHARPIN",-0.108061602522887,0.137796648555509,0.352195183854205
"HOXB3",-0.108108841038023,0.137623621376311,0.351849247477615
"R3HCC1",-0.108194570195121,0.137310033583798,0.351368821850447
"OSBPL1A",-0.108266302755143,0.137048064105808,0.350906175656715
"JPH2",-0.108313541270279,0.13687575659335,0.35062553293614
"STAR",-0.108322289143452,0.136843865997439,0.35062553293614
"ACE2",-0.108346783188337,0.136754602581986,0.350539247573588
"KRTAP5-9",-0.108350282337607,0.136741854304475,0.350539247573588
"DAPK2",-0.108565480017671,0.135959582103308,0.348884467623164
"VASP",-0.108574227890844,0.135927855074921,0.348884467623164
"NLRP14",-0.108605720234268,0.135813684727192,0.348783135646531
"TNFSF8",-0.108616217682076,0.135775644273562,0.348747893336962
"PMEL",-0.108623215980615,0.135750288506145,0.348747010710732
"BICDL2",-0.108698447689905,0.135477943059372,0.348174771511881
"MAGEA1",-0.108967882183644,0.134506000295398,0.346408109300049
"AHCTF1",-0.108981878780721,0.13445565626212,0.346408109300049
"DCTD",-0.109004623250972,0.134373878033034,0.346338192954035
"POU5F1",-0.109195326886151,0.133689699273222,0.345098662560705
"SEPTIN10",-0.109200575610055,0.133670906540805,0.345098662560705
"AKR7A3",-0.109219820931036,0.133602017201046,0.345015386234339
"LIMD2",-0.109324795409116,0.133226736759037,0.34423665408298
"SLC6A9",-0.109342291155463,0.133164268783396,0.344122856482456
"RAC2",-0.109363286051079,0.133089336902249,0.344024422973896
"SQSTM1",-0.109384280946695,0.133014437402575,0.343926018680672
"SLC6A5",-0.109389529670599,0.132995717586368,0.343925231465384
"POLR2M",-0.109400027118407,0.132958284023572,0.343908313535209
"NT5DC4",-0.109643217992626,0.132093336383333,0.342366233038829
"PFDN2",-0.109676459910684,0.131975442865764,0.342234569697447
"NFYA",-0.109725448000455,0.131801852485878,0.342069399253233
"TNFRSF12A",-0.109800679709746,0.131535609093371,0.34166328726395
"DKK4",-0.109888158441479,0.131226543981247,0.341240174797239
"LYZL1",-0.109970388449308,0.130936532350407,0.340770718809393
"OR1D5",-0.110026374837618,0.130739359944254,0.340431940712729
"ZBED5",-0.11009460824837,0.130499365067396,0.340060086126477
"HGH1",-0.11014709548741,0.130314984460043,0.339816063917309
"UBL4B",-0.110154093785948,0.130290415537749,0.339816063917309
"NKX2-2",-0.110238073368412,0.129995866524533,0.339315556004498
"UBL3",-0.110264316987932,0.129903925183776,0.339170377007158
"SUSD3",-0.110334299973319,0.129658993076729,0.338625556523701
"MYO1D",-0.11035704444357,0.129579466774469,0.338512536226043
"EPHA2",-0.110374540189916,0.129518318266263,0.338447476135544
"SCGB1A1",-0.110374540189916,0.129518318266263,0.338447476135544
"ROGDI",-0.110448022324572,0.129261737234128,0.338108151902601
"NOP53",-0.11056699339973,0.128847150888615,0.337354463759396
"SMIM33",-0.110579240422172,0.128804531131516,0.337290160321394
"MUSTN1",-0.110586238720711,0.128780181863831,0.337290160321394
"GYPE",-0.110603734467058,0.128719324217243,0.33725618673979
"CKS1B",-0.110640475534386,0.128591595322574,0.33706338726237
"MARCKSL1",-0.110769944057351,0.128142281748529,0.336452306190851
"OGN",-0.110796187676871,0.128051352442346,0.336276749485023
"SH3TC1",-0.110815432997852,0.127984702586745,0.336227641793509
"KRTAP8-1",-0.110846925341276,0.12787569690996,0.335988536225437
"PEX10",-0.110869669811527,0.127797015139298,0.33592358265187
"CDR2L",-0.110885415983239,0.127742565027095,0.335827723035758
"PLEKHH3",-0.110946651095452,0.127530984725011,0.335554898665019
"SDHAF1",-0.110964146841799,0.127470582906455,0.335443230429895
"PEMT",-0.111139104305266,0.126867778322347,0.334233689934851
"DNAJC15",-0.111139104305266,0.126867778322347,0.334233689934851
"TSKS",-0.111168847074055,0.12676552079443,0.334137381100585
"OR2AP1",-0.111184593245767,0.126711410228229,0.334104517495752
"BEND3",-0.11121958473846,0.126591228385067,0.333881906696726
"H2AB1",-0.111258075380423,0.126459130056914,0.333769179330544
"LGI3",-0.111284318999943,0.126369124076802,0.33357876484217
"CHAC1",-0.111378796030215,0.126045512232211,0.333038565072391
"MAFA",-0.11148202093366,0.125692668739205,0.332325915075594
"KHDC1",-0.111518762000988,0.125567264765827,0.332325915075594
"CHSY1",-0.111583496262471,0.125346550252756,0.332005697421708
"TLR6",-0.111613239031261,0.125245241503904,0.331847547562283
"TONSL",-0.111620237329799,0.125221413354794,0.331847547562283
"DEFB113",-0.111644731374685,0.125138042436917,0.331735710511265
"CRYGA",-0.111704216912263,0.124935748912417,0.331434665722771
"GFM1",-0.111728710957149,0.124852525131529,0.331434189464888
"MCM5",-0.111751455427399,0.124775284308376,0.331401329718859
"PLCE1",-0.111781198196189,0.12467433285882,0.331258762337648
"TP53BP1",-0.111784697345458,0.124662460372986,0.331258762337648
"ZNF436",-0.111805692241074,0.124591243824786,0.331242261053669
"AGBL5",-0.111838934159133,0.124478548668559,0.331068267578185
"INPPL1",-0.111868676927922,0.124377783030442,0.330894512233124
"H2BC7",-0.111870426502557,0.124371857606227,0.330894512233124
"HVCN1",-0.11190541799525,0.124253394989269,0.330752053138483
"TAS2R40",-0.112001644600157,0.123928073037661,0.330215536032439
"AKR1D1",-0.112013891622599,0.12388671576986,0.330215417243409
"SRSF4",-0.112017390771869,0.123874901370342,0.330215417243409
"FKBP5",-0.112253583347549,0.1230794440637,0.328798697945023
"ARHGAP45",-0.112309569735858,0.122891472655731,0.328484491672883
"BGN",-0.112360307400263,0.122721315773092,0.328170574653244
"ZNF229",-0.112440787833458,0.122451786321252,0.327684419162589
"C1S",-0.112451285281266,0.12241666416058,0.32763737745242
"RNF130",-0.112472280176882,0.122346443266616,0.32763737745242
"MSRB1",-0.112802949782834,0.121244578471231,0.325339644040458
"FRMD4B",-0.112809948081373,0.121221342069533,0.325339644040458
"RNPEP",-0.113093379172189,0.12028316873316,0.323456941578184
"PTGFR",-0.113163362157575,0.120052391336376,0.323068942449303
"PEX2",-0.113256089613213,0.119747141249751,0.322402345228537
"GMNC",-0.113383808561543,0.119327690242331,0.321721371873216
"GPR101",-0.113385558136178,0.119321952277891,0.321721371873216
"OR4C16",-0.113564014748914,0.118737805713873,0.32073289839634
"YME1L1",-0.113632248159666,0.11851504422045,0.32059434935985
"NMUR1",-0.113660241353821,0.118423748986502,0.320440732551713
"CLEC3B",-0.113703980719688,0.118281209721409,0.320240631017257
"NIPAL3",-0.113705730294322,0.118275510928486,0.320240631017257
"ARRDC3",-0.113730224339208,0.118195750256178,0.320194625938003
"PATL1",-0.11376871498117,0.118070496622138,0.320087249301548
"CCR1",-0.113780962003613,0.118030664861576,0.320026233588094
"GOLGA7B",-0.113840447541192,0.117837345039534,0.319780421185806
"RCAN3",-0.113866691160712,0.117752135269864,0.319595825940994
"TEX44",-0.113892934780232,0.117666973470028,0.319457536927787
"NCKAP1L",-0.113976914362696,0.117394777885306,0.318903981350686
"RPS29",-0.114029401601736,0.117224904778271,0.318627903018335
"PCARE",-0.114046897348082,0.117168322968906,0.31852046575943
"NUTM2F",-0.114076640116872,0.117072182709909,0.318351788627003
"SOCS1",-0.114179865020317,0.116738996054781,0.317538230457192
"HS3ST3B1",-0.114276091625224,0.116429064115946,0.316925987673722
"PDIA4",-0.114284839498397,0.116400920313446,0.316910889589324
"APLN",-0.114410808872093,0.11599623717617,0.316162540207553
"ABCA2",-0.11445104908869,0.115867194818585,0.316041438649319
"JUP",-0.114486040581384,0.115755075082127,0.315827871765349
"NKX1-1",-0.114633004850696,0.115285095810727,0.315005771669515
"OR2A2",-0.11463475442533,0.115279509799158,0.315005771669515
"SFRP2",-0.114669745918024,0.115167833904004,0.314777471972951
"KTN1",-0.114669745918024,0.115167833904004,0.314777471972951
"ADIPOR2",-0.114730981030237,0.114972604211189,0.314473983047475
"BOLA2B",-0.114779969120008,0.114816606478007,0.314184705676302
"BEGAIN",-0.11484820253076,0.114599599264881,0.31369834628039
"ZNF726",-0.114863948702472,0.11454956617345,0.313684413175273
"DHODH",-0.114895441045896,0.114449551148801,0.313502466596509
"HAUS6",-0.114916435941512,0.114382912349714,0.313365889840583
"ALK",-0.1150319078674,0.114016940310242,0.3125925392299
"MRPL4",-0.115217362778674,0.113431081661616,0.31121476143857
"ZNF335",-0.115220861927944,0.113420050378625,0.31121476143857
"LCE5A",-0.115247105547464,0.113337342475689,0.311155542780457
"OR2J3",-0.11526460129381,0.113282230064036,0.311155542780457
"MRPS14",-0.115269850017714,0.113265700425372,0.311155542780457
"AIF1",-0.115353829600178,0.113001482491616,0.310858106792373
"TMEM221",-0.115355579174813,0.112995983079218,0.310858106792373
"ST8SIA2",-0.115367826197256,0.112957493050424,0.310858106792373
"MYO9B",-0.115371325346525,0.112946497782124,0.310858106792373
"GRHL1",-0.115388821092872,0.112891533990726,0.310784535496876
"PTH2",-0.11539581939141,0.112869554330181,0.310784535496876
"CHCHD5",-0.115437809182642,0.11273774661905,0.310784535496876
"OR5B17",-0.115532286212914,0.112441619328614,0.31032358247099
"ARHGAP29",-0.11557952472805,0.112293783995775,0.31000720028161
"SLC45A1",-0.115607517922205,0.112206249644168,0.30990195865208
"ESAM",-0.115642509414898,0.112096906778823,0.30973839784011
"IVD",-0.115700245377843,0.111916673323897,0.309377707370796
"AASS",-0.115731737721267,0.111818459785291,0.309273700093164
"RCC2",-0.115831463475443,0.111507895166394,0.308567410005567
"CYTIP",-0.115885700289117,0.111339275290616,0.308267916304271
"PHB",-0.115936437953523,0.111181714901643,0.308029922489703
"MON2",-0.115964431147677,0.111094859796454,0.307834955720856
"BMI1",-0.116018667961352,0.110926729237442,0.307597267295986
"SNTB2",-0.1160816526482,0.110731731005779,0.307193376153287
"CD37",-0.116099148394547,0.110677612511103,0.307088856226022
"LAMB2",-0.116100897969181,0.11067220180142,0.307088856226022
"CRYBG2",-0.116254860537032,0.110196870265448,0.306361634307032
"RANBP10",-0.116272356283379,0.110142956709729,0.306287948110618
"TNFSF13",-0.116300349477533,0.110056738022853,0.30627620910666
"ARHGEF5",-0.116384329059997,0.109798399338075,0.305830709327053
"CRYGN",-0.116426318851229,0.109669408399566,0.305562564712858
"CTSD",-0.116491053112712,0.109470780194506,0.305297369048373
"ANXA8",-0.116499800985885,0.109443960197176,0.305297369048373
"IFNB1",-0.116522545456136,0.109374252320463,0.305195508193181
"PSG11",-0.116552288224925,0.10928314841346,0.305092994718827
"PRSS36",-0.116608274613235,0.109111820186072,0.304781241338962
"EFCAB5",-0.116625770359581,0.109058323348968,0.304753596274868
"EHBP1L1",-0.116634518232755,0.109031582647977,0.304753596274868
"MICALL1",-0.116648514829832,0.108988808226185,0.304726770339984
"TIMP3",-0.116739492710835,0.10871109531788,0.30420863292729
"SLC11A1",-0.116826971442568,0.108444587670414,0.303872636058911
"TEPP",-0.116875959532339,0.108295567556249,0.303546153336411
"ROPN1B",-0.116910951025032,0.108189223078607,0.303339127791032
"KRTAP9-3",-0.116928446771379,0.108136081595076,0.303235654635081
"OOEP",-0.117159390623155,0.107436533195635,0.301726188727563
"MYCN",-0.117189133391944,0.107346698873542,0.301595107218777
"PARP14",-0.117208378712925,0.107288602240696,0.301492918364016
"SERF1A",-0.117399082348104,0.106714251941354,0.300149905008542
"GPR20",-0.117406080646643,0.106693220937955,0.300135953341956
"RPS13",-0.117423576392989,0.106640657685799,0.300122854361139
"PROM2",-0.117537298744243,0.106299492666705,0.299615050564954
"BTG2",-0.117546046617416,0.106273284800292,0.299586395008339
"NMRAL1",-0.117553044915955,0.106252322166405,0.299586395008339
"METTL16",-0.117605532154995,0.106095206059191,0.29935550209419
"KCNE2",-0.117663268117939,0.105922589487217,0.299139616099086
"TAPBPL",-0.117665017692573,0.105917362133357,0.299139616099086
"TAAR5",-0.117787487917,0.105551951458024,0.298378326981402
"MFAP4",-0.117913457290696,0.105177136307771,0.297709638933605
"C3AR1",-0.117934452186312,0.105114769116415,0.297578206460233
"ADCY4",-0.11797469240291,0.104995313389571,0.297343893510128
"ZP2",-0.117990438574622,0.104948598952557,0.297343893510128
"CFAP58",-0.117992188149256,0.104943409469996,0.297343893510128
"CBFB",-0.118114658373683,0.104580647562425,0.296725123391514
"SNW1",-0.118146150717107,0.104487525769183,0.296611799857921
"ZNF7",-0.118245876471283,0.104193070982301,0.296181094926247
"RPL19",-0.118461074151347,0.103559896609974,0.295023378665903
"GALR2",-0.11849606564404,0.103457228786718,0.294852312653861
"CACNG4",-0.118571297353331,0.103236764751087,0.294448658902155
"ZNF592",-0.118585293950408,0.103195789096327,0.294391355082607
"PABPC5",-0.118644779487987,0.103021785651448,0.294224144837131
"CNPPD1",-0.118700765876296,0.1028582292039,0.293952607285698
"PPBP",-0.118737506943624,0.102751006666033,0.293781047228236
"TNFRSF10A",-0.118739256518259,0.102745903031543,0.293781047228236
"SLC15A4",-0.118742755667528,0.102735696362623,0.293781047228236
"RESF1",-0.118749753966067,0.102715285424892,0.293781047228236
"GBGT1",-0.118767249712414,0.102664272079402,0.2937421048601
"PGPEP1",-0.118872224190494,0.102358611722517,0.293151569947688
"ZCCHC10",-0.118910714832456,0.102246716403311,0.292922177565307
"ELOVL7",-0.118936958451976,0.102170479518591,0.29287972613039
"EEF2KMT",-0.118978948243208,0.102048593852125,0.292668848093102
"SLC22A8",-0.11910316804227,0.101688687518713,0.292112973596449
"CYB561A3",-0.119148656982771,0.10155714188965,0.291797104912479
"BVES",-0.119166152729118,0.101506583222769,0.291797104912479
"GFI1B",-0.119201144221811,0.101405525538414,0.291629346155808
"GUCA1A",-0.119213391244254,0.101370174132837,0.291618818870126
"KIR2DS1",-0.119304369125256,0.101107868412833,0.291133294862484
"DDX11",-0.11939184785699,0.100856157472413,0.290765765250633
"CAV1",-0.119409343603336,0.100805874771263,0.290711939040781
"DUXA",-0.11944433509603,0.100705368817301,0.290511811558839
"SLC7A7",-0.119447834245299,0.100695322580318,0.290511811558839
"PHF21B",-0.119565055745822,0.100359231240945,0.289916319049635
"GABRR1",-0.119614043835592,0.100219038246685,0.289746989793887
"NPTX2",-0.119652534477555,0.100108995300506,0.289550284988725
"DHRS4",-0.11967702852244,0.100039017745929,0.289438992319592
"SINHCAF",-0.119722517462942,0.0999091620883002,0.289242522269585
"HLA-DRA",-0.119741762783923,0.0998542633143318,0.289173239519067
"RPL32",-0.119755759381,0.0998143519253771,0.289147330007498
"DEFB103A",-0.119818744067848,0.0996349068385112,0.288941229831682
"ARID3B",-0.119832740664926,0.0995950648407808,0.288870543712754
"SLC32A1",-0.119871231306889,0.0994855643523768,0.288642597459218
"PPIB",-0.119949962165449,0.0992618828546968,0.288172691464996
"SLC16A14",-0.120089928136222,0.0988652099990757,0.28728904028983
"ALX3",-0.120105674307934,0.0988206629658036,0.287248980785891
"THEM6",-0.120112672606473,0.0988008693871595,0.287236151412607
"GGTLC1",-0.120131917927454,0.0987464532343021,0.287122646832294
"FAM72B",-0.120145914524531,0.0987068927605487,0.287097014358512
"SMIM40",-0.120280631771401,0.0983267647126354,0.286303501367817
"AGAP1",-0.120322621562633,0.0982085206196627,0.286136056278351
"BRS3",-0.120450340510963,0.0978495539340832,0.285596182895592
"IGFBP3",-0.120455589234867,0.0978348241555582,0.285596182895592
"C4orf45",-0.120480083279753,0.097766108425914,0.285472145241146
"LAD1",-0.120508076473907,0.0976876230148115,0.285287575828713
"B3GNT5",-0.120558814138313,0.0975454955220708,0.28509374473764
"CDH5",-0.120593805631006,0.0974475721181878,0.284942986829384
"ITIH2",-0.120642793720777,0.0973106103181867,0.284631630117847
"ZSCAN10",-0.120690032235913,0.0971786846261082,0.284379366041554
"OR4B1",-0.120775761393011,0.0969396262700488,0.283989579008251
"CLVS1",-0.120777510967646,0.0969347523899634,0.283989579008251
"CAPN3",-0.120871987997918,0.0966718514108349,0.283518137083661
"PAXIP1",-0.120906979490611,0.0965746243749791,0.283395004053347
"SESN2",-0.120915727363785,0.0965503297446075,0.28338424615909
"AMDHD1",-0.120975212901363,0.0963852548548574,0.283033179193289
"NPHP3",-0.120990959073075,0.0963415960771122,0.282949465063084
"TGFB1I1",-0.121022451416499,0.0962543256114898,0.282824814782956
"EBP",-0.121158918238003,0.0958768784898424,0.282028127685666
"RGR",-0.121181662708254,0.095814085055296,0.281958857965044
"RPL18A",-0.121304132932681,0.0954765277434533,0.28124915333387
"CCDC70",-0.121312880805854,0.0954524527010089,0.281222591362051
"SOGA1",-0.121330376552201,0.0954043170834313,0.281169484906133
"RPS27A",-0.121335625276105,0.09538988015909,0.281169484906133
"PYDC5",-0.121351371447817,0.0953465797990277,0.281169484906133
"ZNF397",-0.121403858686857,0.0952023580327317,0.280943114124171
"SAMD10",-0.121428352731742,0.0951351138867929,0.280906171145686
"ENG",-0.121449347627358,0.0950775060911045,0.28078233772256
"UNC13D",-0.121459845075166,0.0950487125901955,0.280770044455832
"CLEC18B",-0.121514081888841,0.0949000565425477,0.28052444697509
"LPAR2",-0.121528078485918,0.0948617237033431,0.280469689302748
"CMTM8",-0.121564819553246,0.094761158551515,0.280469001126481
"CHADL",-0.121619056366921,0.0946128601361808,0.280118861113398
"NIBAN2",-0.121638301687902,0.0945602824897902,0.280021735394405
"PTDSS2",-0.121645299986441,0.0945411691059997,0.280021735394405
"OSBP2",-0.121682041053769,0.0944408742288356,0.279875875451878
"SLC27A5",-0.121696037650846,0.094402688916949,0.279807112873026
"TPM4",-0.121708284673289,0.0943692868407144,0.279807112873026
"CCR7",-0.121710034247923,0.0943645158827993,0.279807112873026
"ABITRAM",-0.121729279568905,0.094312048003505,0.279804894124457
"FOXO4",-0.12175377361379,0.0942453042574742,0.279740194264556
"B3GNT3",-0.121762521486963,0.0942214763107619,0.279740194264556
"TBC1D12",-0.121851749793331,0.0939787048302986,0.279376718144169
"MFSD5",-0.121968971293854,0.0936605262734403,0.278890942073146
"TFCP2L1",-0.122066947473396,0.0933952441263738,0.278278490635634
"SLC47A1",-0.122122933861705,0.0932439230384359,0.278005029799781
"FOXN4",-0.122159674929033,0.0931447246813617,0.277797968404521
"FUT6",-0.122161424503668,0.0931400030464574,0.277797968404521
"KDM2B",-0.122184168973918,0.0930786391303468,0.277745882706019
"OLFML2B",-0.122196415996361,0.0930456103559302,0.277745882706019
"PLPPR1",-0.122259400683209,0.0928758954558173,0.277364599559644
"ZNF705A",-0.122432608572041,0.0924104502739827,0.276269820604594
"VPS11",-0.122451853893022,0.0923588490502294,0.276159760624733
"NNMT",-0.122738784133108,0.0915922408085167,0.274174817974012
"SLC6A3",-0.122773775625801,0.0914991000648026,0.273983837231081
"SP5",-0.122843758611188,0.0913130451393455,0.273602186911987
"SBSPON",-0.12291199202194,0.0911319321875053,0.273276603799508
"ABI3",-0.122967978410249,0.0909835407785618,0.272921395371092
"AK8",-0.123062455440521,0.0907335674059484,0.272475755203305
"SLCO1A2",-0.123198922262025,0.0903734625213338,0.271658584588513
"EPO",-0.123202421411294,0.0903642440843558,0.271658584588513
"CASP10",-0.123212918859102,0.0903365932765369,0.271635198201997
"UBALD2",-0.12324965992643,0.0902398686288107,0.271530887441545
"RRP36",-0.123303896740105,0.0900972357402845,0.271264867755208
"CBX8",-0.12332839078499,0.0900328799121872,0.271114812196067
"GRN",-0.123330140359625,0.0900282844721124,0.271114812196067
"FADS1",-0.12333188993426,0.0900236892193167,0.271114812196067
"TGS1",-0.123373879725492,0.0899134593232409,0.270927728324585
"CELA3A",-0.123440363561609,0.0897391490982556,0.270666722958498
"IRX3",-0.123484102927476,0.0896246185748746,0.270627223363679
"GALM",-0.123536590166516,0.0894873360900421,0.270387556838315
"STEAP1",-0.123554085912862,0.0894416126086052,0.270293132213319
"ZC2HC1C",-0.123557585062132,0.0894324701523057,0.270293132213319
"OR5A1",-0.123606573151902,0.0893045541362726,0.270053732682809
"PDCD1",-0.123687053585097,0.0890947237783635,0.269547847452299
"PARD6G",-0.123846264876852,0.088680785313257,0.268730815498891
"CDK1",-0.123867259772468,0.0886263149467225,0.268680439379156
"SLC35B3",-0.123919747011508,0.0884902560506901,0.268444587835139
"IFITM3",-0.123991479571529,0.0883045790495237,0.268202361087804
"KRT38",-0.124012474467145,0.0882502935425498,0.268202361087804
"C10orf71",-0.124078958303263,0.0880785654975273,0.267908027562186
"PSME1",-0.124094704474975,0.0880379322420292,0.267871688261997
"KPRP",-0.124129695967668,0.0879476898037553,0.267771609842669
"PIGO",-0.124173435333535,0.0878349908367776,0.267690321290414
"SAMD4B",-0.124210176400863,0.0877404130231961,0.267533053652443
"TMEM101",-0.124269661938441,0.0875874598217587,0.267153911421063
"CKAP4",-0.124322149177481,0.0874526783835577,0.266944588471801
"SIAH1",-0.124332646625289,0.0874257420263183,0.266944588471801
"HTATIP2",-0.124365888543348,0.0873404873688031,0.266749131986879
"CRKL",-0.124385133864329,0.0872911598338693,0.266642083915169
"TRIM56",-0.124437621103369,0.0871567435339026,0.266318609659549
"SNX6",-0.124463864722889,0.0870895975522203,0.266214222755666
"SMARCE1",-0.124525099835103,0.0869330846575965,0.26586634123629
"KCNN4",-0.124614328141471,0.0867054263179739,0.265460744576144
"BST2",-0.124614328141471,0.0867054263179739,0.265460744576144
"DCBLD2",-0.124640571760991,0.0866385589347292,0.26537031662515
"SLC35D2",-0.124642321335625,0.0866341025782335,0.26537031662515
"TRMT13",-0.124813779649823,0.0861982695346938,0.264384772841179
"TMEM244",-0.124829525821535,0.0861583322949504,0.264384772841179
"MYCT1",-0.124855769441055,0.0860918031811445,0.264318677660867
"OR7A17",-0.124878513911305,0.0860341779234013,0.26431292954545
"PRR18",-0.124910006254729,0.0859544401433756,0.26420097500291
"CMPK2",-0.124993985837193,0.0857420956249124,0.263852261969165
"TRIM41",-0.125032476479156,0.0856449117021988,0.263683542853654
"UBXN11",-0.125102459464543,0.0854684399361932,0.263227009275782
"BST1",-0.125151447554313,0.0853450832808133,0.263063999893129
"CLEC19A",-0.125217931390431,0.0851778991048802,0.26273568082663
"C1orf198",-0.125223180114335,0.0851647115500024,0.26273568082663
"PTPN13",-0.125259921181663,0.0850724445159785,0.262613714674449
"OR4C13",-0.125261670756297,0.0850680528486356,0.262613714674449
"PDGFB",-0.125296662248991,0.0849802576871855,0.262459284366773
"CEL",-0.125394638428532,0.0847348179123518,0.261961175191373
"GLB1L",-0.12551011035442,0.0844462802317774,0.261285409146566
"HERC5",-0.125555599294921,0.0843328306291974,0.26110741790963
"DKKL1",-0.125669321646175,0.084049741863476,0.260446819154186
"ALOX12",-0.125711311437407,0.0839454098635284,0.260209871304773
"GOLT1B",-0.125767297825716,0.0838064623397833,0.259908583636299
"FBXW11",-0.125833781661833,0.0836417021366036,0.25957002809957
"ZNF350",-0.125942255289183,0.083373441542409,0.258995740892553
"FOXO1",-0.125966749334068,0.0833129623476956,0.258893990816233
"GSTZ1",-0.125998241677492,0.0832352551885591,0.258722386945328
"PECAM1",-0.126012238274569,0.0832007373741134,0.258722386945328
"TNFRSF6B",-0.126094468282399,0.0829981774701599,0.258329410195425
"MS4A6E",-0.126125960625823,0.082920706388411,0.258260433547322
"REG1A",-0.126148705096074,0.0828647912103141,0.258260433547322
"RAP1A",-0.126225686379999,0.0826757647117049,0.258073304655825
"MRFAP1",-0.126258928298058,0.082594246884191,0.257905058486733
"ADRA1D",-0.126260677872692,0.0825899582631719,0.257905058486733
"ZNF600",-0.126299168514655,0.0824956538945167,0.25772646907561
"PRAMEF10",-0.126404142992735,0.08223890023307,0.257338472915329
"CAV2",-0.126414640440543,0.0822132602587474,0.257317722237702
"OR10G4",-0.12642863703762,0.0821790836293363,0.257253866218821
"CALD1",-0.126446132783967,0.0821363789153137,0.257249540939527
"FGL2",-0.12651086704545,0.0819785266756142,0.256841295788252
"SERPINA9",-0.126551107262047,0.0818805253934279,0.256620354463443
"DEFB104A",-0.126596596202548,0.0817698548743722,0.256329852891421
"LY6K",-0.126689323658186,0.081544630074002,0.255868197456664
"RGS14",-0.126726064725514,0.0814555282942905,0.255687841076122
"OR14A16",-0.126859032397748,0.0811337195782685,0.255033871093727
"IQCF1",-0.126871279420191,0.0811041308635348,0.255000125927168
"IGFBP4",-0.1269272658085,0.080968978805703,0.254746739921716
"CIAPIN1",-0.126937763256308,0.0809436579991815,0.254709984295318
"ITGA10",-0.12703573943585,0.0807076378770653,0.254224294989386
"NOL8",-0.127060233480735,0.0806487195531672,0.254124428273148
"TRIM64B",-0.127107471995871,0.0805351892121955,0.25384925126161
"SLC49A3",-0.12714071391393,0.0804553747064948,0.253729243164218
"TCEANC2",-0.127191451578335,0.0803336754604039,0.253473850802247
"KIF20B",-0.127266683287626,0.0801534979569042,0.253145604369126
"CITED4",-0.12729467648178,0.0800865383684815,0.253121711045822
"ZNF548",-0.12739965095986,0.0798358413828376,0.252543051095169
"ZKSCAN2",-0.127649840132618,0.0792408974586775,0.251256876220418
"RNF223",-0.127667335878964,0.0791994271509303,0.251168025381351
"LRRC25",-0.127728570991178,0.0790544189396224,0.250963849756313
"MRPL58",-0.12784929164097,0.078769173081338,0.250185897358345
"METTL17",-0.127975261014666,0.0784724114605484,0.249497915634525
"CD248",-0.128113477410804,0.0781478372220156,0.248804808721167
"FTCD",-0.12819045869473,0.0779675323037918,0.248511016984612
"TDRD9",-0.128200956142538,0.0779429713246474,0.248491453134024
"PIM3",-0.128204455291807,0.0779347857205261,0.248491453134024
"COX17",-0.128232448485962,0.0778693258825764,0.248383865103842
"LCE3A",-0.128260441680117,0.0778039104659582,0.248256719699611
"NOTCH3",-0.128260441680117,0.0778039104659582,0.248256719699611
"VANGL2",-0.128325175941599,0.0776528073413508,0.247947312345199
"NHEJ1",-0.128381162329909,0.0775223148463419,0.247784828353634
"SLC25A1",-0.128423152121141,0.0774245618091338,0.247527755450361
"KLHL41",-0.128592860860703,0.0770304910781976,0.246423681290925
"TOP1MT",-0.128624353204127,0.0769575432309079,0.246245457846282
"LCE4A",-0.128626102778762,0.0769534922109788,0.246245457846282
"FIGN",-0.128648847249013,0.0769008446398763,0.246177609615072
"ANXA5",-0.128704833637322,0.0767713746890915,0.24601616226724
"GSG1L",-0.128713581510495,0.0767511609413045,0.245993595630651
"MVB12B",-0.128722329383669,0.0767309514977498,0.245993595630651
"IGHG2",-0.128783564495882,0.0765896058597754,0.245855530944855
"YIF1A",-0.128827303861749,0.0764887736816346,0.245616289078096
"OR10A7",-0.128857046630538,0.0764202691555923,0.245480726995157
"IZUMO2",-0.128934027914463,0.0762431937746178,0.245249377701475
"GBA3",-0.129026755370101,0.0760303393612532,0.244902141757635
"TMEM275",-0.129157973467701,0.0757299523039637,0.244187256427629
"GZMM",-0.129173719639413,0.0756939705062269,0.24411338165676
"CDK5RAP2",-0.129243702624799,0.0755342188150829,0.243902367025482
"KCNK13",-0.129325932632629,0.0753468595113004,0.243494997624303
"CCDC137",-0.129497390946826,0.0749574058844058,0.242533699289183
"KIZ",-0.129506138819999,0.0749375796075255,0.242511564157017
"MUCL1",-0.129593617551733,0.074739550410591,0.241954557716796
"ATAD3A",-0.129654852663946,0.074601182435933,0.24167418615325
"AJUBA",-0.12971258862689,0.0744709114154031,0.241416136014271
"FAM214B",-0.129824561403509,0.0742187901385487,0.24085319281104
"TGIF1",-0.129826310978143,0.0742148562410936,0.24085319281104
"C6orf58",-0.12984380672449,0.0741755265632471,0.240796477332731
"BMP8A",-0.129926036732319,0.0739909033673014,0.240280666195048
"SHROOM1",-0.129968026523551,0.0738967715134546,0.240058463173644
"C2CD4B",-0.130048506956746,0.0737166235926041,0.239681696068153
"EPHB1",-0.130151731860191,0.0734860859256578,0.23914029286419
"JUNB",-0.130480651891509,0.0727553901415791,0.23725854134523
"DAO",-0.130613619563744,0.0724616817814875,0.236424592758746
"PTPRJ",-0.130694099996938,0.072284379218033,0.236003949970401
"LGR6",-0.130702847870112,0.0722651284519527,0.236003949970401
"PTPN7",-0.130715094892554,0.0722381843760157,0.236003949970401
"CFC1",-0.130842813840885,0.0719576821786435,0.235397034921763
"TMEM41A",-0.130928542997984,0.0717698967598463,0.234906167523114
"POLR2B",-0.130954786617504,0.0717124911132226,0.234841747155978
"TLR2",-0.130989778110197,0.0716360083071732,0.234673582028551
"GPC4",-0.131042265349237,0.0715214084244573,0.234503831414179
"ANTXRL",-0.131075507267296,0.0714489056115191,0.234430738088674
"ANKRD34B",-0.131171733872202,0.0712393658118078,0.233825377135558
"MYH6",-0.131220721961973,0.0711328831059597,0.233599037258116
"RPL21",-0.131257463029301,0.0710531060461267,0.233378088026286
"KRT35",-0.131439418791306,0.0706590915050761,0.232410918095949
"HRNR",-0.131481408582538,0.0705684179856163,0.232276308477154
"TUBAL3",-0.131491906030346,0.0705457644052027,0.232242675133363
"PRICKLE4",-0.131521648799136,0.0704816113934067,0.23211330883147
"SNX30",-0.131535645396213,0.0704514381719088,0.232054860546485
"ZNF568",-0.131591631784522,0.0703308503855348,0.231817533541191
"ULBP2",-0.131609127530869,0.0702932011709806,0.231778923917591
"OR4S1",-0.131906555218762,0.069655670524877,0.230095345431158
"KCNE1",-0.131931049263648,0.069603378556476,0.230081696498434
"CST6",-0.131980037353418,0.0694988905396284,0.229890414402781
"OR13C9",-0.132011529696842,0.0694317871666592,0.229783115752167
"RMI2",-0.132085011831498,0.0692754178686637,0.229435663081249
"CCDC194",-0.132256470145696,0.0689116718198145,0.228636415510189
"EPHB4",-0.132275715466677,0.0688709405313474,0.228554162142591
"HIP1",-0.132321204407178,0.0687747445781332,0.228384980394953
"RPLP0",-0.132399935265739,0.0686085104274591,0.228076279947174
"CCL19",-0.132431427609163,0.0685421085568938,0.227936684367619
"DIP2B",-0.132438425907701,0.0685273597038697,0.227928222587617
"POU3F4",-0.132562645706763,0.0682659978925124,0.227382874378556
"TMEM116",-0.132571393579936,0.0682476228154002,0.227362219711098
"TF",-0.132650124438496,0.0680824285830026,0.227087741400374
"NPM1",-0.132725356147787,0.0679248812084033,0.226650898954465
"TPPP3",-0.132767345939019,0.0678370772065285,0.22639836560206
"SPTLC2",-0.132772594662923,0.0678261082207992,0.22639836560206
"NLRP6",-0.132924807656139,0.0675086366445848,0.225584415454333
"FOXC1",-0.132993041066891,0.0673667160428548,0.225291862383797
"FBXW4",-0.133159250657184,0.0670220310358879,0.224440281804957
"TSEN54",-0.133234482366475,0.0668664898742467,0.224200819549629
"ELMO3",-0.133293967904053,0.0667437126655846,0.223990220618591
"TBC1D21",-0.133339456844555,0.0666499485156782,0.223739947899101
"NMBR",-0.133356952590901,0.066613914046133,0.223675199339371
"KIAA1143",-0.133540657927541,0.0662365122074277,0.22288884720467
"MT1B",-0.133566901547061,0.0661827405884434,0.222772161329932
"ODF3",-0.1335738998456,0.0661684075172009,0.222772161329932
"DMAC2",-0.133673625599776,0.0659644367799812,0.222173457403594
"EIF3A",-0.133741859010528,0.0658251742368451,0.221744400080685
"KPNA3",-0.133773351353952,0.065760980342282,0.221608096151653
"MYO1F",-0.133850332637877,0.0656042774117569,0.221239704756586
"COMMD1",-0.133909818175456,0.0654833980526812,0.220911839239862
"FANCC",-0.13391506689936,0.0654727409785954,0.220911839239862
"GOLGA8A",-0.133936061794976,0.0654301268670784,0.220811899054853
"SEMA6C",-0.134018291802805,0.06526343998285,0.220408680853473
"CHIC2",-0.134035787549152,0.0652280195464762,0.220404651921639
"RIOK3",-0.134044535422325,0.0652103152269115,0.220388680271046
"MNX1",-0.134156508198944,0.0649840469649153,0.219862692231297
"H4C9",-0.134184501393099,0.0649275803992994,0.219711449816509
"FGF11",-0.134205496288715,0.0648852568312886,0.219687646225734
"OR2J2",-0.134219492885792,0.0648570536651924,0.219667784798263
"CRIP1",-0.134284227147275,0.0647267445010946,0.219469259314169
"NUDT18",-0.134357709281931,0.064579085774774,0.219247228854695
"OR5AS1",-0.134404947797067,0.0644843080125341,0.21904491386724
"NEK7",-0.134565908663456,0.0641622163780345,0.218387744318603
"GRAMD1A",-0.134602649730784,0.0640888804756221,0.21821767215364
"INF2",-0.134670883141536,0.0639528673821242,0.217953239275283
"TINF2",-0.134674382290806,0.0639458987307498,0.217953239275283
"PSTK",-0.13475836187327,0.0637788376294599,0.217598387206393
"SLAIN1",-0.13478110634352,0.0637336535073608,0.217543251587594
"OR8H1",-0.134914074015755,0.0634700247942906,0.216941102316649
"WDR54",-0.135026046792374,0.0632487154989568,0.216382672771298
"FAM114A2",-0.135180009360224,0.0629454485485387,0.215463562516955
"IL20",-0.135225498300726,0.0628560755007484,0.215232366424259
"DUOX1",-0.135615653444256,0.0620937962980695,0.213566066236233
"RPL36AL",-0.135661142384758,0.0620054167078177,0.213379982022333
"NAA16",-0.135746871541856,0.0618391358545993,0.213004002438306
"TMEM102",-0.135767866437472,0.0617984698690889,0.212903195586627
"OLIG3",-0.135783612609184,0.0617679847911759,0.212837432464945
"ELL",-0.135785362183819,0.0617645983226181,0.212837432464945
"LGR5",-0.13585709474384,0.0616258843128953,0.212504618801261
"AAAS",-0.13585709474384,0.0616258843128953,0.212504618801261
"DBH",-0.135948072624843,0.0614503224442549,0.212016667646205
"SGPP1",-0.135976065818998,0.0613963861261759,0.211869716794616
"KIAA1755",-0.136142275409291,0.0610769395715093,0.211157520073585
"ANG",-0.136193013073696,0.0609796968287601,0.211055748327265
"HCAR2",-0.136294488402507,0.0607855930149087,0.210500970729916
"PEX3",-0.136327730320566,0.0607221178173961,0.210398195242614
"SEC11A",-0.136511435657206,0.0603723156354711,0.209574975243133
"AGBL2",-0.136518433955745,0.0603590226709401,0.209567783491816
"NOTUM",-0.136567422045515,0.0602660392938916,0.209322772894313
"OR4N2",-0.136616410135286,0.0601731737471221,0.209116894845786
"DLX3",-0.136628657157729,0.0601499757590441,0.209075180955873
"SPATA24",-0.136653151202614,0.0601036018496844,0.208964391794622
"IL36RN",-0.136679394822134,0.0600539481555364,0.208869522961066
"LIPF",-0.136716135889462,0.0599844896748469,0.208810872165413
"CDV3",-0.136724883762635,0.0599679616855537,0.208803762525547
"ROBO4",-0.136905089950006,0.0596283177613893,0.208036327762322
"AMZ1",-0.136934832718795,0.0595724125206313,0.207941911434437
"CPXM1",-0.136943580591969,0.0595559780144918,0.207941911434437
"C15orf62",-0.136964575487585,0.0595165504232366,0.207941911434437
"RAET1G",-0.136982071233931,0.0594837105099179,0.207941911434437
"IGF1R",-0.136997817405643,0.0594541673408571,0.207933713344166
"XKRX",-0.13704155677151,0.059372166344186,0.207685817314856
"KRTAP10-6",-0.137062551667126,0.0593328389466932,0.207587130042795
"CNOT8",-0.137181522742283,0.0591103885532989,0.20711925264942
"FAM161A",-0.137218263809611,0.0590418295827245,0.207034399039985
"DBI",-0.13740896744479,0.058687027062179,0.206177373478791
"ARHGAP15",-0.137450957236022,0.0586091418083893,0.205981244338253
"OR7E24",-0.137499945325793,0.0585183833244368,0.205739707636894
"EFS",-0.137501694900427,0.0585151440928212,0.205739707636894
"ZSWIM3",-0.137524439370678,0.0584730475237108,0.205657746808441
"ZBTB42",-0.137534936818486,0.0584536267557954,0.205657746808441
"CAVIN1",-0.137639911296566,0.058259711235939,0.205177893087384
"GALNTL5",-0.137643410445835,0.0582532565269772,0.205177893087384
"SFRP1",-0.137844611528822,0.0578831008119402,0.204159544997884
"BTBD19",-0.13785510897663,0.05786384168949,0.204159544997884
"VWCE",-0.137914594514209,0.0577548064331298,0.203976695337582
"SNTG1",-0.137946086857633,0.0576971505082576,0.203961276492296
"KIRREL2",-0.137996824522038,0.0576043602472275,0.203676454369031
"NOS1",-0.138009071544481,0.0575819810462604,0.203676454369031
"BRAP",-0.138089551977675,0.057435096046063,0.203424588233695
"LRRC8D",-0.138269758165046,0.057107321979904,0.202697764831973
"P4HA2",-0.138439466904609,0.0568000543066992,0.201941331473808
"SMAGP",-0.138798129704716,0.0561551627155296,0.200231442298447
"C7orf33",-0.139032572705761,0.0557369015559439,0.19903295859633
"GLOD4",-0.139043070153569,0.0557182338254296,0.199004347853074
"KRTAP10-9",-0.139050068452108,0.0557057915424871,0.198997965349558
"TUT1",-0.139053567601377,0.0556995712621222,0.198997965349558
"NAXD",-0.139067564198454,0.055674695880485,0.198962996606188
"OR10H3",-0.139130548885302,0.0555628702539891,0.198753527075943
"PUSL1",-0.139146295057014,0.055534942873515,0.198729755337376
"SNAI3",-0.139177787400438,0.0554791229197441,0.198644190883654
"BUD23",-0.139184785698977,0.055466724785951,0.198637881515325
"FGF1",-0.139188284848246,0.0554605265779692,0.198637881515325
"SLC46A1",-0.139200531870689,0.0554388373586891,0.198637881515325
"TIMP1",-0.139202281445324,0.0554357394712564,0.198637881515325
"EXT2",-0.139408731252214,0.0550711921749524,0.19763827537652
"SLC30A2",-0.139529451902006,0.0548589448024268,0.197141745839931
"RERGL",-0.139566192969334,0.0547944822419011,0.196985899971077
"HSD17B10",-0.139581939141046,0.0547668746185808,0.196924557253873
"RELN",-0.139644923827894,0.0546565591710092,0.196768859683352
"MYCL",-0.139662419574241,0.0546259486384873,0.196720828533048
"ACSM3",-0.139746399156705,0.0544792154636679,0.196419657914954
"OR4X2",-0.139781390649398,0.0544181729791558,0.196259462041218
"FAM185A",-0.139863620657228,0.0542749459211172,0.196061680855471
"ARHGAP27",-0.139891613851382,0.0542262590202597,0.19599953811929
"OSBPL2",-0.139970344709942,0.0540895208979581,0.195694671113961
"ZDHHC12",-0.140014084075809,0.0540136786992857,0.195491057544385
"MRGPRD",-0.140021082374348,0.0540015521220502,0.195491057544385
"GPR132",-0.140147051748044,0.053783658910697,0.194863247261746
"PAX5",-0.140159298770486,0.053762513738566,0.194851291787592
"FAM174B",-0.140173295367564,0.0537383562584346,0.194834376691651
"KRTAP9-6",-0.140178544091468,0.0537292995214094,0.194834376691651
"RPL8",-0.140206537285622,0.0536810182714138,0.194782727265771
"TUSC2",-0.140218784308065,0.053659906526987,0.194743959249516
"NT5C",-0.140225782606604,0.0536478457609631,0.194743959249516
"HIPK2",-0.140316760487606,0.05349126002373,0.194320710407154
"MMP11",-0.140556452212556,0.0530805288085872,0.193166788002567
"PROM1",-0.140570448809633,0.053056625500971,0.193117430882115
"RPS17",-0.140664925839905,0.0528955114263,0.192568532436175
"ST6GALNAC3",-0.140685920735521,0.052859763430524,0.192486754403537
"UFSP1",-0.140715663504311,0.0528091547227019,0.192404169645178
"HECA",-0.140717413078945,0.0528061789912946,0.192404169645178
"C1QTNF2",-0.140825886706295,0.0526219549545722,0.192059337645415
"STKLD1",-0.1408766243707,0.052535968761907,0.191820479491178
"LAIR1",-0.140939609057548,0.0524293894167754,0.191618645156105
"PTPRB",-0.141009592042935,0.0523111783101372,0.191261465567761
"TANC1",-0.141156556312247,0.052063654539751,0.190767277258071
"RPP25",-0.141223040148364,0.0519519991764838,0.190619948255405
"HIBCH",-0.141359506969868,0.0517234343454462,0.190005283209196
"C4orf17",-0.141384001014753,0.0516824983711739,0.189913737162878
"SLC11A2",-0.141384001014753,0.0516824983711739,0.189913737162878
"AQP7",-0.141509970388449,0.0514723950880249,0.189343795679329
"RSPO4",-0.141534464433335,0.0514316241361863,0.189305678432679
"FOXD4L1",-0.141550210605047,0.0514054284011019,0.189246556439775
"MLPH",-0.141621943165068,0.051286232429396,0.189068629461389
"FAM234A",-0.141655185083127,0.0512310731503084,0.188977191814173
"NMB",-0.141656934657761,0.0512281713956974,0.188977191814173
"SERBP1",-0.141789902329996,0.0510080371071831,0.188505662669652
"SLC5A5",-0.141803898927073,0.0509849108577034,0.188505662669652
"LRRK1",-0.141831892121228,0.0509386844894117,0.188382350796882
"TRIM59",-0.141835391270497,0.0509329086423982,0.188382350796882
"SGK1",-0.141868633188556,0.0508780652276405,0.188328680024277
"PDK4",-0.141933367450039,0.0507714056956401,0.188045678807661
"TMC6",-0.142124071085217,0.050458271871701,0.187273188687577
"CREB5",-0.142250040458913,0.0502523128929856,0.186620042869238
"GATA6",-0.142265786630625,0.0502266172355995,0.186593525228726
"RASGEF1B",-0.142278033653068,0.0502066392778101,0.186593525228726
"OR4A47",-0.142381258556513,0.0500385160268678,0.186159228150953
"HR",-0.142386507280417,0.050029979910479,0.186159228150953
"CMA1",-0.142521224527287,0.0498113003504938,0.185646746227464
"DKK1",-0.142557965594615,0.0497517986548086,0.185573115973079
"NPAS3",-0.142624449430732,0.0496442792230698,0.185283085285782
"CMTM2",-0.14263494687854,0.0496273201559494,0.185256812159207
"RRM2B",-0.142657691348791,0.0495905920460834,0.185156716723841
"HSPA1A",-0.142724175184908,0.0494833626109729,0.18494122075696
"METRNL",-0.142748669229793,0.0494439056974397,0.184904762275808
"TNFRSF10C",-0.142799406894199,0.0493622568051609,0.184636392568233
"TGM7",-0.142836147961527,0.0493032018217343,0.18452637218892
"KLRC2",-0.142911379670818,0.0491824631826065,0.184185218046593
"SLC22A7",-0.142942872014242,0.0491319945585305,0.184064614207928
"KCNK6",-0.142965616484492,0.049095571815364,0.183970485398021
"TNS2",-0.14297961308157,0.0490731689945111,0.183923440526086
"KRT34",-0.143070590962572,0.0489277580181739,0.183525769983414
"COCH",-0.143075839686476,0.0489193798814927,0.183525769983414
"CTSZ",-0.14324204927677,0.0486546894480361,0.182868782477666
"ZNF124",-0.143341775030946,0.0484964485551656,0.182457629576203
"FAM153B",-0.143406509292428,0.0483939604448532,0.182266040025411
"ISYNA1",-0.143431003337314,0.0483552282480968,0.182219984415145
"ACAD9",-0.143604211226146,0.0480820727788408,0.181410260852047
"RNF122",-0.14360945995005,0.0480738154585861,0.181410260852047
"PRAMEF12",-0.1436322044203,0.0480380473942618,0.181317415750856
"CMKLR1",-0.14366194718909,0.0479913072441569,0.181208742098993
"CTRB1",-0.143857899548172,0.0476843188213461,0.180357106722871
"TFF2",-0.143884143167692,0.047643328912694,0.180337821397137
"KAT6B",-0.14397687062333,0.0474987331551437,0.180082488917065
"PGF",-0.14399961509358,0.0474633222244829,0.180015753302916
"TAF1L",-0.144085344250679,0.0473300481069573,0.179734847182907
"RAPSN",-0.144092342549218,0.0473191823831191,0.179734847182907
"APBB3",-0.144132582765815,0.0472567448467535,0.179633494456934
"GALNT6",-0.144223560646818,0.0471158350530832,0.179249406284657
"GJA9",-0.144305790654647,0.0469887760894688,0.178958567486322
"CTNNA3",-0.144316288102455,0.0469725763974747,0.178958567486322
"NUP35",-0.144368775341495,0.0468916478356203,0.178760648086966
"H2BC4",-0.144400267684919,0.0468431465814452,0.178685172703242
"GNL2",-0.144613715790348,0.0465155183702216,0.178017176451282
"NR2C2AP",-0.144638209835234,0.0464780443700034,0.177920461437166
"SLC10A1",-0.144680199626466,0.0464138618783576,0.177883292517998
"SEPTIN12",-0.144715191119159,0.0463604330234913,0.177787976826843
"DEK",-0.144788673253815,0.046248399609019,0.177540618930738
"PGD",-0.144933887948493,0.0460276651906634,0.176911437559339
"STX10",-0.144949634120205,0.0460037831167285,0.176892454907972
"ZNF385C",-0.14497412816509,0.0459666538027361,0.176816675979413
"CD177",-0.145213819890039,0.0456046365276238,0.175937242675047
"RPH3AL",-0.14523656436029,0.0455704086678883,0.175841519066422
"CEBPD",-0.145276804576887,0.0455099042905165,0.175716967651372
"POLD2",-0.145304797771042,0.0454678539088516,0.17566355804752
"SIK1",-0.145381779054967,0.0453523828166189,0.175501966555226
"ANKRD63",-0.145390526928141,0.0453392766301053,0.175493539967637
"WRAP53",-0.145471007361335,0.0452188482392348,0.17509998128052
"AOC3",-0.145492002256951,0.0451874761678538,0.17501478741411
"KRTAP5-7",-0.145497250980855,0.0451796359947411,0.17501478741411
"PARP1",-0.145507748428663,0.0451639590613389,0.17501478741411
"OR56A5",-0.14552524417501,0.045137840948776,0.175004010288425
"IQGAP1",-0.145591728011127,0.0450387072981401,0.174692190550377
"COLGALT1",-0.145687954616034,0.04489554697379,0.174281695132509
"F12",-0.145719446959458,0.0448487772649369,0.17419271759892
"OLFML3",-0.145824421437538,0.044693172531434,0.173748894712128
"CDKN1B",-0.145826171012173,0.0446905829514896,0.173748894712128
"ST20",-0.145836668459981,0.0446750481083239,0.173748894712128
"NLRP11",-0.145920648042445,0.0445509319655047,0.173468768128774
"TP53I13",-0.145931145490253,0.0445354377583411,0.173460653925918
"ACER2",-0.145974884856119,0.0444709270984474,0.173354004276895
"ICAM2",-0.146016874647351,0.0444090704667356,0.173185174365578
"BACH2",-0.146127097849335,0.0442470393841172,0.172697535535585
"ATP6AP1L",-0.146298556163533,0.0439959750046234,0.171933213891263
"PRRX2",-0.146414028089421,0.043827564010202,0.171598235944346
"FXR1",-0.146429774261133,0.0438046407675203,0.171574366734183
"TAF1A",-0.146498007671885,0.043705422739143,0.171299575042232
"ATRAID",-0.146746447270007,0.0433457566653853,0.170211385929928
"SH3D21",-0.146881164516877,0.0431517659618378,0.169735126601365
"OLIG2",-0.146975641547149,0.0430161551570087,0.169318557269037
"EVA1A",-0.147026379211554,0.0429434747302113,0.169162935109558
"BIN1",-0.147066619428152,0.0428859048777741,0.169081097635066
"EIF3J",-0.147127854540365,0.0427984227690945,0.168872681745939
"OR2T11",-0.147239827316984,0.0426388425245371,0.168427035319005
"AHRR",-0.147343052220429,0.0424921719341154,0.167989797426236
"STING1",-0.147348300944333,0.0424847254301909,0.167989797426236
"ASS1",-0.147406036907277,0.0424028861224535,0.167798487928527
"CCDC188",-0.147453275422413,0.0423360251159751,0.167656404806181
"HAS1",-0.147528507131704,0.0422297254223835,0.167341895181081
"SRD5A1",-0.147617735438072,0.042103939516717,0.16707567203154
"PRAMEF6",-0.147678970550285,0.0420177979483848,0.166856133209448
"CD36",-0.147717461192248,0.0419637275812096,0.166712311488337
"H2BC17",-0.147909914402061,0.0416942511900198,0.165818108012098
"SRD5A2",-0.14794315632012,0.0416478527708673,0.165704153887669
"ARSH",-0.147993893984525,0.0415771177402442,0.165493233358227
"BAGE3",-0.148002641857698,0.041564932249545,0.165479998868579
"COL5A2",-0.148023636753314,0.0415356993100263,0.165434148072948
"FIZ1",-0.148041132499661,0.0415113517207268,0.165372441283339
"ASPA",-0.148046381223565,0.0415040497820891,0.165372441283339
"DOCK9",-0.148125112082125,0.0413946501078011,0.165048352991736
"SF3A2",-0.148133859955298,0.0413825095561309,0.165035180113239
"C12orf73",-0.148151355701645,0.0413582374267746,0.164973610034695
"LRRC32",-0.148497771479309,0.0408801067047307,0.163590501996475
"KCTD11",-0.148676228092045,0.0406356158593048,0.162821446425311
"PSG1",-0.148686725539853,0.0406212724176006,0.162798902075345
"PLXNB3",-0.148763706823778,0.0405162172110848,0.162447589659558
"ETV2",-0.148816194062818,0.0404447197458546,0.162195745323938
"CAPN12",-0.148826691510626,0.0404304329943391,0.162192374910452
"TSFM",-0.148847686406242,0.0404018722252496,0.162128355324186
"AMY1A",-0.148956160033592,0.040254578461443,0.161641476531049
"PRSS41",-0.149015645571171,0.0401739964371319,0.161491510430451
"SLC25A39",-0.149087378131192,0.0400770045471803,0.161259460026978
"CUEDC1",-0.149145114094136,0.03999908109548,0.161059504186257
"DDX4",-0.149376057945912,0.0396886611285976,0.16023031457797
"DISP3",-0.149388304968355,0.0396722562492633,0.16023031457797
"ADSS1",-0.149551015409379,0.0394548468993596,0.159666028319055
"TLN1",-0.149662988185997,0.0393058153827021,0.159235446439771
"SHISAL2A",-0.149680483932344,0.0392825720926475,0.159219773402541
"ATG4C",-0.149830947350925,0.0390831572907945,0.15864313096346
"IER5L",-0.149851942246541,0.0390553998924593,0.15860248108079
"PYCR1",-0.149872937142157,0.0390276591053361,0.158555701860182
"PPP1R3G",-0.149872937142157,0.0390276591053361,0.158555701860182
"GPRC5B",-0.149939420978275,0.0389399227819993,0.158268117056936
"ASMT",-0.149972662896333,0.0388961169826931,0.158158911554273
"SPHKAP",-0.150018151836835,0.0388362395065106,0.15794982774904
"RPS18",-0.150028649284643,0.0388224326647097,0.157937426089395
"ACY3",-0.150119627165645,0.0387029465638237,0.157648032721041
"MYO15B",-0.150119627165645,0.0387029465638237,0.157648032721041
"ACSM2B",-0.150154618658339,0.0386570729824534,0.157564272156329
"TBX3",-0.150229850367629,0.0385585999699852,0.157368971380997
"PTPRR",-0.150422303577443,0.0383076542846353,0.156550055015284
"KCNA7",-0.15043630017452,0.0382894575398375,0.156509938501643
"OR2A1",-0.150604259339448,0.0380716646014202,0.155824327875547
"IFNA13",-0.150665494451661,0.0379925213125792,0.155636834400906
"FOXD2",-0.150765220205837,0.0378639279171158,0.155264735136692
"ITFG2",-0.150843951064397,0.0377626664146474,0.15500122152966
"KLHDC8B",-0.150868445109283,0.0377312094839256,0.154974283774312
"SCGB3A1",-0.150954174266381,0.0376212843238188,0.154624803264005
"ARMC7",-0.150971670012728,0.0375988838610312,0.154575958756166
"MFGE8",-0.151090641087885,0.0374468590840383,0.154145369242561
"TRAT1",-0.151248102805006,0.0372464480405891,0.153693032171021
"KRTAP10-2",-0.151256850678179,0.037235340701885,0.153693032171021
"TACO1",-0.151270847275256,0.0372175747780963,0.153693032171021
"TOR1AIP2",-0.151316336215758,0.0371598849553565,0.153621859091324
"SRSF1",-0.151349578133816,0.0371177747836623,0.153621859091324
"AMOTL2",-0.151370573029432,0.0370911996572475,0.153621859091324
"EOLA1",-0.151424809843107,0.0370226216196337,0.153447510290342
"LDLRAD1",-0.151503540701667,0.0369232634535814,0.15310365636303
"WHRN",-0.151535033045091,0.0368835833096189,0.153007063947233
"TSEN34",-0.151711740083192,0.0366616012308618,0.152285173696964
"ZBTB17",-0.15175198029979,0.0366112089883491,0.152181379716539
"FGF6",-0.151851706053966,0.036486576113093,0.151764653783547
"MYL9",-0.152030162666702,0.0362644439077673,0.151042541128783
"RPS19",-0.15211939097307,0.0361538072794118,0.150716184096048
"PAOX",-0.152133387570147,0.0361364784391227,0.150677577881012
"CALHM2",-0.152154382465763,0.0361104983488172,0.150602873417265
"MARCHF11",-0.152345086100942,0.0358752350802631,0.149806906214543
"PHLPP1",-0.152479803347811,0.0357098225488152,0.149231739969048
"MS4A12",-0.152579529101987,0.0355877903795944,0.148821668860122
"IFNL4",-0.152584777825891,0.035581377421713,0.148821668860122
"SLC39A7",-0.152757985714723,0.0353702977822,0.148111139322952
"GAL3ST1",-0.152791227632782,0.0353299090205113,0.148074816173041
"TJP3",-0.15285071317036,0.0352577318349283,0.147838661820638
"WFDC2",-0.153237369164622,0.0347916166279751,0.14632888372726
"KCP",-0.153251365761699,0.0347748420533966,0.14632888372726
"OR8K3",-0.153265362358776,0.0347580743309242,0.14632888372726
"DPYSL5",-0.153501554934457,0.0344761504183471,0.145443095824046
"KLHL6",-0.15353654642715,0.0344345491837918,0.145366103199931
"HSD3B2",-0.153543544725689,0.0344262340443258,0.145363858695869
"ZNF775",-0.153594282390094,0.0343660001627672,0.145240873283512
"TCIM",-0.153608278987171,0.0343493996481875,0.145229885616608
"ZAN",-0.153709754315982,0.0342292490739686,0.14502392370813
"CCDC88A",-0.153809480070158,0.0341115173831806,0.144722103282208
"TNF",-0.153896958801891,0.0340085268317986,0.144383552423431
"LRRC27",-0.153917953697507,0.0339838483743731,0.144344405785716
"NDE1",-0.154005432429241,0.0338811848734606,0.143973835880944
"PDZK1IP1",-0.15416639329563,0.033692971260572,0.143485218758354
"ZFP36",-0.154257371176633,0.0335869825540993,0.14327987288972
"CLEC6A",-0.154456822684985,0.0333556122855112,0.14238843772439
"TNFSF14",-0.154465570558158,0.0333454955108042,0.14238643311501
"OR6S1",-0.154486565453774,0.033321225876803,0.142380456512864
"TMPRSS11D",-0.154504061200121,0.033301012636369,0.142367863799128
"TRIM51",-0.154670270790414,0.0331095054106117,0.141726592493372
"DLK1",-0.154684267387491,0.0330934212586849,0.141690219034204
"BCAS3",-0.15469126568603,0.0330853816707892,0.141688279771534
"CFHR1",-0.154742003350435,0.0330271442374812,0.141601227222038
"AMIGO2",-0.154808487186553,0.0329509648936928,0.141307054042389
"CNTNAP4",-0.154913461664633,0.0328309855443436,0.140939109485663
"DHFR",-0.155107664449081,0.032610001799372,0.140231267235798
"PCSK9",-0.155174148285198,0.0325346406488685,0.140003905243841
"CDKN2D",-0.155175897859833,0.0325326594607226,0.140003905243841
"CPEB2",-0.155338608300857,0.0323488564898361,0.139437818313612
"DCDC2B",-0.155389345965262,0.0322917224083444,0.139247334956878
"GPR182",-0.15542608703259,0.0322504030149716,0.139133408802867
"MESP1",-0.155476824696996,0.0321934167892591,0.138983877012529
"ZNF626",-0.155483822995534,0.0321855633417927,0.138982099646548
"H2BS1",-0.155518814488228,0.0321463205293495,0.138902282805361
"ZNF354C",-0.155573051301902,0.0320855745604922,0.138815556759013
"SSR4",-0.155970204743972,0.0316437242199596,0.137532742269482
"CALML4",-0.156048935602532,0.0315567503030133,0.137218595729704
"ADSS2",-0.156129416035726,0.0314680539347004,0.137002385641673
"RTP2",-0.156181903274766,0.0314103228370472,0.136868686258678
"PLIN3",-0.156218644342094,0.0313699647177793,0.13677339149955
"LIPA",-0.156358610312868,0.0312166235366858,0.136215341395127
"C7",-0.156593053313913,0.0309612064543191,0.13537504278319
"CALU",-0.156647290127588,0.0309023715513002,0.135216432154768
"PRSS53",-0.15665953715003,0.0308890994353754,0.135196817683401
"SELENOP",-0.156698027791993,0.0308474186690067,0.135109378766972
"SH3YL1",-0.156773259501284,0.030766090008759,0.134879694132296
"C9orf135",-0.15681699886715,0.0307188899149884,0.134752575470008
"TAS2R5",-0.157039194845753,0.030480064894728,0.133940162817398
"TNFAIP2",-0.157116176129678,0.0303976922276652,0.133672545336443
"WIPI1",-0.157121424853582,0.0303920828242945,0.133672545336443
"PLD4",-0.157142419749198,0.030369654031198,0.133643651905432
"INHA",-0.157173912092622,0.0303360372908581,0.133527181815712
"GPANK1",-0.157284135294606,0.0302186283301055,0.133230194214601
"TEDDM1",-0.157326125085838,0.0301740031028651,0.133127730202955
"DXO",-0.157709281930831,0.0297693866825194,0.131755301748221
"SMN1",-0.157756520445967,0.0297198243841385,0.131590194451913
"RELL1",-0.157758270020601,0.0297179900959636,0.131590194451913
"C3",-0.157831752155257,0.0296410371458464,0.131397106512183
"TSSK2",-0.157840500028431,0.0296318874134544,0.131397106512183
"MID1IP1",-0.157934977058703,0.0295332237394284,0.131074735398661
"AQP10",-0.158167670485113,0.0292914133938885,0.130218147237387
"DHRS1",-0.158195663679268,0.0292624376201209,0.130120305950804
"UBE2Q2L",-0.158242902194404,0.0292135964791705,0.129965013779178
"CSF3R",-0.158304137306617,0.0291503874694646,0.129838453703726
"CYP4F12",-0.158326881776868,0.0291269395919564,0.129826903059517
"PTCH1",-0.158356624545657,0.0290963012799152,0.129826903059517
"NUDT19",-0.15844760242666,0.0290027548341794,0.129537841165849
"OR2T34",-0.158512336688143,0.0289363494175218,0.129316884834084
"RHOA",-0.158591067546703,0.0288557610919834,0.129059578973659
"DRD5",-0.158652302658916,0.0287932138751558,0.128924013985234
"PTPN18",-0.158678546278436,0.0287664433943057,0.128835035211524
"FCGR1A",-0.158708289047225,0.0287361292192571,0.128730138953909
"ADAP2",-0.158717036920399,0.0287272184801153,0.128721097009269
"TBX18",-0.158739781390649,0.0287040616035473,0.128648201225786
"DNM2",-0.158806265226767,0.0286364636782956,0.12843770308738
"NFATC2",-0.158820261823844,0.0286222498788182,0.128428698507607
"CSNK1A1L",-0.158940982473636,0.0284999058459197,0.12810210386965
"SCEL",-0.158947980772175,0.0284928271620457,0.128101117014532
"ATP2A3",-0.159014464608292,0.0284256545612651,0.127860675478369
"SLC17A2",-0.159161428877604,0.028277647833246,0.127348288144129
"DYNC1I2",-0.159163178452239,0.0282758898234879,0.127348288144129
"ARRDC2",-0.159245408460068,0.0281933686758447,0.127060654775597
"SLC9A5",-0.159485100185017,0.0279540020140899,0.126225566154532
"ZNF619",-0.16026191132281,0.0271901510466191,0.123673468326025
"MRM1",-0.160293403666234,0.0271595647564441,0.123594549559296
"DNER",-0.160302151539407,0.027151073794199,0.123594549559296
"ISL2",-0.160407126017487,0.0270493593883001,0.123303352681448
"RRS1",-0.160412374741391,0.0270442822443498,0.123303352681448
"ZNF316",-0.160436868786276,0.0270205996940939,0.12323241022879
"ORAI3",-0.160487606450682,0.0269715994709891,0.123144624382642
"SH2B2",-0.16068180923513,0.0267847493224704,0.122643619422924
"RNF144A",-0.160750042645882,0.0267193630339159,0.12248670201802
"FOXD4L4",-0.160919751385444,0.0265573283323835,0.12189350305618
"KRT6A",-0.160958242027407,0.0265206955625183,0.121755287690657
"UHRF1BP1",-0.16099673266937,0.0264841061032364,0.121647114014767
"RPL23",-0.161059717356218,0.0264243257591933,0.121462148136523
"TENT5B",-0.161105206296719,0.0263812230241633,0.121323743215778
"CDHR2",-0.16115419438649,0.0263348721023833,0.121229990481664
"KCNK15",-0.161322153551418,0.0261764842386743,0.120649560622281
"PIGC",-0.161329151849956,0.0261699025072667,0.120649560622281
"TAS2R60",-0.16133440057386,0.0261649671399051,0.120649560622281
"UGGT1",-0.161735053165199,0.0257905820695109,0.119416361642859
"TRHDE",-0.161871519986703,0.0256641159035118,0.119022356248817
"RPS12",-0.161913509777935,0.025625310444744,0.118930988535298
"NMS",-0.161962497867706,0.025580101055662,0.118809740690262
"CXCR1",-0.161964247442341,0.0255784877013441,0.118809740690262
"C1QC",-0.162023732979919,0.0255236855871328,0.11866575853256
"ZNF727",-0.162091966390671,0.0254609484529781,0.118521603516406
"YBX3",-0.162100714263845,0.0254529148108528,0.118521226880195
"CCER2",-0.162193441719482,0.0253678918807691,0.118324362828482
"REM2",-0.162214436615098,0.0253486752913637,0.118293818026364
"NEUROD1",-0.162224934062906,0.0253390716837214,0.118293818026364
"EDIL3",-0.162305414496101,0.025265547739989,0.117994340983254
"ADGRE1",-0.162377147056122,0.0252001699856231,0.117836348185152
"EDEM3",-0.162380646205391,0.025196984546064,0.117836348185152
"BASP1",-0.162524111325434,0.0250666788731747,0.117329647778298
"TMEM150A",-0.162711315811343,0.0248975164866591,0.116867418662558
"C21orf91",-0.162735809856229,0.0248754558071837,0.116844570587264
"RTF2",-0.162770801348922,0.0248439696815614,0.116726032144111
"SLC36A1",-0.162779549222095,0.0248361035020796,0.116726032144111
"ICOSLG",-0.16283378603577,0.0247873809328599,0.116628997025446
"SLC13A2",-0.162840784334309,0.024781100135631,0.116628997025446
"RRN3",-0.162884523700175,0.0247418761246295,0.1165395406062
"ITPRID2",-0.162928263066042,0.024702705471649,0.116443141693215
"FBRS",-0.162977251155813,0.0246588976159525,0.116295346433214
"USP17L7",-0.163029738394853,0.0246120347302996,0.116155082712102
"GPR4",-0.163111968402682,0.0245387701016005,0.115904418416159
"MAB21L3",-0.163129464149029,0.0245232060907148,0.115874909932441
"TRIM48",-0.163143460746106,0.0245107609919836,0.115874732712045
"FANCF",-0.16314870947001,0.0245060954797389,0.115874732712045
"NDUFB7",-0.163188949686607,0.0244703519058062,0.115837637112657
"KRTCAP2",-0.163195947985146,0.0244641402089519,0.115837637112657
"ARL14",-0.163251934373455,0.024414495412586,0.115668471924266
"HSD3B1",-0.163449636307173,0.0242398795166934,0.115045486621033
"FLVCR1",-0.163519619292559,0.0241783264696348,0.114811702300254
"OR14A2",-0.163666583561871,0.0240495024873664,0.114345343292784
"KCNK4",-0.16369982547993,0.0240204457431478,0.114243542623379
"C5orf51",-0.163810048681914,0.0239243156725801,0.113982275382935
"MAFF",-0.164025246361978,0.0237375867811896,0.113352894585911
"CSPG4",-0.164026995936613,0.0237360738148209,0.113352894585911
"PIGL",-0.164102227645904,0.0236710947210709,0.113151104430694
"ZNF764",-0.164179208929829,0.0236047630275014,0.11294966802501
"CNR2",-0.164322674049872,0.0234815717345069,0.112468159968681
"ZNF536",-0.164410152781605,0.0234067270712601,0.112145724674924
"CCDC172",-0.164492382789434,0.0233365604696004,0.111866941306534
"GATA4",-0.164520375983589,0.0233127153289793,0.111788470664852
"MAP4",-0.164558866625552,0.0232799625223424,0.111710323758291
"UCN",-0.164667340252901,0.0231878722857368,0.111440222029959
"SVOPL",-0.164901783253946,0.0229899099343489,0.110802466563587
"S100A4",-0.164949021769082,0.0229501987469368,0.110696774741165
"MTRNR2L10",-0.16504174922472,0.0228724190154155,0.110492834333135
"OR8G1",-0.165127478381818,0.0228007116517577,0.110174926470434
"LTF",-0.165440652241424,0.0225404045587825,0.109114721498139
"KRTAP6-2",-0.165463396711674,0.0225215997812991,0.109051956835764
"DZIP1L",-0.165580618212197,0.0224248972198337,0.108766864306554
"TNIP2",-0.165753826101029,0.0222826638924221,0.108203596166114
"GPATCH3",-0.165762573974202,0.0222755010809182,0.108196946212543
"ZNF837",-0.16577657057128,0.0222640447136483,0.108169432641024
"RETN",-0.165888543347899,0.0221725766085048,0.107788049360228
"TMEM26",-0.165899040795707,0.022164018118913,0.107788049360228
"PITX3",-0.165970773355728,0.0221056113514927,0.107567586659843
"ANKRD13D",-0.166210465080677,0.0219114095221945,0.106859068778655
"CHST3",-0.166434410633915,0.0217312978716291,0.106292031412954
"FPR1",-0.166448407230992,0.0217200834577572,0.106292031412954
"NPR2",-0.1664589046788,0.0217116759266375,0.106287617196824
"FITM1",-0.166472901275877,0.0217004702560937,0.106260614185319
"VSIG10L2",-0.166528887664187,0.0216556974934678,0.106152705088715
"XAF1",-0.166579625328592,0.0216151910969478,0.106009797512237
"CLEC12B",-0.166712593000827,0.021509346667391,0.105684966682503
"CEACAM5",-0.166730088747173,0.0214954531486005,0.105644495527174
"OR4D9",-0.166922541956987,0.0213431352890971,0.105089479214125
"TSPAN32",-0.167092250696549,0.0212095931878257,0.104542191178631
"HLA-E",-0.167274206458555,0.0210672166702693,0.103950155491136
"TCF7L1",-0.167281204757093,0.0210617571868793,0.103950155491136
"LAT2",-0.167317945824421,0.0210331149567445,0.103891683399143
"DDX50",-0.16735118774248,0.0210072295747695,0.103818188532006
"OR2T8",-0.167949542267536,0.0205459795512358,0.101916789933301
"NTMT1",-0.168003779081211,0.0205046067131207,0.101792672773589
"NR1H2",-0.168014276529019,0.0204966073973308,0.101786635324139
"CHIC1",-0.168239971656891,0.0203252739519213,0.101198298140784
"TRAM2",-0.168323951239355,0.0202618391004362,0.100936278218124
"AGPS",-0.16837818805303,0.0202209618850945,0.100813316648699
"LRG1",-0.168617879777979,0.0200411645872363,0.100157556818631
"BNC1",-0.168645872972134,0.0200202569018244,0.100133454177417
"LAP3",-0.168654620845307,0.0200137271242582,0.100127609904272
"MYO6",-0.168759595323387,0.0199355135128382,0.099843295887843
"LRRC61",-0.1688208304356,0.0198900112503318,0.0997223758687778
"YBX1",-0.168878566398544,0.0198471915252517,0.099612453455628
"ANO2",-0.168889063846352,0.0198394147043957,0.099612453455628
"KRAS",-0.168897811719526,0.0198329360365373,0.099612453455628
"IL21",-0.168904810018064,0.0198277544216366,0.099612453455628
"ZNF714",-0.168964295555643,0.0197837580153304,0.0995021545748554
"OR10AD1",-0.168994038324432,0.0197617915400726,0.099480112884743
"RNF213",-0.169009784496144,0.0197501707850668,0.0994484199465912
"FLNB",-0.169062271735184,0.0197114776757323,0.0993071370574526
"SLC22A1",-0.169099012802512,0.0196844315876467,0.0992495405801667
"HES7",-0.16924422749719,0.0195778495454402,0.0989274670212776
"PIK3C2B",-0.169268721542075,0.0195599212247953,0.0988636234896557
"ERGIC1",-0.169440179856272,0.0194348208529378,0.0983910854566189
"OR7C2",-0.169492667095312,0.0193966637167467,0.098357885303818
"C17orf100",-0.169560900506064,0.0193471565273372,0.0981868193762365
"EDC3",-0.169613387745104,0.0193091486437848,0.0980665005856451
"SEMA4D",-0.169704365626107,0.0192434216348881,0.0978198536889411
"ACCSL",-0.169790094783206,0.0191816641657682,0.097532469360165
"IRGC",-0.169828585425169,0.0191539922699962,0.0975245255273854
"ZAR1L",-0.170127762687697,0.0189400838911892,0.0967445334230746
"TRIM46",-0.170176750777467,0.0189052561225488,0.096600427727694
"UGT8",-0.170236236315046,0.0188630399622487,0.0965431993244606
"HCK",-0.170386699733627,0.0187566227899808,0.096077533523226
"OR1L3",-0.170881829355238,0.0184101053940862,0.094822705002745
"TLE6",-0.170957061064529,0.0183579437803751,0.0945801263564928
"FRG1",-0.171053287669435,0.0182914125227385,0.0943675194128909
"CCDC180",-0.171151263848977,0.0182238868474514,0.0940711196138757
"ETV3",-0.17165864049303,0.017877653253715,0.092642356316976
"CNN2",-0.171779361142822,0.0177961204835884,0.0922710566772617
"CD9",-0.171910579240422,0.017707864680821,0.0918644668830591
"BCORL1",-0.171991059673617,0.0176539229195845,0.0917375248876347
"COMMD5",-0.172013804143867,0.0176387044250698,0.0917094776844662
"ESCO2",-0.172153770114641,0.0175453029967832,0.0913510116442498
"TXNIP",-0.172244747995644,0.0174848229694972,0.0910869048196176
"RFX8",-0.172354971197628,0.017411792065086,0.0908077711833417
"DAD1",-0.172444199503996,0.0173528662861045,0.0906269940602035
"ZNF594",-0.172452947377169,0.0173470985974215,0.0906269940602035
"GADD45B",-0.172466943974246,0.0173378737643332,0.0906247216408305
"ZCCHC24",-0.172477441422054,0.0173309579404086,0.0906247216408305
"SPACA6",-0.172640151863078,0.0172240691522203,0.0901560301252428
"C1QB",-0.172794114430929,0.0171234557295004,0.0896796576567999
"TARP",-0.172834354647526,0.0170972435030954,0.0896237413476983
"IFNA16",-0.17286584699095,0.0170767539532929,0.0895858024808142
"TBX1",-0.172893840185105,0.0170585589652473,0.0895154951489066
"ADIG",-0.172902588058278,0.0170528764930268,0.0895108266958314
"OR9Q1",-0.172923582953894,0.0170392452814874,0.0894644208257121
"CCN2",-0.172967322319761,0.017010877382658,0.089365723206335
"TCIRG1",-0.172984818066108,0.0169995417394482,0.0893313003730823
"EVA1B",-0.173177271275921,0.0168752830024504,0.088853336722234
"RCN1",-0.173208763619345,0.0168550252273109,0.0887717008305862
"SERINC4",-0.173231508089596,0.0168404077837463,0.0887315773300164
"USP54",-0.173339981716945,0.016770845581497,0.0885016911164907
"STX4",-0.173376722784273,0.0167473409894526,0.0884289907602535
"ATF3",-0.17339071938135,0.016738394408448,0.0884067460328547
"PSPH",-0.173490445135526,0.0166747704158814,0.0882204000813031
"GATA3",-0.173497443434065,0.0166703134946292,0.0882204000813031
"FGF21",-0.173898096025404,0.0164168788068627,0.0872733756983797
"TBC1D25",-0.173976826883964,0.0163674738807315,0.0870632133855144
"ALPK3",-0.173978576458598,0.0163663774668274,0.0870632133855144
"ACSM5",-0.174025814973734,0.016336798477405,0.087020991091132
"ZIM3",-0.174025814973734,0.016336798477405,0.087020991091132
"HDGFL1",-0.174104545832295,0.0162876036956717,0.0868653302962247
"SPDEF",-0.174178027966951,0.0162418051177575,0.0866910409772048
"UFD1",-0.174230515205991,0.0162091606171488,0.0865910422442422
"ZNF614",-0.174239263079164,0.0162037254318062,0.0865867742959692
"GPR62",-0.174429966714343,0.0160856326154025,0.0861282324327001
"CCDC61",-0.174541939490961,0.0160166439856765,0.085832666592968
"CASP2",-0.174793878238353,0.015862362339879,0.0852259721115021
"OR4F4",-0.174802626111527,0.0158570287082048,0.0852218325624266
"APLNR",-0.174914598888145,0.0157888962766908,0.0849289823915546
"CPD",-0.175290757434599,0.0155618806411418,0.0838769647486188
"CYP2D6",-0.175532198734183,0.0154176741598886,0.0832920111686665
"DGKQ",-0.175542696181991,0.0154114308675344,0.083282373519118
"P2RY11",-0.175560191928337,0.0154010302856185,0.0832502580648946
"RPL30",-0.176069318147025,0.0151010454989595,0.0821278758702873
"ZNF625",-0.176151548154855,0.0150530762673703,0.0819846647198923
"RELB",-0.176326505618322,0.0149514568618543,0.0815280024385373
"PWWP2B",-0.176427980947132,0.0148927927264521,0.0813268412161463
"ZNF738",-0.176462972439826,0.0148726104131656,0.0812403837602461
"KRTAP5-8",-0.176720159911122,0.014725002610105,0.0806755121322592
"ATP6V0E1",-0.176728907784295,0.0147200045410306,0.0806755121322592
"CDX2",-0.17675690097845,0.0147040206862717,0.0806497181605902
"TNFRSF19",-0.17680938821749,0.0146740918575646,0.0805565371933794
"COX15",-0.176905614822396,0.0146193606632517,0.0803469558883927
"FA2H",-0.176947604613628,0.0145955339600233,0.0802432123159835
"CORO7",-0.177141807398076,0.01448577668172,0.0797969885727884
"CPLX4",-0.177794398736807,0.0141222244504228,0.0781934965419794
"DOK7",-0.17785913299829,0.0140866008491713,0.0780656847059713
"B3GALT6",-0.177880127893906,0.0140750641556504,0.0780480695281848
"TMBIM1",-0.177941363006119,0.0140414626999986,0.0779649766623177
"MYOCD",-0.178107572596412,0.0139506125345508,0.0776114506092556
"SYT3",-0.178168807708626,0.0139172714096725,0.0775183301064848
"PSENEN",-0.178186303454972,0.0139077582004118,0.0775115762909252
"DCST1",-0.178223044522301,0.013887798996353,0.077423443001758
"MPO",-0.178476732844327,0.0137506687854483,0.0767964982766245
"EMILIN1",-0.178688431375122,0.0136371454249313,0.0762765282887144
"AQP12B",-0.17883014692053,0.0135616101227861,0.0758819666968012
"CALR",-0.178900129905917,0.0135244441705544,0.0757823340321857
"CLEC17A",-0.178931622249341,0.0135077486377718,0.0757114986671746
"C1orf159",-0.179041845451325,0.0134494564498928,0.0755661999573399
"SOX12",-0.179148569504039,0.0133932250558029,0.0753182388263099
"CRHR1",-0.179192308869906,0.013370239016037,0.0752342825741208
"PTH1R",-0.179201056743079,0.0133656459608871,0.0752311042692968
"RPS3",-0.179372515057277,0.013275900942342,0.0747484853781066
"NUP214",-0.179598210185149,0.013158573067686,0.0742894530266336
"MRPL14",-0.179690937640786,0.0131106328171077,0.0741084075339899
"EEF1D",-0.179757421476903,0.0130763549373234,0.0739472181401753
"RASSF2",-0.179804659992039,0.0130520474047424,0.0738666779790818
"TMX3",-0.179818656589117,0.0130448527902769,0.0738483391061571
"CEP55",-0.179916632768658,0.0129945878438428,0.0736307410714829
"CARD8",-0.179946375537447,0.0129793625068613,0.0735667903423799
"FAM151A",-0.180159823642877,0.0128705568468877,0.0730609482287155
"CIB3",-0.18019481513557,0.0128527964395034,0.0730398033016619
"AGTR1",-0.180464249629309,0.0127167603352966,0.072407992689634
"RNF225",-0.180656702839122,0.0126203672350317,0.071946879878343
"PLAGL2",-0.180674198585469,0.0126116361260736,0.0719190584093283
"SOX3",-0.180684696033277,0.0126064000073104,0.071911156547504
"TMEM150B",-0.18085090562357,0.0125237488475003,0.071570848676841
"KRT36",-0.18095937925092,0.0124700651190093,0.071307696314335
"LAMP2",-0.181258556513448,0.0123230481989988,0.0706834300259524
"HSPA2",-0.181337287372008,0.0122846135859642,0.0705496443208694
"PNN",-0.181409019932029,0.0122496871420736,0.0703923560201127
"SPANXA1",-0.181421266954472,0.0122437328208561,0.0703846837125629
"RPS6KB2",-0.181596224417938,0.012158948408706,0.0700001604442027
"KDF1",-0.181711696343826,0.0121032738208409,0.0697441351058394
"PKP4",-0.181781679329213,0.0120696408342706,0.0695717938953201
"VSIG2",-0.181793926351656,0.0120637635177608,0.0695593848279411
"SLC26A10",-0.182012623180989,0.0119592342936971,0.0691060209372173
"RDX",-0.182198078092264,0.01187121849982,0.0687250082773212
"HS1BP3",-0.182427272369405,0.01176323185277,0.0681843941906678
"PTMA",-0.182556740892371,0.0117026145553139,0.0679384611237308
"SHROOM4",-0.183120103924733,0.0114420361821648,0.0667300544517254
"SLC2A4RG",-0.183139349245715,0.0114332254041514,0.0667063160412159
"CYBA",-0.183174340738408,0.0114172211120173,0.0666732639041712
"SMTN",-0.183375541821395,0.0113255786973102,0.0662230769414418
"RPL36",-0.183459521403859,0.0112875199928297,0.0661040211307895
"CPLANE1",-0.183697463554173,0.0111802980703151,0.0655995120204853
"NPBWR2",-0.183986143368893,0.0110514181823349,0.0650887057626258
"MYC",-0.18400363911524,0.0110436495310441,0.065084000833632
"RNF13",-0.184024634010856,0.0110343335028126,0.0650496251573637
"ZNF551",-0.184054376779645,0.0110211476525027,0.0650129354258181
"MCU",-0.184138356362109,0.01098399195072,0.0649373325962795
"SCML2",-0.184365801064616,0.0108839158190607,0.0644476892316984
"MAP3K19",-0.184729712588627,0.0107254656509946,0.0636911912553181
"LIMS2",-0.184818940894995,0.0106869268518993,0.0635027190219765
"RD3",-0.185046385597502,0.0105892426735553,0.0629623356164656
"SPATA46",-0.185396300524435,0.0104404973518431,0.0622960794067165
"PKNOX2",-0.185440039890302,0.0104220344598908,0.0622057895726818
"COL9A2",-0.185553762241555,0.0103741657406492,0.0620146365058594
"TMEM161A",-0.185903677168488,0.0102280924664246,0.0612635839970964
"PLP1",-0.186003402922664,0.0101867955428913,0.0611142285766263
"ANXA2R",-0.186164363789054,0.0101204514599681,0.0608726413740305
"TAL1",-0.186174861236862,0.0101161379588662,0.0608662991365289
"CYP2A7",-0.18634282040179,0.0100473424564614,0.0605108570515552
"SLC7A10",-0.186530024887699,0.00997115149844196,0.0600950240886439
"IL2RB",-0.186708481500435,0.00989899662519066,0.0597909640918696
"SETD1A",-0.186783713209726,0.00986871692587591,0.0596466528503749
"OTOS",-0.186804708105342,0.00986028140079666,0.0596342666584451
"B3GAT3",-0.186820454277054,0.00985395893991793,0.0596153343575987
"COL1A2",-0.186839699598035,0.00984623635400348,0.059587916444384
"KRT18",-0.186918430456595,0.00981469963408333,0.0594675782492184
"OR2H2",-0.186925428755134,0.00981190069593824,0.0594675782492184
"ADIRF",-0.186944674076115,0.00980420725383906,0.0594675782492184
"USP18",-0.187191364099603,0.0097060625311003,0.0591034965213007
"OR10J5",-0.187291089853779,0.00966663423031167,0.0589210381479441
"SLC6A2",-0.187343577092819,0.00964593943600745,0.058852520387741
"SGCA",-0.187417059227475,0.00961703254863981,0.0587721531015698
"SLC5A1",-0.187572771369961,0.00955603054083978,0.0584734661541136
"CDKL2",-0.187913938423721,0.0094235695690605,0.0578168808382963
"OR4F15",-0.188108141208169,0.00934889657349055,0.057472018566988
"TNFRSF18",-0.188146631850131,0.00933415885691305,0.0574003130759658
"PHLDB1",-0.188186872066729,0.0093187732329085,0.0573599180466825
"PDE4D",-0.188218364410153,0.00930674797112578,0.0573072288522074
"ZFP57",-0.188409068045331,0.009234221312463,0.0569357270490456
"MRGPRX3",-0.188489548478526,0.00920376417028217,0.0567789120702072
"RPL12",-0.188517541672681,0.00919319124840206,0.0567576990926138
"GREM1",-0.18870824530786,0.00912144894491565,0.0564120631051531
"PLEKHG3",-0.188713494031764,0.00911948141616415,0.0564120631051531
"VEZF1",-0.18918063045922,0.00894586948145066,0.055561376267234
"DBNDD2",-0.18922961854899,0.00892783372481463,0.0555232176638822
"TRMT10A",-0.189303100683646,0.0089008404940501,0.0553737831668487
"HLA-A",-0.189327594728532,0.00889185883393194,0.055354785194171
"CIR1",-0.189359087071956,0.00888032278591523,0.0553014032510013
"SEPTIN4",-0.189513049639806,0.00882411502267847,0.0550431436751981
"FBXL8",-0.189656514759849,0.00877202362151551,0.0547730903227762
"MIGA2",-0.189686257528638,0.00876125835885276,0.0547360284223249
"CSHL1",-0.189871712439913,0.00869439754593897,0.0544339820878163
"ZNF771",-0.189985434791166,0.00865362209170908,0.0542514421566831
"XYLT1",-0.18999418266434,0.00865049255260078,0.0542514421566831
"IGF2R",-0.190041421179476,0.008633610375643,0.0541987587816836
"MPST",-0.190302107800041,0.00854097017627539,0.0537617657607412
"LMOD1",-0.190826980190441,0.00835711680196001,0.0529051006517613
"C1QA",-0.190893464026559,0.0083340811064192,0.0528142070094878
"MUC22",-0.190916208496809,0.00832621341941193,0.0527835579840249
"TAS1R3",-0.190954699138772,0.00831291388715035,0.0527171408340984
"CR2",-0.191057924042217,0.0082773399907387,0.0525424955414791
"GTPBP2",-0.191210137035433,0.00822513007671624,0.0523203437713735
"RHPN2",-0.191395591946708,0.00816191320854375,0.0520245362057212
"PIGN",-0.191435832163305,0.00814825343227721,0.0519552001028369
"PTGER3",-0.191472573230633,0.00813579919368024,0.0519112353061743
"CERS2",-0.191656278567273,0.00807378118644458,0.0515683780567849
"EBF1",-0.192070927755689,0.00793533857042838,0.0508406117122883
"CMTM5",-0.192104169673748,0.00792433165281056,0.0508049495186714
"TMPRSS11A",-0.192111167972287,0.0079220161361533,0.0508049495186714
"ARHGEF35",-0.192132162867903,0.00791507319253774,0.0507915884845137
"LSR",-0.19214615946498,0.00791044756743283,0.0507856716292113
"CCL5",-0.192357857995775,0.00784077728588156,0.0504598058549704
"VAMP3",-0.192384101615295,0.00783217857466542,0.05042184317837
"NEUROG2",-0.192438338428969,0.00781443445610556,0.0503770721098473
"NAP1L1",-0.192504822265087,0.00779273234576827,0.0502718719480374
"TRIM22",-0.192553810354857,0.00777677561128725,0.0502036160789494
"TTC34",-0.192800500378346,0.00769686257805735,0.0497737553697365
"CDKN1C",-0.192817996124692,0.00769122281013221,0.0497618071951384
"CCDC198",-0.19296321081937,0.00764455435251254,0.0495384098152409
"CHAMP1",-0.193033193804756,0.00762215357252673,0.0494103922667509
"HMOX1",-0.193395355754132,0.00750715957810356,0.0488246252277493
"PGAP3",-0.193425098522922,0.00749778455696496,0.0488244854901944
"HHIP",-0.193635047479082,0.0074319036313241,0.0484702024015492
"PYCR2",-0.193713778337642,0.00740733138183146,0.0483703919185609
"CSRNP1",-0.193871240054762,0.00735840364937878,0.0481181885699573
"SORT1",-0.194047947092863,0.00730383852178246,0.0478787252484413
"MRGPRX4",-0.194369868825642,0.00720535774240847,0.0474162301611066
"WSB1",-0.194396112445162,0.00719738177703125,0.0473971445937361
"SPARC",-0.194705787155498,0.0071038573175004,0.0468970092830108
"SLC16A3",-0.194733780349652,0.0070954567069201,0.0468581150843139
"CILP2",-0.194758274394538,0.00708811343161022,0.0468261784396012
"FN1",-0.194768771842346,0.00708496838620764,0.0468219637582498
"DRAM1",-0.194786267588692,0.00707972940576751,0.0468039031441111
"OR4X1",-0.195181671456127,0.00696224496382203,0.0461122424239137
"MCAM",-0.195428361479615,0.00688983009397502,0.0457265340565308
"CLMN",-0.19579752172753,0.00678271816500131,0.0452245785253711
"TRIM45",-0.195946235571477,0.00673998998487643,0.045036154904312
"COL1A1",-0.196023216855402,0.00671796627549626,0.0449050601865312
"ISG20",-0.196143937505194,0.00668355829600934,0.0447551576680783
"ENPP2",-0.196152685378367,0.00668107108162697,0.0447545493258484
"ACTN4",-0.196313646244757,0.00663545342103278,0.0445128333660949
"TNFRSF13C",-0.19632239411793,0.00663298217862752,0.0445128333660949
"TUBA3D",-0.196654813298517,0.00653968113846879,0.0439967885237908
"APOD",-0.196724796283903,0.00652018866523551,0.0438814571214192
"FOXO6",-0.197027472695701,0.00643647934460236,0.0435219725705263
"OLIG1",-0.19708695823328,0.00642014103075121,0.0434429543080832
"ADGRD2",-0.197176186539648,0.00639570296059942,0.0433089733474093
"TPX2",-0.197260166122112,0.00637277830801045,0.0432007287406182
"PTK6",-0.19729690718944,0.00636277185850972,0.0431928427679324
"SERTAD3",-0.197347644853845,0.00634897648704968,0.0431333157046707
"HNRNPUL1",-0.197561092959274,0.00629123278503838,0.0428501325650535
"TM6SF2",-0.198201437275562,0.00612080491779135,0.0419186478344963
"KLK14",-0.198374645164394,0.00607542001487456,0.0416995752288854
"PERCC1",-0.198409636657088,0.00606628794124068,0.0416522035259599
"PPP1R14A",-0.198485829970158,0.00604644544355278,0.0415465103398792
"REXO5",-0.198593341993728,0.00601854549071261,0.0414004992944931
"PGLYRP3",-0.198731558389866,0.00598284664645958,0.0412460848908376
"FOXA2",-0.198817287546965,0.00596079954169751,0.0411244522499973
"SLC12A2",-0.199209192265131,0.00586093486123167,0.0406456811987979
"HMGB1",-0.199210941839765,0.00586049241154088,0.0406456811987979
"ZNF85",-0.199252931630997,0.0058498825751309,0.0406142776851839
"HOXD9",-0.199392897601771,0.00581464039412845,0.0404177258477994
"LIN28A",-0.199394647176405,0.00581420107104796,0.0404177258477994
"LHX4",-0.199503120803755,0.00578702094786847,0.0403277623964148
"CHURC1",-0.199693824438933,0.00573951194874926,0.0400894673205809
"GRM4",-0.199795299767744,0.00571437441784762,0.0399856338058157
"ERBB3",-0.199928267439979,0.00568158469230468,0.0397860051419131
"CLDN5",-0.199937015313152,0.00567943338729992,0.0397858581925031
"OR2M5",-0.200106724052715,0.00563784204289291,0.0395271470680987
"PREX1",-0.200638594741653,0.00550925385990134,0.0388267264481198
"PRR9",-0.200717325600213,0.00549044419799578,0.0387233896683418
"TGFBR3L",-0.20076106496608,0.00548001924978711,0.0386790776678095
"PLCL1",-0.200986760093952,0.00542650767747785,0.0383738952611042
"SMC1A",-0.201212455221824,0.00537346454073405,0.0380564367700982
"RTEL1",-0.201399659707734,0.00532982040348233,0.0378334191772847
"KDM1A",-0.201555371850219,0.00529376049183777,0.0376203466307314
"FAM184B",-0.201742576336128,0.00525069704629013,0.0373711958980619
"DLL1",-0.201903537202518,0.00521392181535526,0.0371519282043399
"MYDGF",-0.202010261255232,0.00518966568257991,0.0370045205056588
"SLC25A52",-0.20236542490607,0.00510967115025617,0.0365345399702083
"ERMP1",-0.202570125138326,0.0050640698030212,0.0362918525100629
"SLC5A10",-0.202697844086656,0.00503580290053585,0.0361169949963162
"PLOD3",-0.203369680746369,0.00488942825248661,0.0352839884248222
"C1orf116",-0.203425667134678,0.00487740442812992,0.0352108253188072
"CPSF2",-0.203530641612758,0.0048549312540938,0.035089278677034
"MYLK4",-0.203773832486977,0.00480322503038943,0.0348369051136128
"C5orf15",-0.203777331636246,0.00480248467719388,0.0348369051136128
"MIDN",-0.203815822278209,0.00479434755022886,0.0348266179883602
"PAQR6",-0.203915548032385,0.004773322537501,0.0347279204169726
"GPR52",-0.204090505495851,0.0047366364638079,0.0345687466190216
"PRRG1",-0.204415926377899,0.00466907310422587,0.0342093406412406
"GPR157",-0.204419425527169,0.00466835134419334,0.0342093406412406
"SERPINB1",-0.204470163191574,0.00465789707839985,0.0341810946311181
"DCN",-0.204475411915478,0.00465681680364376,0.0341810946311181
"PNPLA5",-0.204666115550657,0.0046177191189761,0.0339422259484485
"HBM",-0.204737848110678,0.00460308913826649,0.033858721050124
"STBD1",-0.204946047492203,0.00456086203722388,0.0336807668672175
"PCED1B",-0.204977539835627,0.00455450514025948,0.0336471273732144
"JAG1",-0.205000284305878,0.00454991900037185,0.0336265481800335
"HOXD1",-0.205052771544918,0.00453935143367243,0.0335747395316252
"PEX6",-0.205309959016214,0.0044878884873624,0.0332731488282309
"PNMA5",-0.205442926688449,0.00446148796152175,0.033130317761185
"SDR42E2",-0.205614385002646,0.00442765127203504,0.0329314277803769
"CTAG1B",-0.20578059459294,0.0043950707997785,0.0327282066414128
"SLC16A11",-0.205817335660268,0.00438789795675262,0.0326878269805792
"RAG2",-0.205862824600769,0.0043790318779322,0.0326554449918013
"C11orf21",-0.206366702095553,0.00428189498049298,0.032103039203407
"TFEB",-0.206441933804844,0.00426755940279172,0.0320470202680089
"JARID2",-0.206797097455681,0.00420046349465415,0.0316420868170305
"CCL3",-0.207384954532929,0.00409149173085615,0.0309864961741563
"ZNF845",-0.207729620735959,0.00402879054068095,0.0305860537145355
"PPP1R2",-0.207736619034497,0.00402752643226406,0.0305860537145355
"NRG1",-0.20785384053502,0.00400640564636082,0.0304656481479783
"ZNF541",-0.20814252034974,0.00395481644978112,0.0301101312744037
"CNTN2",-0.208445196761537,0.0039013693017411,0.0297882146685678
"POLR2L",-0.208471440381057,0.00389676595767866,0.0297652355932952
"FGD3",-0.208599159329388,0.00387443280722721,0.0296310020916361
"VWF",-0.208690137210391,0.003858594674692,0.0295363902373589
"TNNI1",-0.208721629553815,0.00385312585330759,0.029528509822065
"P2RY4",-0.208781115091393,0.00384281491240351,0.029497908468577
"TICRR",-0.208863345099223,0.00382860250007572,0.0294129906587471
"TIE1",-0.209089040227095,0.00378983710697633,0.0291511523104983
"ARPC5",-0.209309486631063,0.0037523151833275,0.0288982426242575
"KIR3DL1",-0.209347977273025,0.00374579819078187,0.028883784893081
"TAGLN2",-0.209403963661335,0.00373633714626213,0.0288227313273819
"REG3A",-0.209606914318956,0.00370222121673868,0.0285995137199902
"IRX6",-0.210156280754242,0.00361127785407847,0.0279967726038894
"DHX16",-0.210270003105495,0.00359270571076633,0.0278991151161214
"CLDN25",-0.21042571524798,0.00356741594682539,0.0277142513406451
"GYPC",-0.210443210994327,0.00356458446276539,0.027703778371455
"ADGRG6",-0.210735389958316,0.0035175974574984,0.0273956005488908
"CYBC1",-0.210854361033474,0.00349862572402964,0.0273047781119839
"ORM2",-0.211130793825751,0.00345490049585026,0.0270086737800332
"OR2F1",-0.211284756393602,0.0034307617075055,0.0268649499578083
"SETD7",-0.211331994908738,0.00342338607922377,0.026818438932711
"CARF",-0.211569937059052,0.00338645202179564,0.0265891016822837
"INHBE",-0.211723899626903,0.00336274568447906,0.0264655029091154
"HPS6",-0.21244997310029,0.00325295665415303,0.0257050850573584
"H2AC6",-0.21247621671981,0.00324904974406777,0.0256897768925528
"ZDHHC20",-0.212530453533485,0.00324098889915877,0.0256498134219082
"MAGEA4",-0.212803387176493,0.00320069833858254,0.0254692126848605
"AVPR1B",-0.212806886325762,0.00320018474580753,0.0254692126848605
"PRKX",-0.212932855699458,0.00318174495161863,0.0253507972339716
"COL4A2",-0.213406990425453,0.00311319770531358,0.0249423123478734
"MRPL43",-0.213464726388397,0.00310494249717248,0.0249088943630555
"OR5D16",-0.213690421516269,0.00307286176823916,0.0247899638806196
"DEFA4",-0.213706167687981,0.00307063480691385,0.0247827033940895
"ROMO1",-0.213744658329943,0.00306519726873153,0.0247495132688414
"PHF6",-0.213937111539757,0.00303814001577842,0.0245881518437105
"GLE1",-0.214003595375874,0.00302884330424323,0.0245408579392827
"ALG6",-0.214322017959384,0.00298467282620874,0.024235543348815
"P2RY8",-0.21468068075949,0.00293561912718727,0.0239099968684472
"CD274",-0.214915123760536,0.00290395042026532,0.0236830471829149
"IFI16",-0.21499560419373,0.00289315059888458,0.0236052776691867
"CD79B",-0.215081333350829,0.0028816864557079,0.0235323026877135
"MC3R",-0.215167062507928,0.00287026346303347,0.0234671452316301
"FAM83E",-0.215286033583085,0.00285447908240766,0.0233611969075571
"ELAPOR2",-0.215315776351874,0.00285054529049505,0.0233392300943821
"FAM124B",-0.215371762740184,0.00284315382265635,0.0232991403211628
"RNF121",-0.215403255083608,0.00283900375463299,0.0232753442148928
"SP7",-0.21544524487484,0.00283347886554528,0.0232402508971997
"OR5V1",-0.215462740621186,0.0028311797040534,0.0232402508971997
"PF4",-0.215803907674947,0.00278668248994587,0.0229269084503212
"OSBPL9",-0.215854645339352,0.00278011935160532,0.0229031799782007
"NCF1",-0.215882638533507,0.00277650430770916,0.0228935957840071
"RNF151",-0.215893135981315,0.00277514976466123,0.0228935957840071
"ATP10A",-0.216015606205741,0.00275939094395118,0.0227927400571571
"APOC3",-0.216138076430168,0.0027437132539523,0.0226933519622733
"TMEM209",-0.216299037296557,0.00272323105747988,0.0225639144762619
"IFNA14",-0.216437253692696,0.00270575378215097,0.0224489816239233
"CBX4",-0.216785419044995,0.00266217845771679,0.022176112790508
"PRELID3B",-0.216837906284035,0.00265566478736867,0.0221317249303424
"LAYN",-0.21686240032892,0.00265263002243026,0.0221261805711959
"DEGS2",-0.217186071636333,0.00261282201309403,0.0218624838335771
"SSH2",-0.217445008682264,0.00258136654410091,0.0216477779872603
"STRBP",-0.21759722167548,0.00256303652838888,0.0215230531493664
"SCML1",-0.217800172333102,0.00253878018415639,0.021348157910538
"OR2T29",-0.218365284940099,0.00247233221508874,0.0208774272039297
"C2orf66",-0.2184107738806,0.00246705272322171,0.0208577078582565
"KRTAP19-1",-0.218438767074755,0.00246380889352532,0.0208397168910683
"SP140L",-0.218482506440622,0.00245874815950988,0.0208063346746744
"ISOC1",-0.218690705822147,0.00243478817450453,0.0206597473634923
"CD164L2",-0.21872919646411,0.00243038188398798,0.0206411150820189
"CEBPZOS",-0.218818424770478,0.00242019513205384,0.0205639509946486
"NFE2L3",-0.218872661584152,0.00241402214366298,0.0205395341936445
"ZNF805",-0.218926898397827,0.00240786345442822,0.0204964712283051
"RRAS",-0.219019625853464,0.00239736712046182,0.0204350654229781
"KRTAP12-2",-0.219061615644696,0.00239262774486584,0.0204133009424918
"IFNGR1",-0.219133348204718,0.002384550990129,0.0203553692154935
"TAS2R8",-0.219285561197934,0.00236749446478361,0.0202636693970205
"SS18",-0.219320552690627,0.00236358912226455,0.0202488029575287
"TMEM87A",-0.219369540780398,0.00235813147221199,0.020211318666834
"CCDC112",-0.219754447200024,0.0023156466142448,0.0198928317238436
"SYT2",-0.219899661894702,0.0022997997493602,0.0197839982123681
"TMEM165",-0.219995888499609,0.00228935316319014,0.0197213836142707
"MAL",-0.220044876589379,0.00228405148111666,0.0196938806377353
"MDFIC",-0.220104362126958,0.00227762872434969,0.0196748353635313
"B9D2",-0.220123607447939,0.00227555429023998,0.0196725295051712
"MUC5AC",-0.220235580224558,0.00226351887356153,0.0195891929947336
"MS4A13",-0.220464774501699,0.00223906409525692,0.0194225550594604
"CYS1",-0.220494517270489,0.00223590824094643,0.0194132135322713
"KCNH3",-0.220741207293977,0.00220988864152879,0.019240969822467
"IFITM1",-0.221393798632707,0.00214237855514335,0.0187659299985507
"S1PR2",-0.221449785021017,0.00213667508109871,0.018734527612488
"RAD51C",-0.221518018431769,0.00212974264649841,0.0186912940159795
"OR6C74",-0.221759459731353,0.00210537645671026,0.0185296940176819
"CCNO",-0.2223018278681,0.00205156296920427,0.0181704117541029
"MALL",-0.222574761511108,0.0020249588351368,0.0180172135326416
"NPFF",-0.222999908147332,0.00198414285663606,0.0177215934914084
"PRXL2B",-0.223342824775726,0.00195176865947647,0.0175275747309069
"MRPL10",-0.223577267776772,0.00192991294808374,0.0173617794886378
"TMEM41B",-0.223669995232409,0.00192133022125659,0.0173095818679151
"DPH5",-0.223867697166126,0.00190314717827515,0.0171706167639936
"OR1K1",-0.223962174196398,0.00189451341625374,0.0171175290575495
"TMEM42",-0.224084644420825,0.00188337461641856,0.0170333677173041
"FIBCD1",-0.224752981931268,0.00182363308731119,0.0166218504336865
"OR2A4",-0.224826464065924,0.00181717116798516,0.0165805361979551
"KLK2",-0.224927939394735,0.00180828187888255,0.0165429196792418
"JAK3",-0.225008419827929,0.00180125996184052,0.0164984458299822
"CTNNA1",-0.225078402813316,0.00179517416434625,0.0164588476648652
"CHRNB4",-0.225416070717807,0.00176607280163266,0.0162478697750205
"FEN1",-0.225942692682841,0.00172154454928076,0.01592450024882
"SERPINH1",-0.225977684175535,0.00171862246395295,0.0159132340787235
"MRGPRG",-0.226306604206852,0.00169137521423025,0.0156687120540497
"RPS26",-0.226378336766874,0.00168548560014997,0.0156309869393264
"MAP4K4",-0.226465815498607,0.00167832847367905,0.0155942599872786
"OR2B11",-0.226495558267396,0.00167590137570518,0.0155872181736404
"DEPP1",-0.226656519133786,0.00166282197582008,0.015480988644275
"FKBP6",-0.226882214261658,0.0016446392552575,0.0153576413655946
"RAET1L",-0.227155147904666,0.00162289337408293,0.015230731987122
"SMARCB1",-0.227386091756442,0.00160469839748101,0.0150979079452672
"ZNF346",-0.227541803898927,0.00159253591206922,0.0150340453219242
"H3-3A",-0.22781648711657,0.00157128578194871,0.014865923639146
"ZNF852",-0.228085921610308,0.0015506936215092,0.0147233116803791
"IGHG3",-0.228091170334213,0.00155029493490166,0.0147233116803791
"CBX2",-0.228171650767407,0.00154419345428036,0.0146839903014969
"SPDYE16",-0.228259129499141,0.00153758629831707,0.0146286101412989
"FLNA",-0.228470828029935,0.00152170372408564,0.0144996626280732
"HAGHL",-0.228979954248623,0.00148411868545097,0.0141983237834371
"HCN4",-0.229315872578479,0.00145978698227682,0.0139881896772714
"ALOX15",-0.229377107690693,0.00145539101471867,0.0139532251493254
"CHMP6",-0.229441841952175,0.00145075701156544,0.0139159414216724
"HES4",-0.229531070258543,0.00144439171271759,0.0138691309134775
"RRP8",-0.230409356725146,0.0013830861103213,0.0133629157766997
"RUVBL2",-0.230740026331098,0.00136062853421026,0.0131937167730586
"LMNA",-0.230771518674522,0.00135850721355072,0.0131799899845575
"SFTPC",-0.230930729966277,0.00134782900868467,0.0131036202843285
"CSK",-0.231058448914608,0.00133931855875045,0.013034452007933
"ABHD12",-0.231116184877552,0.00133548753372452,0.0130107277933433
"IL2RA",-0.231593818752816,0.00130417710177248,0.0127389181760998
"EPB42",-0.231609564924528,0.00130315642694864,0.0127356093300329
"TMEM205",-0.231810766007514,0.00129017868537531,0.0126286043648162
"NKAPD1",-0.232066203904176,0.00127387309531988,0.0125215020674706
"BOK",-0.232160680934448,0.00126789022269253,0.0124758260268734
"PROX1",-0.232185174979333,0.00126634331383311,0.0124682605348208
"VSIG8",-0.232246410091546,0.00126248360057885,0.01244886152292
"SLC30A3",-0.23233388882328,0.00125698841232576,0.0124143392853495
"SEMA6A",-0.232353134144261,0.00125578241464307,0.0124089906750656
"NPPB",-0.232421367555013,0.00125151513911455,0.0123733704277943
"HBZ",-0.232657560130693,0.00123684615545871,0.0122607955410546
"SNORC",-0.232734541414619,0.00123209929392653,0.0122202264542601
"CNN1",-0.233030219527877,0.00121402177667142,0.0120781835149055
"GALNT2",-0.233031969102512,0.00121391553618957,0.0120781835149055
"KRTAP21-1",-0.233164936774747,0.00120586614107872,0.0120174792160012
"PRPF39",-0.233257664230384,0.00120028172630365,0.011971357792992
"PDCD5",-0.233535846597296,0.00118367037371224,0.0118215122456951
"IZUMO1R",-0.234016979621829,0.00115543661259069,0.0115704740894068
"TP53INP2",-0.234608335848347,0.00112158095943018,0.0113265017741593
"SLC66A1",-0.235155952708998,0.00109104324120002,0.0110609446923213
"GLIPR1L1",-0.235766554256496,0.00105789389552325,0.0107668808680066
"CD74",-0.235869779159942,0.00105238206620558,0.0107341821236785
"GAB2",-0.235974753638022,0.00104680385800499,0.0106831195913121
"DIRC1",-0.23609022556391,0.00104069918342678,0.0106440843097911
"MOG",-0.236123467481968,0.00103894784479934,0.0106319944928616
"TBC1D3C",-0.236137464079046,0.00103821124875466,0.0106319944928616
"ZBTB7B",-0.2361654572732,0.00103673949461252,0.0106268643256769
"VN1R4",-0.236228441960048,0.00103343504754483,0.0105988099659238
"USP17L3",-0.23637540622936,0.00102576223732312,0.010525898650685
"GPX3",-0.236608099655771,0.00101372051927457,0.0104252447235528
"FDPS",-0.236853040104625,0.00100118536123463,0.0103398504738837
"TSPAN15",-0.236881033298779,0.000999761871904873,0.0103329013390677
"POLD1",-0.237103229277382,0.000988528681602009,0.0102508393434754
"OR10T2",-0.237159215665691,0.000985716615011133,0.0102310004215768
"EFHD1",-0.237300931211099,0.000978631376882363,0.0101707955451614
"CEP295NL",-0.237416403136987,0.00097289284075337,0.0101224215564958
"SH3PXD2B",-0.237484636547739,0.000969516433748259,0.0100929146692768
"OR4F21",-0.237885289139078,0.000949907089628873,0.00993307099994895
"EBPL",-0.238371670887515,0.000926591825428527,0.00973286216631225
"SLC44A1",-0.238515136007558,0.000919815801195569,0.00969500821637761
"ERICH4",-0.238747829433969,0.000908922205659676,0.00960669559303911
"H3-4",-0.238812563695452,0.000905912814055284,0.009580310144562
"FSCN2",-0.239036509248689,0.000895572465047571,0.00950324508933434
"STRIT1",-0.23911174095798,0.00089212317950705,0.00947202529873431
"BTBD6",-0.239368928429276,0.000880423486883042,0.00936911056468814
"MYL12B",-0.239617368027398,0.000869255886643272,0.00927140087889763
"C8orf74",-0.239822068259654,0.000860152473080895,0.00920057708319518
"CCL24",-0.240012771894833,0.000851750504243426,0.00911592688667634
"BCAS1",-0.240261211492956,0.000840918064616026,0.009041442587662
"MYBPHL",-0.240401177463729,0.000834871246659714,0.00898159873422627
"PRLH",-0.240535894710598,0.000829088995848331,0.00894515660685352
"RBPJ",-0.24087006346582,0.000814904729566264,0.0088073846813539
"PIP4K2A",-0.240910303682417,0.00081321182766117,0.00879927236002319
"SSTR5",-0.240936547301937,0.000812109505767378,0.00879323408373937
"FBXO24",-0.240976787518535,0.000810421949784454,0.00878435306684531
"ANP32B",-0.241305707549852,0.000796748554938526,0.00867642916153464
"MAN2A1",-0.241426428199644,0.000791783637559877,0.00863747150412866
"RELA",-0.242107012732529,0.000764321986089501,0.00837212751449121
"ARHGEF37",-0.2425496551151,0.000746935034426792,0.00819609794533182
"GJB1",-0.242574149159985,0.000745983633265464,0.00819419975645887
"COL6A2",-0.243009793244018,0.000729247705043665,0.00805406868089621
"RAD23B",-0.243338713275335,0.000716841725452564,0.00794053147363706
"CPTP",-0.243482178395378,0.000711491773841943,0.0078953181035485
"MYLK",-0.24365188713494,0.00070521069736738,0.00784641371914101
"PRIMA1",-0.243749863314482,0.000701607821104739,0.00781815493254899
"PHETA2",-0.24470513106501,0.000667358382451485,0.0074908232352279
"HK3",-0.244829350864071,0.00066301980761365,0.00745039586461645
"ACSF2",-0.244981563857287,0.000657738999389914,0.00739995997144942
"CLEC4E",-0.245420707090589,0.000642720224788063,0.00726600660904471
"PRODH2",-0.245462696881821,0.000641300866224745,0.00725874847128081
"GH1",-0.245823109256562,0.00062923645095533,0.00714384191978222
"FRMD8",-0.245961325652701,0.000624665631295795,0.00710058145470497
"PLEKHH1",-0.246104790772743,0.000619953662439379,0.00706853150165925
"CYSRT1",-0.246375974841117,0.000611136388643653,0.00698505703446075
"PCSK6",-0.24638472271429,0.000610853897361304,0.00698505703446075
"SHFL",-0.246431961229426,0.000609330526228076,0.00697722679818243
"CYP2D7",-0.246461703998215,0.000608373166641871,0.00697053819644392
"MALRD1",-0.246584174222642,0.000604445709954555,0.00692979010381293
"DNAJC14",-0.247084552568157,0.000588641201807363,0.00678190196480833
"KRTAP5-1",-0.24740822387557,0.000578622201950511,0.00667883080570318
"PLPP4",-0.247500951331208,0.00057578105523382,0.00666147521160001
"IFI30",-0.248048568191858,0.000559263290785472,0.00649673267939178
"PXK",-0.248192033311901,0.000555008917619422,0.00647025377369559
"TM4SF1",-0.248321501834866,0.000551195294503827,0.00643382707509592
"TBXA2R",-0.248345995879752,0.000550476527736699,0.0064294556798065
"ZEB2",-0.248452719932466,0.000547354854901823,0.00639699578857725
"PHETA1",-0.248505207171506,0.000545825614390835,0.0063831178299081
"TAGLN",-0.248662668888626,0.000541261550560196,0.00635318010329423
"CCL18",-0.248946099979442,0.000533135006721916,0.00627004369366405
"PLLP",-0.249203287450739,0.000525858668496985,0.00618836577999351
"TPM2",-0.249271520861491,0.000523943680129116,0.00616971763561877
"TTPA",-0.249752653886024,0.000510622485632795,0.00603568705169498
"LGALS3BP",-0.249959103692915,0.000505003086512885,0.00598821437696168
"LPAR1",-0.250365005008157,0.000494121174450786,0.0058778388879254
"ARL8A",-0.250419241821832,0.000492683666618319,0.00586821438632891
"ALG5",-0.250468229911603,0.000491388598404982,0.00586037946243307
"HLA-C",-0.250557458217971,0.000489037812241461,0.00585466037270611
"KLK6",-0.250818144838536,0.000482229293444779,0.00578799118533078
"APRT",-0.25156171405827,0.000463287864027247,0.00559661329144428
"SART1",-0.252128576239902,0.000449312979752855,0.00545957658416677
"CD1E",-0.252380514987294,0.000443228070391959,0.00540321634637091
"FAXDC2",-0.2526079596898,0.000437800373157974,0.00534402599287471
"COL4A1",-0.252688440122995,0.000435894592237303,0.00533025469770193
"CMC2",-0.252704186294707,0.000435522621818406,0.00533025469770193
"RNF167",-0.252935130146483,0.000430100718531342,0.00527417007176057
"MYRF",-0.253169573147528,0.000424660662292315,0.00522461299668727
"DEPTOR",-0.25321506208803,0.000423612540024679,0.00521515345913046
"CTU1",-0.253715440433545,0.000412240279307424,0.00510205398034821
"SLC17A9",-0.253816915762355,0.000409968794128726,0.00508117748046499
"KCNH8",-0.254011118546803,0.000405653942768578,0.00505740523040451
"METRN",-0.254130089621961,0.000403031436659422,0.00503142721326963
"DOK3",-0.254399524115699,0.000397150206640147,0.00497797131490697
"NKX2-4",-0.254427517309854,0.000396543752832962,0.00497370794352478
"GAGE10",-0.254570982429897,0.000393449125873351,0.00494485590498702
"OR7C1",-0.254819422028019,0.000388143028121351,0.00488803721725849
"RPL11",-0.254887655438771,0.000386697374425007,0.00488060933343453
"DLST",-0.255228822492531,0.000379543684237677,0.00480241046532714
"TTC31",-0.255324285987369,0.000377564061297065,0.00478060095510779
"SIPA1",-0.25549825698627,0.000373981031916851,0.00474166310392336
"MYOM3",-0.255982889160073,0.000364165339528447,0.0046392577633242
"TTC19",-0.25615434747427,0.000360750250588436,0.00459888851876425
"MTUS1",-0.256163095347444,0.000360576810403008,0.00459888851876425
"HAMP",-0.256185839817694,0.000360126227840968,0.00459888851876425
"ST3GAL2",-0.256444776863625,0.000355033207076495,0.00454150696942508
"CDPF1",-0.256483267505588,0.000354281866415329,0.00453500215022117
"GALNT15",-0.256607487304649,0.000351867135457125,0.00452480925416244
"PTP4A3",-0.256663473692958,0.000350783805748599,0.00451498163760223
"SLC43A3",-0.256887419246196,0.000346481358653278,0.00446575973375337
"IRF9",-0.257554007182004,0.000333962918578269,0.00434035592718703
"SLFNL1",-0.257555756756638,0.000333930621356833,0.00434035592718703
"FNTA",-0.257912669982111,0.000327402274328935,0.00427293142932717
"PLXNB2",-0.258521521954975,0.000316538448812235,0.00414854180352092
"CCDC88B",-0.258866188158004,0.000310537877186111,0.00408422915093508
"LSS",-0.258871436881908,0.000310447320064867,0.00408422915093508
"RHD",-0.258955416464372,0.000309001737632957,0.0040783861851824
"PTP4A2",-0.259233598831284,0.00030425777946945,0.00402430473751519
"CD34",-0.259597510355295,0.000298153961417347,0.00396040069945261
"TRADD",-0.259644748870431,0.000297370034739351,0.00395843390505496
"TAF2",-0.259669242915316,0.000296964308558769,0.003955852658091
"UPK3A",-0.260458301075551,0.000284166011409001,0.00381530153060712
"RPS6",-0.260572023426804,0.000282364316635545,0.00379657017817526
"WNT3",-0.261723243536415,0.000264713933924567,0.00358246190577914
"KDM4B",-0.261810722268148,0.000263415564422683,0.00357006464525256
"ATRX",-0.261854461634015,0.000262768602882995,0.00356388266335716
"QDPR",-0.262111649105311,0.000258994263315286,0.00351780135394639
"CD44",-0.26219737826241,0.000257747397632375,0.00350596533006718
"ELOA2",-0.262807979809909,0.000249026872718537,0.00340719844314388
"COX6A2",-0.263047671534858,0.000245679283775874,0.00336632890960984
"OR52M1",-0.263150896438303,0.000244250561167328,0.00335167044846511
"WASF2",-0.263332852200309,0.000241750944326561,0.00331980929135504
"SIGLEC15",-0.263684516701877,0.000236987283744793,0.00326158770170799
"MYO7A",-0.263960949494154,0.000233304203888909,0.00322515863199797
"OR4N5",-0.264106164188832,0.000231390836650646,0.00320107797428701
"DAND5",-0.264739510206581,0.000223215342373021,0.00310176319505844
"DND1",-0.265371106649696,0.000215330960371775,0.00301237529281144
"FOXE3",-0.265902977338634,0.000208893490785504,0.0029377220134865
"HLA-DMB",-0.266266888862645,0.000204592708752796,0.00288375353106961
"TTC33",-0.266964969141877,0.000196572663107143,0.00277909996683497
"SSTR4",-0.267164420650229,0.0001943356276855,0.00275163925902532
"HNRNPCL3",-0.267470596211296,0.000190947712183981,0.00271395698078236
"DCAF4",-0.267914988168502,0.000186128247712499,0.00265353523227377
"EVI2A",-0.268212415856395,0.000182966244936797,0.00261628968904648
"LCE1D",-0.268471352902326,0.000180254305141111,0.00259155458261385
"SPP1",-0.268672553985312,0.000178172988241999,0.0025636045673402
"CACNG1",-0.268842262724875,0.000176434892840055,0.00254251393416734
"OR10G3",-0.26965756450463,0.000168303184341759,0.00243095921946379
"SPATA2L",-0.269767787706614,0.000167231066969496,0.00241734319405751
"TMEM106C",-0.270150944551606,0.000163553563314561,0.00237778800508772
"TRIM72",-0.270336399462881,0.000161800820914261,0.00235709214617374
"ANKRD2",-0.270572592038561,0.000159593934693173,0.00232857525338258
"CASP5",-0.27083852738303,0.000157142787070367,0.00229890040119752
"AMH",-0.270933004413302,0.000156280478436695,0.00229166934026659
"SPAG11A",-0.270973244629899,0.000155914542070069,0.00228919810353822
"PSEN1",-0.270997738674785,0.000155692190034421,0.00228773197567494
"TMEM250",-0.271550604259339,0.000150751460720046,0.00222740053829713
"SLC6A20",-0.272014241537526,0.000146721412490812,0.00217129088722536
"MOBP",-0.272103469843894,0.000145957458006591,0.00216341387756437
"SLC50A1",-0.272974758011958,0.000138690469101901,0.00206553684286053
"RSF1",-0.273690334037537,0.000132976536341007,0.00200163379474604
"DIABLO",-0.275194968223351,0.000121672133846702,0.00185497858916
"ZNF417",-0.275403167604876,0.000120180668009548,0.00183824255179879
"CLDN11",-0.275795072323041,0.000117419482271895,0.00180191146336066
"GPR1",-0.276192225765111,0.000114681941564358,0.00176570481505025
"B4GALT7",-0.2764844047291,0.000112706229240498,0.00173958804735168
"HAPLN2",-0.276491403027639,0.000112659299684761,0.00173958804735168
"CLEC10A",-0.276529893669602,0.000112401513790289,0.00173775717843332
"PRAC2",-0.276568384311564,0.000112144279912666,0.00173521671221951
"PDZD2",-0.276575382610103,0.000112097569338911,0.00173521671221951
"CACNG6",-0.276783581991628,0.000110716228528902,0.00171738894020413
"EFNA1",-0.27701277626877,0.000109214020100701,0.00169549546084845
"JPT2",-0.277051266910732,0.000108963619312815,0.00169301543617815
"SHTN1",-0.277054766060002,0.000108940882267816,0.00169301543617815
"CCDC97",-0.278533156626295,9.97218278270028e-05,0.00156998971881005
"TBCB",-0.278758851754167,9.83804481092259e-05,0.00155050907079148
"A2M",-0.279010790501559,9.69030609825539e-05,0.0015298069035589
"USP17L15",-0.279332712234338,9.50455197330391e-05,0.0015017513760865
"RPLP2",-0.279407943943629,9.46162549795957e-05,0.00149750269321943
"SERPINA1",-0.279486674802189,9.41689696072504e-05,0.00149295388487692
"PIGM",-0.28013576699165,9.0556111323855e-05,0.00145169608161744
"ANKRD20A1",-0.280438443403448,8.89161866633567e-05,0.00142785786941088
"ERMN",-0.280924825151885,8.63391048524444e-05,0.0013898921638619
"ABCC3",-0.280982561114829,8.60378839891374e-05,0.00138640510904325
"MYOD1",-0.281524929251576,8.32559256917919e-05,0.00134622308936788
"NICN1",-0.282971827474445,7.62413173015266e-05,0.00124465283384905
"ALOX5AP",-0.283111793445219,7.55930017794934e-05,0.00123514864499897
"CGB2",-0.283125790042296,7.55284554306833e-05,0.00123514864499897
"OR7D4",-0.283571931574136,7.34979230495474e-05,0.00120619262818396
"KRTAP10-1",-0.284828126161827,6.805226026783e-05,0.00112175111452956
"OR9G4",-0.285150047894606,6.67189728989504e-05,0.00110367009553658
"KRTAP4-7",-0.285211283006819,6.64681505129172e-05,0.00110049572604543
"ST18",-0.286089569473422,6.29666512645185e-05,0.00104996890983585
"TRAF3IP2",-0.286708918894094,6.06024244523302e-05,0.00101690105936363
"TSPAN11",-0.288134822221347,5.54724970232618e-05,0.000940966716082141
"LDLRAD4",-0.288617704820515,5.3829795957921e-05,0.000919785241820798
"MKRN3",-0.289077842949433,5.23071024373081e-05,0.000899528034179711
"MTURN",-0.28954148022762,5.08138487004189e-05,0.000875460736465889
"RPS16",-0.290216816036601,4.87103240879294e-05,0.000843108445473744
"MAG",-0.29050899500059,4.78258684664616e-05,0.000830107731858398
"DIO3",-0.291859666618553,4.39300056542687e-05,0.000768919199249412
"ELOVL5",-0.292305808150393,4.27101768916526e-05,0.000748972078524416
"LIMS3",-0.292318055172836,4.2677145250406e-05,0.000748972078524416
"TMEM126B",-0.293780699567418,3.89005691582348e-05,0.000689940199049565
"ARHGEF15",-0.293988898948943,3.83893083835196e-05,0.00068216814783122
"ELOVL1",-0.294517270488612,3.7120078899304e-05,0.000663475456177786
"DOCK10",-0.294524268787151,3.71035361887088e-05,0.000663475456177786
"PDCD4",-0.295602006762106,3.46371920649075e-05,0.000628042911654576
"TCF23",-0.296046398719311,3.36659048927349e-05,0.00061400824196945
"ZIC3",-0.296144374898853,3.34552435945078e-05,0.000610762589805501
"CRYAB",-0.296698990058042,3.22859747832299e-05,0.00059406193601143
"PDCL3",-0.296791717513679,3.20942800233561e-05,0.000592871190619385
"CLRN2",-0.296980671574223,3.17069718077741e-05,0.000587459727660703
"FAM53B",-0.297524789285605,3.06161283147391e-05,0.00056950877729688
"ATP5MC1",-0.297932440175482,2.98221591310499e-05,0.000557147239187765
"RFX2",-0.298180879773605,2.93478440234368e-05,0.000549749583732904
"SUN2",-0.298308598721936,2.91067830355066e-05,0.000545781405593496
"PLPP7",-0.298432818520997,2.88741183946984e-05,0.000541962849386318
"OR2A14",-0.298548290446885,2.86594123495657e-05,0.000539559662339203
"RHBDL2",-0.298789731746469,2.82153368632346e-05,0.000533349829208269
"NXF2",-0.298796730045008,2.8202562397016e-05,0.000533349829208269
"HLA-DMA",-0.298938445590416,2.79450500027271e-05,0.00053038796123062
"PLEKHG6",-0.299039920919226,2.7762022562603e-05,0.000527450186550533
"GLDN",-0.299402082868603,2.71179796267586e-05,0.000517848044488082
"SPATA12",-0.301223390063291,2.4087215076043e-05,0.000466652311991888
"MICALL2",-0.302313375060688,2.24294267913828e-05,0.000438171521711156
"TASOR2",-0.303272141960486,2.10608275569836e-05,0.000413598333810963
"SLC31A2",-0.304516089525734,1.94024445106302e-05,0.000384670969936869
"DUOXA1",-0.305315645133777,1.84024860311009e-05,0.000367961141973092
"SNRPA1",-0.305334890454758,1.83790281031381e-05,0.000367938407646269
"ANKRD36",-0.305411871738684,1.82854786548316e-05,0.00036680945151196
"TIPIN",-0.3055640847319,1.8101828761103e-05,0.000363907162478321
"UBALD1",-0.305648064314364,1.80012522355513e-05,0.000362275201240469
"MUC5B",-0.306094205846204,1.74757347973795e-05,0.000352839808730659
"USP17L11",-0.306192182025745,1.73622853090351e-05,0.000351308819535797
"HLA-DPA1",-0.306451119071676,1.70657961873035e-05,0.000347948482089606
"AURKAIP1",-0.306998735932326,1.64544513983266e-05,0.000338439795501265
"CHRFAM7A",-0.307185940418236,1.62502531981532e-05,0.000334977625528376
"PRR5",-0.307236678082641,1.61953238286297e-05,0.000334214218589489
"AGTPBP1",-0.307250674679718,1.61802018210766e-05,0.000334214218589489
"KRTAP9-2",-0.3072699200007,1.61594308579704e-05,0.000334214218589489
"TRAF3IP3",-0.307406386822204,1.60128674318462e-05,0.000332732150233017
"PTBP1",-0.308060727735569,1.53274083072146e-05,0.000321273487705433
"GPR141",-0.308191945833169,1.5193332685691e-05,0.000318820990155016
"SRGN",-0.309082479322215,1.43122926537026e-05,0.000303057117460942
"R3HDM4",-0.309124469113447,1.42719676105692e-05,0.000302546273660601
"TMEM144",-0.309297677002279,1.41067601483823e-05,0.00029972451937564
"ELN",-0.310692087986108,1.28411371772715e-05,0.000278214707566964
"SLC35G6",-0.310744575225148,1.27956632071201e-05,0.000277874193088575
"CD22",-0.311192466331623,1.24137705546651e-05,0.000270840629531455
"SEMA3B",-0.311376171668263,1.22602764744372e-05,0.000269063364790351
"DYNC1LI2",-0.311594868497596,1.2079887881211e-05,0.000265416454199408
"ADAMTS1",-0.312021764708455,1.17349841084908e-05,0.000259671283424378
"ADAMTS4",-0.312527391777874,1.13385320957384e-05,0.000251793609298467
"NXNL1",-0.312551885822759,1.13196526003166e-05,0.000251673609480371
"CFL2",-0.313874564246568,1.03432322810975e-05,0.000232175728463673
"FAM3A",-0.314427429831122,9.95922057016983e-06,0.000224364780902885
"CXCR4",-0.31480533795221,9.70454661196561e-06,0.000219421443734951
"KRTAP10-3",-0.314866573064424,9.66386549059951e-06,0.000218766487154468
"TDGF1",-0.315020535632274,9.56229424012815e-06,0.000216729863141545
"MBP",-0.31520249139428,9.44355969620867e-06,0.000214820853698408
"ZG16",-0.315302217148456,9.37907812260512e-06,0.000213614223192406
"FES",-0.315736111657853,9.10335247802886e-06,0.000208095729350878
"CTAGE9",-0.316848841125501,8.43093711730371e-06,0.000194150655490461
"GJC2",-0.3171970064778,8.23040414462944e-06,0.000190945376155403
"PLIN5",-0.317436698202749,8.09498635710984e-06,0.000188506191029156
"EBI3",-0.318720885984595,7.40471525326262e-06,0.000175273082471398
"LYPLA2",-0.318766374925096,7.38131902381637e-06,0.000174941007726897
"DUSP10",-0.318887095574888,7.31956853142514e-06,0.000173918908260682
"KRTAP12-3",-0.319256255822803,7.13376351446094e-06,0.000170153470493068
"PRR22",-0.321623430303507,6.04453176927676e-06,0.000146417218317786
"CLDND1",-0.321786140744531,5.9757761901603e-06,0.000145128213429693
"DCLRE1C",-0.321796638192339,5.97136593772806e-06,0.000145128213429693
"ZFP82",-0.322202539507582,5.80318635611631e-06,0.000141304183033674
"RNASE1",-0.322536708262804,5.66811328744597e-06,0.000138920844824594
"WFDC12",-0.324937124661567,4.78200349831051e-06,0.000119396654190437
"MFSD6L",-0.325341276402175,4.64640992130849e-06,0.000117036731777493
"TEDC2",-0.325413008962196,4.62272852380731e-06,0.000116667672852196
"ITGB1",-0.326237058615124,4.35877952754787e-06,0.000110453957200114
"THEMIS2",-0.328327800303551,3.75186459253484e-06,9.78628814667327e-05
"MBD3L2",-0.329447528069738,3.46077980829695e-06,9.16183756780736e-05
"SP9",-0.330787702239893,3.14060389676882e-06,8.36717808502917e-05
"EXOSC6",-0.332885442226859,2.6953747306749e-06,7.30606944413416e-05
"SIRT6",-0.333307089713813,2.61345297646199e-06,7.09430927157036e-05
"TTYH2",-0.336367095749846,2.08611689446391e-06,5.85869460466285e-05
"RTKN",-0.338882984074497,1.73012559499088e-06,4.98639284136568e-05
"ZNF696",-0.339895987787969,1.60382301372277e-06,4.67285469645655e-05
"TMEM88B",-0.340903742777537,1.48692930778857e-06,4.38010910918917e-05
"C11orf96",-0.341524841772844,1.41898169545578e-06,4.18655642090556e-05
"H2AC19",-0.342401378664812,1.32811050610012e-06,3.93710981141679e-05
"OBSCN",-0.342504603568257,1.3177820597973e-06,3.91270234479721e-05
"NUDT8",-0.343869271783298,1.18823953601429e-06,3.56204840683834e-05
"ANLN",-0.344142205426306,1.16383258865016e-06,3.50011874808861e-05
"DRD4",-0.344572600786434,1.1263143011087e-06,3.39274933669451e-05
"IGSF6",-0.345464883850114,1.05217693862349e-06,3.22667594511205e-05
"FOLH1",-0.346549620123607,9.68315053909876e-07,2.99408144814915e-05
"PLPP2",-0.347093737834989,9.28691382184723e-07,2.88110303217307e-05
"FAM83C",-0.349910552996803,7.47117638106227e-07,2.3810868616505e-05
"CNTLN",-0.350431926237933,7.1746388660551e-07,2.29441019627474e-05
"KLF16",-0.351854330415918,6.42174740492782e-07,2.07969061999277e-05
"SLC2A5",-0.352767608375214,5.97881822563509e-07,1.95210505562869e-05
"HSPG2",-0.353285482467075,5.74079458579857e-07,1.88758943106292e-05
"ZNF669",-0.35341495099004,5.68272011290444e-07,1.87178978533692e-05
"ATP6V0B",-0.354536428330862,5.20264479919197e-07,1.72583648791668e-05
"ELOA3P",-0.354819859421678,5.08760206853597e-07,1.69067715715263e-05
"WNT8A",-0.356231766151854,4.54984891504273e-07,1.54777738319377e-05
"IGSF23",-0.360749167858564,3.17092476517162e-07,1.11525783266187e-05
"ZNF141",-0.361727180079343,2.9303333529445e-07,1.0384612087209e-05
"PAIP2B",-0.362764677837701,2.69425570282296e-07,9.62101711394294e-06
"ALDH3B2",-0.364472262681136,2.3448737219721e-07,8.48698868828507e-06
"CCDC184",-0.364528249069445,2.33418806103957e-07,8.47197053007932e-06
"RIOK2",-0.366202591994821,2.03534832195479e-07,7.54209628191025e-06
"PHAX",-0.368163865160283,1.73186772163527e-07,6.68271933249179e-06
"GPAT2",-0.3684927851916,1.68542223642559e-07,6.51696598084561e-06
"KRT12",-0.369596766786075,1.53810883788956e-07,6.009564990884e-06
"SIGIRR",-0.370321090684827,1.44825473338125e-07,5.69423271592175e-06
"HLA-B",-0.370394572819483,1.43942579507097e-07,5.67145910311084e-06
"H1-7",-0.371412825256859,1.32227342910205e-07,5.22164630929858e-06
"BAGE5",-0.373503566945286,1.1097449826482e-07,4.51538067449625e-06
"LMO1",-0.378372633153565,7.34361793002061e-08,3.1384303995667e-06
"C15orf48",-0.380304163550237,6.22244562219921e-08,2.7151961317802e-06
"PLEKHG4",-0.381749312198472,5.49318546537565e-08,2.40823313970319e-06
"CNDP1",-0.38278331080756,5.02259855624131e-08,2.237454146913e-06
"PRMT8",-0.382890034860275,4.97629565847945e-08,2.22338032817613e-06
"GZMB",-0.383400910653597,4.76027481764141e-08,2.13708876188151e-06
"TMA7",-0.384039505395251,4.50290718041214e-08,2.03131146138592e-06
"NDRG1",-0.384667602689096,4.26285402735409e-08,1.93705746508187e-06
"NAT8B",-0.384889798667699,4.18091792454146e-08,1.9091154806537e-06
"SIGLEC16",-0.387451175932851,3.33929791762643e-08,1.55911819773978e-06
"GADD45A",-0.387645378717299,3.28261421636369e-08,1.54035434936704e-06
"PRKRIP1",-0.388831590319604,2.95596637384032e-08,1.41180133473606e-06
"APMAP",-0.390381713445918,2.57598005402131e-08,1.24312670513959e-06
"CT47B1",-0.390813858380681,2.47872505584587e-08,1.19929194670926e-06
"UTF1",-0.391595918242377,2.31163552408361e-08,1.12720900908056e-06
"PDE4C",-0.395028583675594,1.6980475261387e-08,8.52897380576922e-07
"ANTKMT",-0.395586697984053,1.61444490454389e-08,8.14901973980047e-07
"MTCH2",-0.39570566905921,1.59714360794797e-08,8.0835376753486e-07
"CD99",-0.396751914690741,1.45249427328082e-08,7.47294298837263e-07
"JAM3",-0.407517047417847,5.36417121901374e-09,3.0408023156128e-07
"KRT28",-0.407915950434551,5.16624586729935e-09,2.95255377887833e-07
"ADPRS",-0.412540076193975,3.32914069116065e-09,1.98009654611835e-07
"USP17L12",-0.420049250525966,1.60760942907009e-09,1.04612242847781e-07
"PSMG3",-0.420728085484217,1.50388611443149e-09,9.88963981447974e-08
"OR4Q3",-0.422297453931513,1.28826097639534e-09,8.62349892299617e-08
"SLC36A4",-0.422978038464398,1.20434008407903e-09,8.11994780153786e-08
"NKX6-2",-0.427295988662756,7.8274393898242e-10,5.63141374925168e-08
"SAA2",-0.428707895392933,6.78979165743452e-10,4.97279015663714e-08
"ZNF461",-0.431309512874682,5.21557319419421e-10,3.94356457387737e-08
"H2AJ",-0.432857886426363,4.4530893070927e-10,3.42188938321348e-08
"BCL2L2",-0.434696689367398,3.68718305621551e-10,2.86924294824504e-08
"CCDC107",-0.437698959440486,2.70274956948016e-10,2.15711756237656e-08
"BMERB1",-0.450609070669693,6.86318727276315e-11,6.34539037159033e-09
"TM4SF4",-0.452496861700499,5.5894642027507e-11,5.2194416725286e-09
"ADAM15",-0.452666570440062,5.48691803210822e-11,5.14943121445493e-09
"SLC22A23",-0.453205439427539,5.17326364380282e-11,4.90435897521125e-09
"ATG14",-0.453971753117523,4.7570066806733e-11,4.55599265478228e-09
"ANKRD36B",-0.454601599986003,4.43938405805455e-11,4.29585164084076e-09
"HLA-DRB1",-0.457476151110761,3.23276844946213e-11,3.21144593415717e-09
"EPC1",-0.458494403548137,2.88716283138299e-11,2.89895984080154e-09
"SARDH",-0.459054267431231,2.71271230142101e-11,2.75340298594233e-09
"CYP2W1",-0.459479414067455,2.5871194258959e-11,2.64027554087606e-09
"NBPF15",-0.460620136729258,2.27739214792441e-11,2.37731567050331e-09
"SUPT7L",-0.463669645317482,1.6157863427993e-11,1.73427734127124e-09
"GALR3",-0.467329755453205,1.06543955657194e-11,1.21330177795961e-09
"MAPKBP1",-0.468083822120747,9.77240003561909e-12,1.13359840413181e-09
"KCNJ9",-0.472706198305537,5.72723054429656e-12,6.99096455197925e-10
"KANK3",-0.473229321121302,5.38843607078552e-12,6.62068631960463e-10
"TMEM30A",-0.478227855852546,2.99326741592171e-12,3.93677903237703e-10
"LIPE",-0.484529823686616,1.40700939377373e-12,1.94646721763838e-10
"ABHD16A",-0.50221452409383,1.55465311923482e-13,2.63951833225722e-11
"ZNF28",-0.50334299973319,1.34493119827984e-13,2.34747056626862e-11
"ATP5MG",-0.504950858822449,1.09302839262513e-13,1.96282675583336e-11
"MOCS3",-0.509529495641372,6.01927711254538e-14,1.1710002016031e-11
"SMAD7",-0.511623736479068,4.568175902781e-14,9.37530254509209e-12
"DUX4",-0.513488783039623,3.56746863979167e-14,7.5711413996306e-12
"TMEM255B",-0.524343144073097,8.20776970921829e-15,2.22156966796175e-12
"CCDC13",-0.525226679263604,7.26565387869429e-15,2.05595987634083e-12
"BARHL2",-0.532065766510517,2.79356294122432e-15,8.69543024838424e-13
"ADARB1",-0.535815104952608,1.63900237377235e-15,5.37017690045131e-13
"FBN3",-0.577035083345362,2.93975940957299e-18,2.1961178693274e-15
